791.00	728.00	677.00	638.00	608.00	588.00	597.00	634.00	654.00	726.00	783.00	865.00	929.00	921.00	845.00	802.00	771.00	778.00	688.00	667.00	703.00	748.00	770.00	801.00	803.00	767.00	755.00	835.00	849.00	859.00	860.00	883.00	894.00	892.00	887.00	861.00	853.00	860.00	869.00	878.00	901.00	955.00	972.00	991.00	1011.00	964.00	960.00	966.00	988.00	1013.00	1032.00	1064.00	1091.00	1126.00	1272.00	1295.00	1273.00	1204.00	1122.00	1004.00	982.00	984.00	883.00	916.00	990.00	1107.00	1201.00	1190.00	1159.00	1197.00	1281.00	1381.00	1239.00	1143.00	1066.00	1023.00	987.00	934.00	909.00	883.00	865.00	836.00	824.00	801.00	791.00	784.00	933.00	990.00	946.00	894.00	802.00	784.00	805.00	830.00	870.00	900.00	954.00	1032.00	1076.00	949.00	930.00	979.00	1009.00	1037.00	1148.00	1216.00	1269.00	1289.00	1095.00	993.00	983.00	1073.00	1167.00	1053.00	942.00	902.00	900.00	826.00	760.00	698.00	663.00	645.00	637.00	635.00	639.00	653.00	640.00	634.00	632.00	632.00	625.00	619.00	618.00	615.00	617.00	601.00	601.00	602.00	603.00	605.00	602.00	601.00	602.00	603.00	593.00	582.00	573.00	579.00	613.00	613.00	611.00	610.00	622.00	752.00	828.00	894.00	876.00	715.00	713.00	758.00	726.00	709.00	738.00	725.00	710.00	706.00	716.00	688.00	687.00	686.00	639.00	592.00	583.00	585.00	589.00	611.00	602.00	564.00	557.00	559.00	548.00	553.00	603.00	722.00	953.00	1045.00	1100.00	1028.00	818.00	652.00	611.00	648.00	708.00	853.00	915.00	889.00	824.00	853.00	708.00	758.00	857.00	970.00	1078.00	1021.00	1016.00	1083.00	1148.00	1157.00	1156.00	1091.00	1004.00	829.00	740.00	642.00	610.00	626.00	708.00	759.00	791.00	839.00	1073.00	1140.00	1146.00	1084.00	984.00	821.00	774.00	825.00	939.00	855.00	944.00	1058.00	1149.00	1106.00	909.00	858.00	889.00	883.00	768.00	692.00	709.00	720.00	722.00	838.00	932.00	979.00	942.00	750.00	655.00	557.00	534.00	545.00	708.00	801.00	871.00	856.00
791.00	728.00	677.00	638.00	608.00	588.00	597.00	634.00	654.00	726.00	783.00	865.00	929.00	921.00	845.00	802.00	771.00	778.00	688.00	667.00	703.00	748.00	770.00	801.00	803.00	767.00	755.00	835.00	849.00	859.00	860.00	883.00	894.00	892.00	887.00	861.00	853.00	860.00	869.00	878.00	901.00	955.00	972.00	991.00	1011.00	964.00	960.00	966.00	988.00	1013.00	1032.00	1064.00	1091.00	1126.00	1272.00	1295.00	1273.00	1204.00	1122.00	1004.00	982.00	984.00	883.00	916.00	990.00	1107.00	1201.00	1190.00	1159.00	1197.00	1281.00	1381.00	1239.00	1143.00	1066.00	1023.00	987.00	934.00	909.00	883.00	865.00	836.00	824.00	801.00	791.00	784.00	933.00	990.00	946.00	894.00	802.00	784.00	805.00	830.00	870.00	900.00	954.00	1032.00	1076.00	949.00	930.00	979.00	1009.00	1037.00	1148.00	1216.00	1269.00	1289.00	1095.00	993.00	983.00	1073.00	1167.00	1053.00	942.00	902.00	900.00	826.00	760.00	698.00	663.00	645.00	637.00	635.00	639.00	653.00	640.00	634.00	632.00	632.00	625.00	619.00	618.00	615.00	617.00	601.00	601.00	602.00	603.00	605.00	602.00	601.00	602.00	603.00	593.00	582.00	573.00	579.00	613.00	613.00	611.00	610.00	622.00	752.00	828.00	894.00	876.00	715.00	713.00	758.00	726.00	709.00	738.00	725.00	710.00	706.00	716.00	688.00	687.00	686.00	639.00	592.00	583.00	585.00	589.00	611.00	602.00	564.00	557.00	559.00	548.00	553.00	603.00	722.00	953.00	1045.00	1100.00	1028.00	818.00	652.00	611.00	648.00	708.00	853.00	915.00	889.00	824.00	853.00	708.00	758.00	857.00	970.00	1078.00	1021.00	1016.00	1083.00	1148.00	1157.00	1156.00	1091.00	1004.00	829.00	740.00	642.00	610.00	626.00	708.00	759.00	791.00	839.00	1073.00	1140.00	1146.00	1084.00	984.00	821.00	774.00	825.00	939.00	855.00	944.00	1058.00	1149.00	1106.00	909.00	858.00	889.00	883.00	768.00	692.00	709.00	720.00	722.00	838.00	932.00	979.00	942.00	750.00	655.00	557.00	534.00	545.00	708.00	801.00	871.00	856.00
874.00	796.00	744.00	694.00	643.00	590.00	590.00	608.00	645.00	693.00	734.00	801.00	858.00	877.00	787.00	724.00	680.00	672.00	658.00	663.00	699.00	713.00	709.00	729.00	716.00	732.00	753.00	786.00	816.00	848.00	858.00	885.00	920.00	933.00	939.00	948.00	927.00	951.00	951.00	939.00	945.00	966.00	977.00	992.00	1012.00	1010.00	1002.00	1020.00	1056.00	1090.00	1123.00	1092.00	1101.00	1135.00	1254.00	1299.00	1289.00	1198.00	1106.00	1094.00	1083.00	993.00	892.00	933.00	977.00	1054.00	1155.00	1253.00	1310.00	1354.00	1389.00	1432.00	1244.00	1163.00	1093.00	1025.00	962.00	901.00	885.00	870.00	859.00	836.00	823.00	802.00	803.00	820.00	915.00	947.00	952.00	918.00	850.00	827.00	802.00	808.00	850.00	909.00	990.00	1089.00	1124.00	1019.00	1006.00	1047.00	1020.00	998.00	1074.00	1054.00	1065.00	1104.00	1010.00	921.00	862.00	891.00	942.00	883.00	783.00	762.00	740.00	672.00	653.00	649.00	646.00	646.00	648.00	656.00	680.00	692.00	689.00	689.00	680.00	666.00	652.00	667.00	728.00	796.00	810.00	682.00	660.00	635.00	616.00	603.00	601.00	603.00	606.00	608.00	607.00	605.00	599.00	593.00	591.00	592.00	590.00	586.00	580.00	586.00	595.00	606.00	607.00	607.00	618.00	622.00	625.00	632.00	631.00	626.00	624.00	619.00	623.00	633.00	645.00	636.00	621.00	601.00	590.00	580.00	579.00	580.00	576.00	562.00	561.00	572.00	611.00	620.00	652.00	726.00	917.00	1003.00	1074.00	1100.00	886.00	682.00	639.00	635.00	685.00	805.00	884.00	960.00	952.00	909.00	866.00	845.00	809.00	898.00	1099.00	1160.00	1140.00	1110.00	1058.00	1013.00	988.00	945.00	916.00	768.00	667.00	622.00	664.00	755.00	742.00	732.00	709.00	691.00	885.00	955.00	1016.00	1061.00	1090.00	985.00	973.00	925.00	866.00	1001.00	1061.00	1137.00	1118.00	1023.00	929.00	935.00	885.00	811.00	722.00	768.00	796.00	873.00	925.00	992.00	1002.00	933.00	845.00	712.00	618.00	559.00	559.00	588.00	673.00	728.00	751.00	791.00
857.00	841.00	884.00	818.00	711.00	596.00	593.00	598.00	628.00	675.00	691.00	717.00	752.00	781.00	731.00	662.00	648.00	648.00	660.00	665.00	689.00	710.00	729.00	779.00	791.00	804.00	809.00	815.00	805.00	796.00	780.00	780.00	787.00	798.00	812.00	850.00	941.00	996.00	1033.00	1049.00	1088.00	1055.00	1038.00	1077.00	1117.00	1075.00	1074.00	1083.00	1115.00	1164.00	1225.00	1239.00	1204.00	1175.00	1268.00	1308.00	1281.00	1201.00	1186.00	1112.00	1021.00	950.00	899.00	937.00	993.00	1057.00	1149.00	1260.00	1445.00	1388.00	1312.00	1249.00	1207.00	1133.00	1049.00	976.00	938.00	899.00	886.00	875.00	862.00	835.00	825.00	817.00	834.00	853.00	900.00	926.00	940.00	906.00	858.00	911.00	877.00	866.00	845.00	946.00	1041.00	1120.00	1132.00	1084.00	1084.00	1087.00	1013.00	940.00	946.00	913.00	880.00	889.00	848.00	833.00	819.00	783.00	755.00	737.00	677.00	666.00	659.00	665.00	689.00	691.00	666.00	670.00	696.00	718.00	731.00	721.00	705.00	695.00	674.00	664.00	702.00	749.00	813.00	866.00	861.00	744.00	690.00	640.00	613.00	602.00	613.00	629.00	642.00	638.00	689.00	720.00	678.00	645.00	611.00	610.00	608.00	605.00	597.00	587.00	579.00	575.00	573.00	578.00	584.00	587.00	588.00	587.00	586.00	586.00	587.00	587.00	590.00	593.00	595.00	595.00	593.00	587.00	582.00	579.00	578.00	567.00	565.00	628.00	642.00	611.00	694.00	778.00	804.00	807.00	815.00	850.00	926.00	1030.00	923.00	724.00	684.00	661.00	663.00	734.00	777.00	846.00	911.00	924.00	1003.00	976.00	969.00	1022.00	1103.00	1063.00	1003.00	941.00	881.00	785.00	769.00	733.00	717.00	649.00	630.00	662.00	773.00	910.00	1006.00	979.00	920.00	850.00	746.00	776.00	836.00	911.00	1010.00	1135.00	1124.00	1068.00	1031.00	1023.00	1115.00	1189.00	1142.00	1050.00	899.00	831.00	780.00	773.00	814.00	873.00	942.00	976.00	954.00	898.00	872.00	818.00	757.00	638.00	586.00	565.00	576.00	616.00	653.00	687.00	729.00	769.00
857.00	841.00	884.00	818.00	711.00	596.00	593.00	598.00	628.00	675.00	691.00	717.00	752.00	781.00	731.00	662.00	648.00	648.00	660.00	665.00	689.00	710.00	729.00	779.00	791.00	804.00	809.00	815.00	805.00	796.00	780.00	780.00	787.00	798.00	812.00	850.00	941.00	996.00	1033.00	1049.00	1088.00	1055.00	1038.00	1077.00	1117.00	1075.00	1074.00	1083.00	1115.00	1164.00	1225.00	1239.00	1204.00	1175.00	1268.00	1308.00	1281.00	1201.00	1186.00	1112.00	1021.00	950.00	899.00	937.00	993.00	1057.00	1149.00	1260.00	1445.00	1388.00	1312.00	1249.00	1207.00	1133.00	1049.00	976.00	938.00	899.00	886.00	875.00	862.00	835.00	825.00	817.00	834.00	853.00	900.00	926.00	940.00	906.00	858.00	911.00	877.00	866.00	845.00	946.00	1041.00	1120.00	1132.00	1084.00	1084.00	1087.00	1013.00	940.00	946.00	913.00	880.00	889.00	848.00	833.00	819.00	783.00	755.00	737.00	677.00	666.00	659.00	665.00	689.00	691.00	666.00	670.00	696.00	718.00	731.00	721.00	705.00	695.00	674.00	664.00	702.00	749.00	813.00	866.00	861.00	744.00	690.00	640.00	613.00	602.00	613.00	629.00	642.00	638.00	689.00	720.00	678.00	645.00	611.00	610.00	608.00	605.00	597.00	587.00	579.00	575.00	573.00	578.00	584.00	587.00	588.00	587.00	586.00	586.00	587.00	587.00	590.00	593.00	595.00	595.00	593.00	587.00	582.00	579.00	578.00	567.00	565.00	628.00	642.00	611.00	694.00	778.00	804.00	807.00	815.00	850.00	926.00	1030.00	923.00	724.00	684.00	661.00	663.00	734.00	777.00	846.00	911.00	924.00	1003.00	976.00	969.00	1022.00	1103.00	1063.00	1003.00	941.00	881.00	785.00	769.00	733.00	717.00	649.00	630.00	662.00	773.00	910.00	1006.00	979.00	920.00	850.00	746.00	776.00	836.00	911.00	1010.00	1135.00	1124.00	1068.00	1031.00	1023.00	1115.00	1189.00	1142.00	1050.00	899.00	831.00	780.00	773.00	814.00	873.00	942.00	976.00	954.00	898.00	872.00	818.00	757.00	638.00	586.00	565.00	576.00	616.00	653.00	687.00	729.00	769.00
857.00	841.00	884.00	818.00	711.00	596.00	593.00	598.00	628.00	675.00	691.00	717.00	752.00	781.00	731.00	662.00	648.00	648.00	660.00	665.00	689.00	710.00	729.00	779.00	791.00	804.00	809.00	815.00	805.00	796.00	780.00	780.00	787.00	798.00	812.00	850.00	941.00	996.00	1033.00	1049.00	1088.00	1055.00	1038.00	1077.00	1117.00	1075.00	1074.00	1083.00	1115.00	1164.00	1225.00	1239.00	1204.00	1175.00	1268.00	1308.00	1281.00	1201.00	1186.00	1112.00	1021.00	950.00	899.00	937.00	993.00	1057.00	1149.00	1260.00	1445.00	1388.00	1312.00	1249.00	1207.00	1133.00	1049.00	976.00	938.00	899.00	886.00	875.00	862.00	835.00	825.00	817.00	834.00	853.00	900.00	926.00	940.00	906.00	858.00	911.00	877.00	866.00	845.00	946.00	1041.00	1120.00	1132.00	1084.00	1084.00	1087.00	1013.00	940.00	946.00	913.00	880.00	889.00	848.00	833.00	819.00	783.00	755.00	737.00	677.00	666.00	659.00	665.00	689.00	691.00	666.00	670.00	696.00	718.00	731.00	721.00	705.00	695.00	674.00	664.00	702.00	749.00	813.00	866.00	861.00	744.00	690.00	640.00	613.00	602.00	613.00	629.00	642.00	638.00	689.00	720.00	678.00	645.00	611.00	610.00	608.00	605.00	597.00	587.00	579.00	575.00	573.00	578.00	584.00	587.00	588.00	587.00	586.00	586.00	587.00	587.00	590.00	593.00	595.00	595.00	593.00	587.00	582.00	579.00	578.00	567.00	565.00	628.00	642.00	611.00	694.00	778.00	804.00	807.00	815.00	850.00	926.00	1030.00	923.00	724.00	684.00	661.00	663.00	734.00	777.00	846.00	911.00	924.00	1003.00	976.00	969.00	1022.00	1103.00	1063.00	1003.00	941.00	881.00	785.00	769.00	733.00	717.00	649.00	630.00	662.00	773.00	910.00	1006.00	979.00	920.00	850.00	746.00	776.00	836.00	911.00	1010.00	1135.00	1124.00	1068.00	1031.00	1023.00	1115.00	1189.00	1142.00	1050.00	899.00	831.00	780.00	773.00	814.00	873.00	942.00	976.00	954.00	898.00	872.00	818.00	757.00	638.00	586.00	565.00	576.00	616.00	653.00	687.00	729.00	769.00
720.00	730.00	770.00	799.00	739.00	614.00	602.00	602.00	614.00	637.00	647.00	661.00	681.00	687.00	649.00	643.00	656.00	671.00	697.00	715.00	742.00	763.00	761.00	722.00	723.00	741.00	783.00	890.00	942.00	954.00	905.00	914.00	848.00	860.00	866.00	848.00	847.00	838.00	856.00	890.00	943.00	1075.00	1056.00	1129.00	1177.00	1185.00	1209.00	1223.00	1223.00	1235.00	1313.00	1377.00	1369.00	1326.00	1283.00	1204.00	1139.00	1082.00	1030.00	964.00	934.00	920.00	917.00	941.00	987.00	1037.00	1097.00	1182.00	1373.00	1363.00	1293.00	1201.00	1053.00	1022.00	1003.00	990.00	963.00	893.00	885.00	886.00	903.00	907.00	870.00	838.00	872.00	929.00	928.00	950.00	966.00	942.00	926.00	972.00	919.00	880.00	870.00	964.00	1039.00	1059.00	1035.00	1003.00	1045.00	1026.00	942.00	866.00	787.00	788.00	778.00	756.00	737.00	727.00	719.00	705.00	688.00	673.00	658.00	701.00	780.00	762.00	740.00	710.00	684.00	709.00	763.00	773.00	770.00	765.00	742.00	721.00	689.00	680.00	718.00	742.00	776.00	813.00	838.00	746.00	673.00	618.00	602.00	679.00	701.00	698.00	685.00	692.00	789.00	784.00	844.00	760.00	655.00	636.00	654.00	660.00	650.00	627.00	606.00	597.00	594.00	593.00	593.00	592.00	587.00	584.00	581.00	579.00	578.00	577.00	577.00	578.00	581.00	583.00	581.00	576.00	572.00	574.00	579.00	605.00	631.00	782.00	789.00	718.00	679.00	727.00	794.00	870.00	1015.00	1041.00	1063.00	1113.00	965.00	798.00	765.00	737.00	717.00	722.00	706.00	718.00	776.00	824.00	1114.00	1158.00	1103.00	1041.00	915.00	878.00	858.00	853.00	886.00	936.00	921.00	865.00	818.00	648.00	642.00	690.00	776.00	871.00	1053.00	1091.00	1057.00	1030.00	892.00	842.00	798.00	792.00	838.00	931.00	993.00	1024.00	1004.00	1179.00	1171.00	1114.00	1046.00	1023.00	1002.00	961.00	920.00	940.00	995.00	989.00	1002.00	944.00	873.00	754.00	728.00	703.00	677.00	617.00	593.00	578.00	582.00	614.00	658.00	687.00	732.00	785.00
806.00	732.00	693.00	674.00	664.00	655.00	626.00	604.00	608.00	626.00	626.00	628.00	633.00	639.00	665.00	689.00	698.00	707.00	738.00	750.00	778.00	793.00	806.00	828.00	804.00	752.00	743.00	795.00	850.00	872.00	874.00	938.00	986.00	1006.00	1004.00	1007.00	956.00	926.00	937.00	909.00	889.00	916.00	954.00	990.00	1036.00	1084.00	1088.00	1113.00	1134.00	1163.00	1219.00	1299.00	1327.00	1244.00	1115.00	1069.00	1066.00	1061.00	990.00	948.00	973.00	1017.00	1051.00	954.00	955.00	980.00	1016.00	1059.00	1173.00	1274.00	1355.00	1299.00	1139.00	1085.00	1023.00	964.00	929.00	923.00	973.00	1025.00	1056.00	924.00	882.00	877.00	933.00	1008.00	1000.00	994.00	998.00	977.00	989.00	979.00	940.00	926.00	889.00	934.00	943.00	930.00	909.00	897.00	880.00	845.00	791.00	763.00	720.00	713.00	701.00	692.00	681.00	677.00	676.00	675.00	676.00	681.00	721.00	801.00	888.00	822.00	776.00	725.00	715.00	760.00	827.00	844.00	874.00	859.00	768.00	732.00	705.00	700.00	729.00	735.00	748.00	772.00	795.00	691.00	634.00	616.00	657.00	780.00	783.00	764.00	749.00	758.00	866.00	911.00	854.00	764.00	679.00	751.00	778.00	791.00	735.00	723.00	671.00	641.00	638.00	623.00	622.00	608.00	606.00	607.00	604.00	599.00	593.00	589.00	576.00	573.00	573.00	577.00	580.00	574.00	571.00	571.00	578.00	739.00	701.00	879.00	926.00	905.00	851.00	806.00	796.00	787.00	871.00	938.00	970.00	977.00	1013.00	953.00	875.00	832.00	812.00	813.00	759.00	717.00	770.00	857.00	1112.00	1132.00	1055.00	979.00	906.00	971.00	1041.00	1061.00	1078.00	1033.00	1006.00	879.00	784.00	657.00	724.00	731.00	710.00	711.00	813.00	866.00	892.00	958.00	1105.00	1030.00	941.00	935.00	907.00	829.00	855.00	875.00	904.00	1143.00	1123.00	1032.00	942.00	877.00	970.00	1001.00	1024.00	1065.00	914.00	860.00	876.00	842.00	790.00	708.00	682.00	661.00	644.00	614.00	618.00	640.00	590.00	602.00	621.00	623.00	622.00	633.00
806.00	732.00	693.00	674.00	664.00	655.00	626.00	604.00	608.00	626.00	626.00	628.00	633.00	639.00	665.00	689.00	698.00	707.00	738.00	750.00	778.00	793.00	806.00	828.00	804.00	752.00	743.00	795.00	850.00	872.00	874.00	938.00	986.00	1006.00	1004.00	1007.00	956.00	926.00	937.00	909.00	889.00	916.00	954.00	990.00	1036.00	1084.00	1088.00	1113.00	1134.00	1163.00	1219.00	1299.00	1327.00	1244.00	1115.00	1069.00	1066.00	1061.00	990.00	948.00	973.00	1017.00	1051.00	954.00	955.00	980.00	1016.00	1059.00	1173.00	1274.00	1355.00	1299.00	1139.00	1085.00	1023.00	964.00	929.00	923.00	973.00	1025.00	1056.00	924.00	882.00	877.00	933.00	1008.00	1000.00	994.00	998.00	977.00	989.00	979.00	940.00	926.00	889.00	934.00	943.00	930.00	909.00	897.00	880.00	845.00	791.00	763.00	720.00	713.00	701.00	692.00	681.00	677.00	676.00	675.00	676.00	681.00	721.00	801.00	888.00	822.00	776.00	725.00	715.00	760.00	827.00	844.00	874.00	859.00	768.00	732.00	705.00	700.00	729.00	735.00	748.00	772.00	795.00	691.00	634.00	616.00	657.00	780.00	783.00	764.00	749.00	758.00	866.00	911.00	854.00	764.00	679.00	751.00	778.00	791.00	735.00	723.00	671.00	641.00	638.00	623.00	622.00	608.00	606.00	607.00	604.00	599.00	593.00	589.00	576.00	573.00	573.00	577.00	580.00	574.00	571.00	571.00	578.00	739.00	701.00	879.00	926.00	905.00	851.00	806.00	796.00	787.00	871.00	938.00	970.00	977.00	1013.00	953.00	875.00	832.00	812.00	813.00	759.00	717.00	770.00	857.00	1112.00	1132.00	1055.00	979.00	906.00	971.00	1041.00	1061.00	1078.00	1033.00	1006.00	879.00	784.00	657.00	724.00	731.00	710.00	711.00	813.00	866.00	892.00	958.00	1105.00	1030.00	941.00	935.00	907.00	829.00	855.00	875.00	904.00	1143.00	1123.00	1032.00	942.00	877.00	970.00	1001.00	1024.00	1065.00	914.00	860.00	876.00	842.00	790.00	708.00	682.00	661.00	644.00	614.00	618.00	640.00	590.00	602.00	621.00	623.00	622.00	633.00
938.00	914.00	869.00	824.00	789.00	725.00	696.00	654.00	621.00	619.00	624.00	633.00	646.00	662.00	690.00	698.00	707.00	715.00	721.00	733.00	761.00	776.00	788.00	833.00	856.00	872.00	882.00	768.00	754.00	769.00	766.00	798.00	855.00	885.00	945.00	994.00	1035.00	1062.00	1065.00	1052.00	1040.00	1023.00	1017.00	981.00	969.00	1005.00	1011.00	1037.00	1099.00	1133.00	1150.00	1204.00	1194.00	1171.00	1125.00	1081.00	1046.00	1022.00	991.00	1026.00	1102.00	1183.00	1161.00	1016.00	973.00	977.00	1001.00	1043.00	1159.00	1258.00	1361.00	1375.00	1113.00	1038.00	990.00	960.00	928.00	951.00	1027.00	1080.00	1062.00	933.00	897.00	922.00	990.00	1030.00	976.00	964.00	927.00	896.00	934.00	888.00	875.00	894.00	825.00	866.00	879.00	859.00	822.00	855.00	788.00	744.00	719.00	703.00	689.00	687.00	683.00	683.00	690.00	690.00	689.00	694.00	702.00	730.00	798.00	877.00	906.00	814.00	751.00	727.00	752.00	782.00	869.00	936.00	973.00	900.00	800.00	766.00	741.00	730.00	757.00	759.00	756.00	730.00	715.00	630.00	618.00	637.00	718.00	796.00	782.00	777.00	781.00	803.00	943.00	1001.00	830.00	739.00	815.00	932.00	993.00	923.00	863.00	749.00	705.00	701.00	697.00	644.00	636.00	625.00	629.00	635.00	628.00	621.00	617.00	612.00	589.00	582.00	574.00	574.00	579.00	582.00	585.00	596.00	665.00	866.00	878.00	927.00	1004.00	1045.00	1049.00	1019.00	1039.00	965.00	887.00	852.00	846.00	875.00	923.00	1077.00	1078.00	1026.00	959.00	842.00	829.00	812.00	792.00	781.00	1059.00	1060.00	985.00	964.00	1003.00	1092.00	1148.00	1117.00	1037.00	905.00	868.00	793.00	735.00	710.00	844.00	942.00	917.00	844.00	729.00	714.00	743.00	818.00	1115.00	1150.00	1145.00	1123.00	1032.00	901.00	879.00	901.00	1006.00	1115.00	1146.00	1052.00	958.00	879.00	805.00	802.00	851.00	910.00	812.00	757.00	776.00	800.00	775.00	712.00	674.00	648.00	638.00	628.00	624.00	599.00	587.00	641.00	775.00	796.00	768.00	735.00
938.00	914.00	869.00	824.00	789.00	725.00	696.00	654.00	621.00	619.00	624.00	633.00	646.00	662.00	690.00	698.00	707.00	715.00	721.00	733.00	761.00	776.00	788.00	833.00	856.00	872.00	882.00	768.00	754.00	769.00	766.00	798.00	855.00	885.00	945.00	994.00	1035.00	1062.00	1065.00	1052.00	1040.00	1023.00	1017.00	981.00	969.00	1005.00	1011.00	1037.00	1099.00	1133.00	1150.00	1204.00	1194.00	1171.00	1125.00	1081.00	1046.00	1022.00	991.00	1026.00	1102.00	1183.00	1161.00	1016.00	973.00	977.00	1001.00	1043.00	1159.00	1258.00	1361.00	1375.00	1113.00	1038.00	990.00	960.00	928.00	951.00	1027.00	1080.00	1062.00	933.00	897.00	922.00	990.00	1030.00	976.00	964.00	927.00	896.00	934.00	888.00	875.00	894.00	825.00	866.00	879.00	859.00	822.00	855.00	788.00	744.00	719.00	703.00	689.00	687.00	683.00	683.00	690.00	690.00	689.00	694.00	702.00	730.00	798.00	877.00	906.00	814.00	751.00	727.00	752.00	782.00	869.00	936.00	973.00	900.00	800.00	766.00	741.00	730.00	757.00	759.00	756.00	730.00	715.00	630.00	618.00	637.00	718.00	796.00	782.00	777.00	781.00	803.00	943.00	1001.00	830.00	739.00	815.00	932.00	993.00	923.00	863.00	749.00	705.00	701.00	697.00	644.00	636.00	625.00	629.00	635.00	628.00	621.00	617.00	612.00	589.00	582.00	574.00	574.00	579.00	582.00	585.00	596.00	665.00	866.00	878.00	927.00	1004.00	1045.00	1049.00	1019.00	1039.00	965.00	887.00	852.00	846.00	875.00	923.00	1077.00	1078.00	1026.00	959.00	842.00	829.00	812.00	792.00	781.00	1059.00	1060.00	985.00	964.00	1003.00	1092.00	1148.00	1117.00	1037.00	905.00	868.00	793.00	735.00	710.00	844.00	942.00	917.00	844.00	729.00	714.00	743.00	818.00	1115.00	1150.00	1145.00	1123.00	1032.00	901.00	879.00	901.00	1006.00	1115.00	1146.00	1052.00	958.00	879.00	805.00	802.00	851.00	910.00	812.00	757.00	776.00	800.00	775.00	712.00	674.00	648.00	638.00	628.00	624.00	599.00	587.00	641.00	775.00	796.00	768.00	735.00
836.00	875.00	932.00	991.00	990.00	825.00	744.00	696.00	668.00	633.00	623.00	625.00	630.00	637.00	662.00	677.00	687.00	677.00	702.00	711.00	738.00	752.00	765.00	811.00	844.00	884.00	925.00	891.00	887.00	914.00	873.00	780.00	792.00	805.00	815.00	843.00	950.00	1019.00	1064.00	1067.00	1034.00	1101.00	1148.00	1113.00	1080.00	1084.00	1118.00	1201.00	1229.00	1207.00	1144.00	1154.00	1162.00	1241.00	1330.00	1290.00	1240.00	1237.00	1205.00	1220.00	1261.00	1242.00	1146.00	1061.00	1013.00	995.00	1004.00	1046.00	1106.00	1196.00	1314.00	1369.00	1095.00	1014.00	961.00	933.00	908.00	877.00	902.00	937.00	918.00	901.00	915.00	964.00	995.00	965.00	888.00	877.00	837.00	825.00	854.00	820.00	798.00	795.00	776.00	743.00	737.00	730.00	723.00	711.00	699.00	696.00	695.00	694.00	705.00	710.00	711.00	722.00	752.00	752.00	713.00	708.00	719.00	782.00	871.00	906.00	884.00	775.00	742.00	757.00	792.00	834.00	932.00	963.00	981.00	920.00	818.00	795.00	787.00	785.00	834.00	850.00	846.00	794.00	748.00	621.00	619.00	653.00	714.00	727.00	730.00	750.00	776.00	836.00	1025.00	1030.00	816.00	735.00	916.00	1032.00	1072.00	975.00	882.00	746.00	736.00	732.00	718.00	677.00	655.00	664.00	685.00	691.00	690.00	704.00	678.00	646.00	611.00	593.00	578.00	574.00	583.00	600.00	609.00	637.00	686.00	793.00	830.00	842.00	873.00	877.00	997.00	1033.00	1044.00	1047.00	1062.00	1037.00	1019.00	1052.00	1069.00	1107.00	1116.00	1094.00	1062.00	1044.00	993.00	910.00	850.00	861.00	987.00	1060.00	1072.00	1133.00	1112.00	1111.00	1135.00	1114.00	1087.00	1049.00	991.00	818.00	722.00	804.00	911.00	999.00	1027.00	946.00	931.00	879.00	787.00	738.00	968.00	1061.00	1114.00	1123.00	1097.00	1073.00	1041.00	1000.00	1027.00	1136.00	1107.00	1059.00	1054.00	1032.00	900.00	873.00	822.00	768.00	722.00	704.00	708.00	742.00	752.00	676.00	664.00	683.00	712.00	651.00	608.00	588.00	598.00	658.00	780.00	818.00	820.00	829.00
836.00	875.00	932.00	991.00	990.00	825.00	744.00	696.00	668.00	633.00	623.00	625.00	630.00	637.00	662.00	677.00	687.00	677.00	702.00	711.00	738.00	752.00	765.00	811.00	844.00	884.00	925.00	891.00	887.00	914.00	873.00	780.00	792.00	805.00	815.00	843.00	950.00	1019.00	1064.00	1067.00	1034.00	1101.00	1148.00	1113.00	1080.00	1084.00	1118.00	1201.00	1229.00	1207.00	1144.00	1154.00	1162.00	1241.00	1330.00	1290.00	1240.00	1237.00	1205.00	1220.00	1261.00	1242.00	1146.00	1061.00	1013.00	995.00	1004.00	1046.00	1106.00	1196.00	1314.00	1369.00	1095.00	1014.00	961.00	933.00	908.00	877.00	902.00	937.00	918.00	901.00	915.00	964.00	995.00	965.00	888.00	877.00	837.00	825.00	854.00	820.00	798.00	795.00	776.00	743.00	737.00	730.00	723.00	711.00	699.00	696.00	695.00	694.00	705.00	710.00	711.00	722.00	752.00	752.00	713.00	708.00	719.00	782.00	871.00	906.00	884.00	775.00	742.00	757.00	792.00	834.00	932.00	963.00	981.00	920.00	818.00	795.00	787.00	785.00	834.00	850.00	846.00	794.00	748.00	621.00	619.00	653.00	714.00	727.00	730.00	750.00	776.00	836.00	1025.00	1030.00	816.00	735.00	916.00	1032.00	1072.00	975.00	882.00	746.00	736.00	732.00	718.00	677.00	655.00	664.00	685.00	691.00	690.00	704.00	678.00	646.00	611.00	593.00	578.00	574.00	583.00	600.00	609.00	637.00	686.00	793.00	830.00	842.00	873.00	877.00	997.00	1033.00	1044.00	1047.00	1062.00	1037.00	1019.00	1052.00	1069.00	1107.00	1116.00	1094.00	1062.00	1044.00	993.00	910.00	850.00	861.00	987.00	1060.00	1072.00	1133.00	1112.00	1111.00	1135.00	1114.00	1087.00	1049.00	991.00	818.00	722.00	804.00	911.00	999.00	1027.00	946.00	931.00	879.00	787.00	738.00	968.00	1061.00	1114.00	1123.00	1097.00	1073.00	1041.00	1000.00	1027.00	1136.00	1107.00	1059.00	1054.00	1032.00	900.00	873.00	822.00	768.00	722.00	704.00	708.00	742.00	752.00	676.00	664.00	683.00	712.00	651.00	608.00	588.00	598.00	658.00	780.00	818.00	820.00	829.00
768.00	793.00	823.00	878.00	922.00	886.00	839.00	782.00	753.00	715.00	678.00	644.00	631.00	629.00	642.00	656.00	673.00	686.00	677.00	688.00	719.00	734.00	748.00	781.00	809.00	845.00	888.00	973.00	1007.00	1023.00	956.00	822.00	835.00	795.00	796.00	811.00	851.00	878.00	895.00	892.00	906.00	1013.00	1028.00	1070.00	1076.00	1105.00	1187.00	1241.00	1236.00	1190.00	1082.00	1043.00	1126.00	1208.00	1257.00	1270.00	1255.00	1195.00	1230.00	1212.00	1143.00	1079.00	1001.00	1016.00	1006.00	975.00	943.00	960.00	1071.00	1160.00	1226.00	1208.00	1011.00	969.00	937.00	918.00	901.00	851.00	845.00	867.00	852.00	898.00	944.00	1019.00	991.00	938.00	885.00	839.00	809.00	788.00	769.00	758.00	746.00	732.00	714.00	712.00	710.00	709.00	716.00	731.00	725.00	720.00	726.00	733.00	771.00	799.00	808.00	805.00	802.00	794.00	773.00	731.00	756.00	842.00	908.00	880.00	848.00	777.00	792.00	799.00	812.00	841.00	889.00	930.00	963.00	926.00	841.00	823.00	817.00	832.00	895.00	922.00	896.00	823.00	773.00	625.00	631.00	651.00	690.00	734.00	741.00	758.00	783.00	844.00	1050.00	1012.00	802.00	775.00	992.00	1105.00	1064.00	966.00	869.00	845.00	821.00	790.00	754.00	686.00	676.00	718.00	746.00	752.00	764.00	751.00	709.00	668.00	608.00	594.00	582.00	574.00	581.00	627.00	642.00	650.00	657.00	683.00	692.00	714.00	728.00	745.00	792.00	819.00	832.00	851.00	911.00	941.00	975.00	999.00	988.00	934.00	943.00	1000.00	1079.00	1134.00	1026.00	963.00	950.00	992.00	935.00	1013.00	1137.00	1192.00	1028.00	960.00	937.00	973.00	1028.00	1008.00	924.00	746.00	718.00	848.00	943.00	1015.00	1067.00	1091.00	1068.00	972.00	885.00	825.00	806.00	851.00	884.00	940.00	981.00	1083.00	1158.00	1189.00	1190.00	959.00	903.00	865.00	874.00	929.00	986.00	942.00	853.00	793.00	726.00	711.00	692.00	684.00	668.00	672.00	711.00	751.00	743.00	643.00	607.00	602.00	612.00	646.00	696.00	703.00	695.00	735.00
768.00	793.00	823.00	878.00	922.00	886.00	839.00	782.00	753.00	715.00	678.00	644.00	631.00	629.00	642.00	656.00	673.00	686.00	677.00	688.00	719.00	734.00	748.00	781.00	809.00	845.00	888.00	973.00	1007.00	1023.00	956.00	822.00	835.00	795.00	796.00	811.00	851.00	878.00	895.00	892.00	906.00	1013.00	1028.00	1070.00	1076.00	1105.00	1187.00	1241.00	1236.00	1190.00	1082.00	1043.00	1126.00	1208.00	1257.00	1270.00	1255.00	1195.00	1230.00	1212.00	1143.00	1079.00	1001.00	1016.00	1006.00	975.00	943.00	960.00	1071.00	1160.00	1226.00	1208.00	1011.00	969.00	937.00	918.00	901.00	851.00	845.00	867.00	852.00	898.00	944.00	1019.00	991.00	938.00	885.00	839.00	809.00	788.00	769.00	758.00	746.00	732.00	714.00	712.00	710.00	709.00	716.00	731.00	725.00	720.00	726.00	733.00	771.00	799.00	808.00	805.00	802.00	794.00	773.00	731.00	756.00	842.00	908.00	880.00	848.00	777.00	792.00	799.00	812.00	841.00	889.00	930.00	963.00	926.00	841.00	823.00	817.00	832.00	895.00	922.00	896.00	823.00	773.00	625.00	631.00	651.00	690.00	734.00	741.00	758.00	783.00	844.00	1050.00	1012.00	802.00	775.00	992.00	1105.00	1064.00	966.00	869.00	845.00	821.00	790.00	754.00	686.00	676.00	718.00	746.00	752.00	764.00	751.00	709.00	668.00	608.00	594.00	582.00	574.00	581.00	627.00	642.00	650.00	657.00	683.00	692.00	714.00	728.00	745.00	792.00	819.00	832.00	851.00	911.00	941.00	975.00	999.00	988.00	934.00	943.00	1000.00	1079.00	1134.00	1026.00	963.00	950.00	992.00	935.00	1013.00	1137.00	1192.00	1028.00	960.00	937.00	973.00	1028.00	1008.00	924.00	746.00	718.00	848.00	943.00	1015.00	1067.00	1091.00	1068.00	972.00	885.00	825.00	806.00	851.00	884.00	940.00	981.00	1083.00	1158.00	1189.00	1190.00	959.00	903.00	865.00	874.00	929.00	986.00	942.00	853.00	793.00	726.00	711.00	692.00	684.00	668.00	672.00	711.00	751.00	743.00	643.00	607.00	602.00	612.00	646.00	696.00	703.00	695.00	735.00
769.00	795.00	825.00	847.00	866.00	902.00	857.00	791.00	747.00	687.00	681.00	715.00	717.00	662.00	637.00	644.00	662.00	688.00	711.00	710.00	709.00	712.00	719.00	751.00	767.00	794.00	826.00	896.00	940.00	974.00	960.00	884.00	965.00	896.00	815.00	840.00	884.00	886.00	879.00	884.00	909.00	959.00	999.00	1018.00	1034.00	1140.00	1199.00	1246.00	1258.00	1266.00	1163.00	986.00	999.00	1037.00	1065.00	1103.00	1115.00	1122.00	1161.00	1132.00	1096.00	1052.00	961.00	951.00	970.00	945.00	903.00	922.00	981.00	1011.00	1007.00	991.00	937.00	915.00	896.00	881.00	867.00	838.00	822.00	818.00	857.00	926.00	958.00	979.00	924.00	907.00	871.00	829.00	802.00	780.00	749.00	739.00	729.00	719.00	728.00	737.00	745.00	762.00	788.00	784.00	761.00	781.00	804.00	805.00	884.00	911.00	901.00	883.00	847.00	811.00	762.00	767.00	812.00	872.00	874.00	872.00	844.00	820.00	865.00	898.00	922.00	947.00	953.00	948.00	946.00	878.00	860.00	853.00	852.00	876.00	926.00	914.00	848.00	802.00	767.00	644.00	650.00	661.00	694.00	753.00	764.00	779.00	800.00	831.00	1027.00	968.00	822.00	813.00	986.00	1047.00	1013.00	964.00	896.00	958.00	871.00	819.00	776.00	704.00	719.00	751.00	763.00	750.00	733.00	725.00	701.00	671.00	609.00	597.00	589.00	579.00	575.00	667.00	731.00	772.00	770.00	762.00	835.00	928.00	911.00	884.00	848.00	940.00	976.00	941.00	841.00	847.00	851.00	845.00	882.00	937.00	1009.00	1091.00	1175.00	1240.00	1202.00	1182.00	1158.00	1136.00	1096.00	1071.00	1123.00	1163.00	1071.00	1009.00	916.00	842.00	857.00	854.00	792.00	800.00	884.00	850.00	842.00	896.00	969.00	1036.00	1114.00	1048.00	1016.00	981.00	774.00	849.00	941.00	976.00	978.00	964.00	1036.00	1130.00	1188.00	1026.00	970.00	912.00	853.00	793.00	794.00	807.00	793.00	751.00	702.00	689.00	679.00	670.00	665.00	645.00	645.00	655.00	645.00	618.00	612.00	615.00	624.00	671.00	826.00	871.00	807.00	742.00
769.00	795.00	825.00	847.00	866.00	902.00	857.00	791.00	747.00	687.00	681.00	715.00	717.00	662.00	637.00	644.00	662.00	688.00	711.00	710.00	709.00	712.00	719.00	751.00	767.00	794.00	826.00	896.00	940.00	974.00	960.00	884.00	965.00	896.00	815.00	840.00	884.00	886.00	879.00	884.00	909.00	959.00	999.00	1018.00	1034.00	1140.00	1199.00	1246.00	1258.00	1266.00	1163.00	986.00	999.00	1037.00	1065.00	1103.00	1115.00	1122.00	1161.00	1132.00	1096.00	1052.00	961.00	951.00	970.00	945.00	903.00	922.00	981.00	1011.00	1007.00	991.00	937.00	915.00	896.00	881.00	867.00	838.00	822.00	818.00	857.00	926.00	958.00	979.00	924.00	907.00	871.00	829.00	802.00	780.00	749.00	739.00	729.00	719.00	728.00	737.00	745.00	762.00	788.00	784.00	761.00	781.00	804.00	805.00	884.00	911.00	901.00	883.00	847.00	811.00	762.00	767.00	812.00	872.00	874.00	872.00	844.00	820.00	865.00	898.00	922.00	947.00	953.00	948.00	946.00	878.00	860.00	853.00	852.00	876.00	926.00	914.00	848.00	802.00	767.00	644.00	650.00	661.00	694.00	753.00	764.00	779.00	800.00	831.00	1027.00	968.00	822.00	813.00	986.00	1047.00	1013.00	964.00	896.00	958.00	871.00	819.00	776.00	704.00	719.00	751.00	763.00	750.00	733.00	725.00	701.00	671.00	609.00	597.00	589.00	579.00	575.00	667.00	731.00	772.00	770.00	762.00	835.00	928.00	911.00	884.00	848.00	940.00	976.00	941.00	841.00	847.00	851.00	845.00	882.00	937.00	1009.00	1091.00	1175.00	1240.00	1202.00	1182.00	1158.00	1136.00	1096.00	1071.00	1123.00	1163.00	1071.00	1009.00	916.00	842.00	857.00	854.00	792.00	800.00	884.00	850.00	842.00	896.00	969.00	1036.00	1114.00	1048.00	1016.00	981.00	774.00	849.00	941.00	976.00	978.00	964.00	1036.00	1130.00	1188.00	1026.00	970.00	912.00	853.00	793.00	794.00	807.00	793.00	751.00	702.00	689.00	679.00	670.00	665.00	645.00	645.00	655.00	645.00	618.00	612.00	615.00	624.00	671.00	826.00	871.00	807.00	742.00
756.00	770.00	775.00	777.00	783.00	808.00	816.00	814.00	797.00	772.00	752.00	773.00	772.00	730.00	675.00	650.00	646.00	664.00	689.00	704.00	738.00	739.00	728.00	754.00	762.00	777.00	797.00	854.00	875.00	909.00	974.00	1053.00	949.00	882.00	897.00	915.00	900.00	919.00	931.00	941.00	967.00	1032.00	1067.00	1112.00	1140.00	1240.00	1205.00	1166.00	1188.00	1271.00	1120.00	971.00	928.00	986.00	1137.00	1183.00	1208.00	1180.00	1129.00	1055.00	1044.00	1015.00	1044.00	899.00	883.00	884.00	871.00	859.00	891.00	909.00	893.00	895.00	882.00	876.00	888.00	904.00	897.00	883.00	843.00	808.00	812.00	857.00	879.00	854.00	838.00	819.00	786.00	771.00	761.00	750.00	735.00	730.00	729.00	736.00	748.00	784.00	817.00	865.00	908.00	827.00	809.00	843.00	891.00	921.00	991.00	962.00	920.00	863.00	800.00	775.00	787.00	815.00	855.00	915.00	926.00	901.00	866.00	865.00	914.00	949.00	982.00	993.00	915.00	875.00	855.00	818.00	803.00	824.00	813.00	848.00	904.00	858.00	799.00	748.00	697.00	651.00	659.00	672.00	695.00	738.00	758.00	782.00	805.00	845.00	1007.00	1014.00	1006.00	1007.00	886.00	914.00	998.00	1080.00	1062.00	996.00	893.00	833.00	793.00	738.00	743.00	749.00	748.00	739.00	715.00	707.00	705.00	694.00	620.00	600.00	590.00	581.00	575.00	641.00	714.00	768.00	814.00	855.00	895.00	1036.00	1080.00	1099.00	1068.00	1116.00	1172.00	1137.00	994.00	1020.00	1019.00	977.00	1057.00	1100.00	1137.00	1136.00	1085.00	1108.00	1174.00	1127.00	1083.00	1016.00	1058.00	1069.00	990.00	998.00	1065.00	1030.00	960.00	864.00	787.00	842.00	870.00	841.00	937.00	1026.00	990.00	941.00	892.00	945.00	1109.00	1072.00	977.00	885.00	878.00	834.00	915.00	1018.00	1082.00	1103.00	1107.00	1102.00	1096.00	999.00	1032.00	1017.00	941.00	852.00	729.00	714.00	709.00	697.00	680.00	671.00	657.00	650.00	645.00	638.00	642.00	656.00	652.00	619.00	625.00	635.00	645.00	683.00	769.00	861.00	915.00	909.00
756.00	770.00	775.00	777.00	783.00	808.00	816.00	814.00	797.00	772.00	752.00	773.00	772.00	730.00	675.00	650.00	646.00	664.00	689.00	704.00	738.00	739.00	728.00	754.00	762.00	777.00	797.00	854.00	875.00	909.00	974.00	1053.00	949.00	882.00	897.00	915.00	900.00	919.00	931.00	941.00	967.00	1032.00	1067.00	1112.00	1140.00	1240.00	1205.00	1166.00	1188.00	1271.00	1120.00	971.00	928.00	986.00	1137.00	1183.00	1208.00	1180.00	1129.00	1055.00	1044.00	1015.00	1044.00	899.00	883.00	884.00	871.00	859.00	891.00	909.00	893.00	895.00	882.00	876.00	888.00	904.00	897.00	883.00	843.00	808.00	812.00	857.00	879.00	854.00	838.00	819.00	786.00	771.00	761.00	750.00	735.00	730.00	729.00	736.00	748.00	784.00	817.00	865.00	908.00	827.00	809.00	843.00	891.00	921.00	991.00	962.00	920.00	863.00	800.00	775.00	787.00	815.00	855.00	915.00	926.00	901.00	866.00	865.00	914.00	949.00	982.00	993.00	915.00	875.00	855.00	818.00	803.00	824.00	813.00	848.00	904.00	858.00	799.00	748.00	697.00	651.00	659.00	672.00	695.00	738.00	758.00	782.00	805.00	845.00	1007.00	1014.00	1006.00	1007.00	886.00	914.00	998.00	1080.00	1062.00	996.00	893.00	833.00	793.00	738.00	743.00	749.00	748.00	739.00	715.00	707.00	705.00	694.00	620.00	600.00	590.00	581.00	575.00	641.00	714.00	768.00	814.00	855.00	895.00	1036.00	1080.00	1099.00	1068.00	1116.00	1172.00	1137.00	994.00	1020.00	1019.00	977.00	1057.00	1100.00	1137.00	1136.00	1085.00	1108.00	1174.00	1127.00	1083.00	1016.00	1058.00	1069.00	990.00	998.00	1065.00	1030.00	960.00	864.00	787.00	842.00	870.00	841.00	937.00	1026.00	990.00	941.00	892.00	945.00	1109.00	1072.00	977.00	885.00	878.00	834.00	915.00	1018.00	1082.00	1103.00	1107.00	1102.00	1096.00	999.00	1032.00	1017.00	941.00	852.00	729.00	714.00	709.00	697.00	680.00	671.00	657.00	650.00	645.00	638.00	642.00	656.00	652.00	619.00	625.00	635.00	645.00	683.00	769.00	861.00	915.00	909.00
722.00	727.00	738.00	747.00	755.00	787.00	826.00	887.00	955.00	848.00	781.00	740.00	720.00	710.00	770.00	738.00	660.00	651.00	679.00	688.00	704.00	706.00	705.00	725.00	740.00	749.00	765.00	828.00	864.00	926.00	1021.00	1192.00	1036.00	1016.00	1034.00	985.00	915.00	919.00	920.00	926.00	954.00	966.00	971.00	994.00	1059.00	1039.00	995.00	1019.00	1057.00	1114.00	1020.00	905.00	930.00	993.00	1180.00	1233.00	1196.00	1127.00	1072.00	991.00	947.00	918.00	920.00	860.00	848.00	839.00	834.00	830.00	845.00	849.00	847.00	831.00	814.00	808.00	809.00	813.00	811.00	797.00	787.00	780.00	779.00	770.00	779.00	776.00	771.00	765.00	756.00	748.00	740.00	735.00	743.00	745.00	766.00	764.00	790.00	859.00	927.00	985.00	978.00	854.00	880.00	915.00	958.00	1008.00	987.00	953.00	895.00	861.00	865.00	805.00	817.00	840.00	867.00	965.00	950.00	918.00	903.00	921.00	951.00	982.00	979.00	938.00	862.00	823.00	800.00	773.00	760.00	756.00	767.00	817.00	855.00	790.00	714.00	661.00	641.00	695.00	709.00	684.00	695.00	738.00	761.00	783.00	813.00	853.00	943.00	997.00	1104.00	1148.00	1050.00	996.00	1038.00	1158.00	1198.00	974.00	883.00	829.00	796.00	751.00	738.00	720.00	718.00	719.00	713.00	714.00	716.00	717.00	632.00	605.00	592.00	582.00	577.00	619.00	695.00	766.00	807.00	866.00	888.00	864.00	909.00	976.00	1031.00	1028.00	1032.00	1076.00	1101.00	1050.00	999.00	984.00	996.00	1005.00	967.00	940.00	882.00	928.00	936.00	903.00	892.00	897.00	1004.00	1024.00	1021.00	943.00	869.00	884.00	865.00	815.00	785.00	933.00	1006.00	891.00	871.00	997.00	1048.00	1053.00	1005.00	952.00	1068.00	999.00	904.00	920.00	1012.00	919.00	867.00	907.00	956.00	1116.00	1081.00	984.00	926.00	831.00	831.00	822.00	782.00	745.00	733.00	740.00	725.00	697.00	677.00	690.00	680.00	675.00	668.00	693.00	679.00	658.00	647.00	626.00	633.00	652.00	668.00	684.00	753.00	811.00	870.00	924.00
722.00	727.00	738.00	747.00	755.00	787.00	826.00	887.00	955.00	848.00	781.00	740.00	720.00	710.00	770.00	738.00	660.00	651.00	679.00	688.00	704.00	706.00	705.00	725.00	740.00	749.00	765.00	828.00	864.00	926.00	1021.00	1192.00	1036.00	1016.00	1034.00	985.00	915.00	919.00	920.00	926.00	954.00	966.00	971.00	994.00	1059.00	1039.00	995.00	1019.00	1057.00	1114.00	1020.00	905.00	930.00	993.00	1180.00	1233.00	1196.00	1127.00	1072.00	991.00	947.00	918.00	920.00	860.00	848.00	839.00	834.00	830.00	845.00	849.00	847.00	831.00	814.00	808.00	809.00	813.00	811.00	797.00	787.00	780.00	779.00	770.00	779.00	776.00	771.00	765.00	756.00	748.00	740.00	735.00	743.00	745.00	766.00	764.00	790.00	859.00	927.00	985.00	978.00	854.00	880.00	915.00	958.00	1008.00	987.00	953.00	895.00	861.00	865.00	805.00	817.00	840.00	867.00	965.00	950.00	918.00	903.00	921.00	951.00	982.00	979.00	938.00	862.00	823.00	800.00	773.00	760.00	756.00	767.00	817.00	855.00	790.00	714.00	661.00	641.00	695.00	709.00	684.00	695.00	738.00	761.00	783.00	813.00	853.00	943.00	997.00	1104.00	1148.00	1050.00	996.00	1038.00	1158.00	1198.00	974.00	883.00	829.00	796.00	751.00	738.00	720.00	718.00	719.00	713.00	714.00	716.00	717.00	632.00	605.00	592.00	582.00	577.00	619.00	695.00	766.00	807.00	866.00	888.00	864.00	909.00	976.00	1031.00	1028.00	1032.00	1076.00	1101.00	1050.00	999.00	984.00	996.00	1005.00	967.00	940.00	882.00	928.00	936.00	903.00	892.00	897.00	1004.00	1024.00	1021.00	943.00	869.00	884.00	865.00	815.00	785.00	933.00	1006.00	891.00	871.00	997.00	1048.00	1053.00	1005.00	952.00	1068.00	999.00	904.00	920.00	1012.00	919.00	867.00	907.00	956.00	1116.00	1081.00	984.00	926.00	831.00	831.00	822.00	782.00	745.00	733.00	740.00	725.00	697.00	677.00	690.00	680.00	675.00	668.00	693.00	679.00	658.00	647.00	626.00	633.00	652.00	668.00	684.00	753.00	811.00	870.00	924.00
758.00	781.00	754.00	726.00	736.00	785.00	818.00	882.00	926.00	822.00	824.00	816.00	788.00	812.00	796.00	771.00	712.00	657.00	662.00	671.00	718.00	733.00	742.00	769.00	789.00	820.00	819.00	816.00	859.00	947.00	1015.00	1137.00	1161.00	1066.00	992.00	962.00	878.00	853.00	845.00	865.00	875.00	876.00	872.00	881.00	895.00	900.00	923.00	921.00	916.00	930.00	912.00	927.00	945.00	982.00	1048.00	1133.00	1210.00	1176.00	1125.00	1063.00	988.00	931.00	862.00	842.00	846.00	863.00	856.00	840.00	822.00	821.00	817.00	811.00	802.00	798.00	792.00	783.00	786.00	783.00	783.00	784.00	779.00	765.00	760.00	755.00	751.00	748.00	744.00	744.00	753.00	770.00	776.00	796.00	798.00	782.00	868.00	957.00	993.00	1023.00	962.00	919.00	945.00	981.00	1039.00	1051.00	970.00	935.00	903.00	933.00	944.00	878.00	866.00	856.00	890.00	992.00	973.00	961.00	990.00	958.00	944.00	918.00	890.00	864.00	831.00	813.00	796.00	776.00	727.00	710.00	734.00	790.00	775.00	693.00	654.00	674.00	710.00	782.00	788.00	772.00	718.00	717.00	737.00	754.00	780.00	813.00	881.00	928.00	1028.00	1111.00	1249.00	1146.00	1060.00	1042.00	1039.00	881.00	830.00	797.00	769.00	726.00	714.00	705.00	690.00	692.00	696.00	668.00	664.00	685.00	621.00	608.00	601.00	594.00	586.00	595.00	605.00	618.00	634.00	657.00	672.00	682.00	706.00	730.00	776.00	778.00	815.00	866.00	873.00	849.00	800.00	783.00	784.00	803.00	791.00	800.00	813.00	830.00	865.00	917.00	942.00	995.00	1042.00	1033.00	1076.00	1031.00	918.00	990.00	954.00	869.00	825.00	910.00	939.00	1039.00	983.00	898.00	958.00	1042.00	1087.00	1044.00	1088.00	1067.00	991.00	1016.00	965.00	922.00	937.00	988.00	948.00	1087.00	1112.00	1047.00	990.00	836.00	785.00	812.00	858.00	845.00	783.00	774.00	732.00	702.00	770.00	792.00	725.00	705.00	706.00	666.00	661.00	699.00	688.00	665.00	640.00	654.00	674.00	704.00	738.00	777.00	814.00	840.00
758.00	781.00	754.00	726.00	736.00	785.00	818.00	882.00	926.00	822.00	824.00	816.00	788.00	812.00	796.00	771.00	712.00	657.00	662.00	671.00	718.00	733.00	742.00	769.00	789.00	820.00	819.00	816.00	859.00	947.00	1015.00	1137.00	1161.00	1066.00	992.00	962.00	878.00	853.00	845.00	865.00	875.00	876.00	872.00	881.00	895.00	900.00	923.00	921.00	916.00	930.00	912.00	927.00	945.00	982.00	1048.00	1133.00	1210.00	1176.00	1125.00	1063.00	988.00	931.00	862.00	842.00	846.00	863.00	856.00	840.00	822.00	821.00	817.00	811.00	802.00	798.00	792.00	783.00	786.00	783.00	783.00	784.00	779.00	765.00	760.00	755.00	751.00	748.00	744.00	744.00	753.00	770.00	776.00	796.00	798.00	782.00	868.00	957.00	993.00	1023.00	962.00	919.00	945.00	981.00	1039.00	1051.00	970.00	935.00	903.00	933.00	944.00	878.00	866.00	856.00	890.00	992.00	973.00	961.00	990.00	958.00	944.00	918.00	890.00	864.00	831.00	813.00	796.00	776.00	727.00	710.00	734.00	790.00	775.00	693.00	654.00	674.00	710.00	782.00	788.00	772.00	718.00	717.00	737.00	754.00	780.00	813.00	881.00	928.00	1028.00	1111.00	1249.00	1146.00	1060.00	1042.00	1039.00	881.00	830.00	797.00	769.00	726.00	714.00	705.00	690.00	692.00	696.00	668.00	664.00	685.00	621.00	608.00	601.00	594.00	586.00	595.00	605.00	618.00	634.00	657.00	672.00	682.00	706.00	730.00	776.00	778.00	815.00	866.00	873.00	849.00	800.00	783.00	784.00	803.00	791.00	800.00	813.00	830.00	865.00	917.00	942.00	995.00	1042.00	1033.00	1076.00	1031.00	918.00	990.00	954.00	869.00	825.00	910.00	939.00	1039.00	983.00	898.00	958.00	1042.00	1087.00	1044.00	1088.00	1067.00	991.00	1016.00	965.00	922.00	937.00	988.00	948.00	1087.00	1112.00	1047.00	990.00	836.00	785.00	812.00	858.00	845.00	783.00	774.00	732.00	702.00	770.00	792.00	725.00	705.00	706.00	666.00	661.00	699.00	688.00	665.00	640.00	654.00	674.00	704.00	738.00	777.00	814.00	840.00
701.00	704.00	711.00	727.00	737.00	743.00	767.00	787.00	809.00	896.00	924.00	922.00	886.00	826.00	755.00	732.00	713.00	681.00	663.00	664.00	680.00	705.00	734.00	763.00	778.00	805.00	844.00	859.00	847.00	902.00	966.00	1068.00	1074.00	1016.00	965.00	918.00	816.00	787.00	788.00	798.00	801.00	812.00	818.00	824.00	832.00	849.00	850.00	846.00	848.00	855.00	895.00	989.00	1027.00	1111.00	1192.00	1224.00	1256.00	1192.00	1127.00	1033.00	961.00	901.00	859.00	877.00	932.00	978.00	972.00	960.00	919.00	895.00	878.00	859.00	839.00	826.00	804.00	802.00	809.00	810.00	811.00	809.00	799.00	791.00	785.00	779.00	777.00	778.00	771.00	763.00	784.00	818.00	828.00	828.00	791.00	838.00	961.00	1117.00	1101.00	1029.00	968.00	970.00	1000.00	1068.00	1095.00	1041.00	975.00	967.00	991.00	1031.00	1021.00	978.00	932.00	896.00	927.00	1007.00	984.00	990.00	978.00	910.00	887.00	845.00	823.00	808.00	782.00	793.00	795.00	765.00	713.00	683.00	683.00	697.00	689.00	670.00	707.00	777.00	832.00	951.00	904.00	851.00	798.00	719.00	724.00	742.00	764.00	812.00	829.00	861.00	992.00	1086.00	1235.00	1132.00	1018.00	934.00	870.00	807.00	790.00	779.00	770.00	752.00	742.00	725.00	720.00	778.00	772.00	727.00	719.00	738.00	698.00	665.00	627.00	614.00	609.00	593.00	593.00	639.00	707.00	792.00	809.00	815.00	801.00	772.00	709.00	695.00	692.00	694.00	707.00	713.00	724.00	753.00	805.00	884.00	920.00	965.00	1029.00	1001.00	984.00	1058.00	1141.00	1173.00	1226.00	1229.00	1188.00	1105.00	1026.00	983.00	963.00	901.00	866.00	1064.00	1049.00	1079.00	1080.00	936.00	974.00	982.00	1033.00	1100.00	1176.00	1220.00	1186.00	1166.00	1064.00	1008.00	981.00	1018.00	1022.00	1078.00	1116.00	1041.00	957.00	884.00	908.00	934.00	1009.00	1010.00	814.00	747.00	720.00	727.00	782.00	747.00	702.00	687.00	675.00	673.00	719.00	767.00	740.00	717.00	650.00	652.00	665.00	692.00	729.00	787.00	856.00	923.00
740.00	773.00	784.00	772.00	771.00	821.00	813.00	800.00	825.00	878.00	883.00	863.00	849.00	853.00	785.00	752.00	716.00	690.00	692.00	684.00	673.00	681.00	693.00	726.00	750.00	763.00	779.00	834.00	862.00	904.00	935.00	952.00	938.00	892.00	841.00	795.00	782.00	795.00	819.00	858.00	881.00	960.00	979.00	958.00	973.00	971.00	959.00	957.00	943.00	923.00	879.00	955.00	1013.00	1079.00	1201.00	1283.00	1283.00	1180.00	1125.00	992.00	926.00	883.00	920.00	1024.00	1110.00	1177.00	1182.00	1156.00	1102.00	1029.00	947.00	894.00	817.00	817.00	834.00	858.00	846.00	871.00	880.00	864.00	857.00	846.00	843.00	849.00	836.00	812.00	803.00	835.00	860.00	902.00	884.00	831.00	810.00	860.00	961.00	1039.00	1034.00	1022.00	1012.00	1027.00	1054.00	1097.00	1082.00	1050.00	1034.00	1035.00	1048.00	1069.00	1057.00	1012.00	972.00	946.00	968.00	994.00	932.00	978.00	962.00	872.00	830.00	794.00	775.00	761.00	735.00	723.00	722.00	689.00	662.00	665.00	678.00	714.00	774.00	738.00	720.00	794.00	842.00	978.00	948.00	884.00	837.00	753.00	736.00	755.00	777.00	810.00	953.00	941.00	975.00	1009.00	1202.00	1154.00	1031.00	945.00	883.00	891.00	862.00	842.00	815.00	771.00	759.00	748.00	752.00	791.00	799.00	764.00	750.00	741.00	666.00	681.00	713.00	698.00	652.00	618.00	594.00	577.00	600.00	767.00	859.00	954.00	968.00	965.00	925.00	882.00	839.00	817.00	812.00	857.00	899.00	909.00	1006.00	1082.00	1125.00	1147.00	1183.00	1204.00	1174.00	1170.00	1167.00	1110.00	1125.00	1131.00	1096.00	1078.00	1015.00	949.00	918.00	888.00	929.00	1038.00	1075.00	1159.00	1128.00	1040.00	1057.00	1098.00	1107.00	1158.00	1232.00	1179.00	1166.00	1200.00	1151.00	1165.00	1176.00	1160.00	1141.00	1132.00	1130.00	1066.00	978.00	941.00	990.00	1069.00	1088.00	1019.00	828.00	771.00	747.00	751.00	754.00	712.00	706.00	700.00	713.00	752.00	744.00	792.00	819.00	726.00	663.00	665.00	675.00	701.00	728.00	758.00	812.00	870.00
740.00	773.00	784.00	772.00	771.00	821.00	813.00	800.00	825.00	878.00	883.00	863.00	849.00	853.00	785.00	752.00	716.00	690.00	692.00	684.00	673.00	681.00	693.00	726.00	750.00	763.00	779.00	834.00	862.00	904.00	935.00	952.00	938.00	892.00	841.00	795.00	782.00	795.00	819.00	858.00	881.00	960.00	979.00	958.00	973.00	971.00	959.00	957.00	943.00	923.00	879.00	955.00	1013.00	1079.00	1201.00	1283.00	1283.00	1180.00	1125.00	992.00	926.00	883.00	920.00	1024.00	1110.00	1177.00	1182.00	1156.00	1102.00	1029.00	947.00	894.00	817.00	817.00	834.00	858.00	846.00	871.00	880.00	864.00	857.00	846.00	843.00	849.00	836.00	812.00	803.00	835.00	860.00	902.00	884.00	831.00	810.00	860.00	961.00	1039.00	1034.00	1022.00	1012.00	1027.00	1054.00	1097.00	1082.00	1050.00	1034.00	1035.00	1048.00	1069.00	1057.00	1012.00	972.00	946.00	968.00	994.00	932.00	978.00	962.00	872.00	830.00	794.00	775.00	761.00	735.00	723.00	722.00	689.00	662.00	665.00	678.00	714.00	774.00	738.00	720.00	794.00	842.00	978.00	948.00	884.00	837.00	753.00	736.00	755.00	777.00	810.00	953.00	941.00	975.00	1009.00	1202.00	1154.00	1031.00	945.00	883.00	891.00	862.00	842.00	815.00	771.00	759.00	748.00	752.00	791.00	799.00	764.00	750.00	741.00	666.00	681.00	713.00	698.00	652.00	618.00	594.00	577.00	600.00	767.00	859.00	954.00	968.00	965.00	925.00	882.00	839.00	817.00	812.00	857.00	899.00	909.00	1006.00	1082.00	1125.00	1147.00	1183.00	1204.00	1174.00	1170.00	1167.00	1110.00	1125.00	1131.00	1096.00	1078.00	1015.00	949.00	918.00	888.00	929.00	1038.00	1075.00	1159.00	1128.00	1040.00	1057.00	1098.00	1107.00	1158.00	1232.00	1179.00	1166.00	1200.00	1151.00	1165.00	1176.00	1160.00	1141.00	1132.00	1130.00	1066.00	978.00	941.00	990.00	1069.00	1088.00	1019.00	828.00	771.00	747.00	751.00	754.00	712.00	706.00	700.00	713.00	752.00	744.00	792.00	819.00	726.00	663.00	665.00	675.00	701.00	728.00	758.00	812.00	870.00
740.00	773.00	784.00	772.00	771.00	821.00	813.00	800.00	825.00	878.00	883.00	863.00	849.00	853.00	785.00	752.00	716.00	690.00	692.00	684.00	673.00	681.00	693.00	726.00	750.00	763.00	779.00	834.00	862.00	904.00	935.00	952.00	938.00	892.00	841.00	795.00	782.00	795.00	819.00	858.00	881.00	960.00	979.00	958.00	973.00	971.00	959.00	957.00	943.00	923.00	879.00	955.00	1013.00	1079.00	1201.00	1283.00	1283.00	1180.00	1125.00	992.00	926.00	883.00	920.00	1024.00	1110.00	1177.00	1182.00	1156.00	1102.00	1029.00	947.00	894.00	817.00	817.00	834.00	858.00	846.00	871.00	880.00	864.00	857.00	846.00	843.00	849.00	836.00	812.00	803.00	835.00	860.00	902.00	884.00	831.00	810.00	860.00	961.00	1039.00	1034.00	1022.00	1012.00	1027.00	1054.00	1097.00	1082.00	1050.00	1034.00	1035.00	1048.00	1069.00	1057.00	1012.00	972.00	946.00	968.00	994.00	932.00	978.00	962.00	872.00	830.00	794.00	775.00	761.00	735.00	723.00	722.00	689.00	662.00	665.00	678.00	714.00	774.00	738.00	720.00	794.00	842.00	978.00	948.00	884.00	837.00	753.00	736.00	755.00	777.00	810.00	953.00	941.00	975.00	1009.00	1202.00	1154.00	1031.00	945.00	883.00	891.00	862.00	842.00	815.00	771.00	759.00	748.00	752.00	791.00	799.00	764.00	750.00	741.00	666.00	681.00	713.00	698.00	652.00	618.00	594.00	577.00	600.00	767.00	859.00	954.00	968.00	965.00	925.00	882.00	839.00	817.00	812.00	857.00	899.00	909.00	1006.00	1082.00	1125.00	1147.00	1183.00	1204.00	1174.00	1170.00	1167.00	1110.00	1125.00	1131.00	1096.00	1078.00	1015.00	949.00	918.00	888.00	929.00	1038.00	1075.00	1159.00	1128.00	1040.00	1057.00	1098.00	1107.00	1158.00	1232.00	1179.00	1166.00	1200.00	1151.00	1165.00	1176.00	1160.00	1141.00	1132.00	1130.00	1066.00	978.00	941.00	990.00	1069.00	1088.00	1019.00	828.00	771.00	747.00	751.00	754.00	712.00	706.00	700.00	713.00	752.00	744.00	792.00	819.00	726.00	663.00	665.00	675.00	701.00	728.00	758.00	812.00	870.00
768.00	781.00	811.00	851.00	879.00	888.00	943.00	940.00	862.00	789.00	837.00	856.00	816.00	800.00	745.00	742.00	729.00	692.00	723.00	738.00	699.00	688.00	685.00	696.00	706.00	719.00	737.00	788.00	813.00	846.00	869.00	865.00	849.00	793.00	757.00	756.00	798.00	816.00	830.00	844.00	869.00	1001.00	1062.00	1124.00	1162.00	1182.00	1174.00	1176.00	1123.00	1040.00	906.00	944.00	983.00	1032.00	1173.00	1252.00	1207.00	1111.00	1057.00	940.00	900.00	900.00	1036.00	1228.00	1243.00	1161.00	1083.00	1020.00	986.00	936.00	895.00	850.00	857.00	886.00	907.00	902.00	881.00	893.00	973.00	979.00	940.00	935.00	902.00	853.00	837.00	811.00	853.00	905.00	965.00	1008.00	890.00	831.00	850.00	878.00	922.00	959.00	975.00	988.00	1003.00	1026.00	1040.00	1065.00	1062.00	1048.00	1035.00	1048.00	1063.00	1078.00	1082.00	1047.00	1015.00	1001.00	1021.00	919.00	911.00	988.00	977.00	915.00	847.00	804.00	782.00	762.00	739.00	720.00	693.00	674.00	687.00	713.00	761.00	820.00	835.00	784.00	732.00	778.00	843.00	967.00	947.00	907.00	874.00	795.00	760.00	777.00	800.00	815.00	915.00	1007.00	1154.00	1202.00	1305.00	1232.00	1120.00	1049.00	1046.00	1012.00	928.00	878.00	843.00	794.00	783.00	771.00	777.00	798.00	796.00	763.00	751.00	726.00	714.00	786.00	783.00	730.00	674.00	640.00	597.00	570.00	566.00	632.00	720.00	779.00	795.00	807.00	806.00	786.00	760.00	779.00	815.00	844.00	849.00	846.00	989.00	1052.00	1009.00	967.00	997.00	1119.00	1058.00	979.00	922.00	887.00	956.00	993.00	1032.00	1095.00	1083.00	1055.00	1001.00	950.00	969.00	1117.00	1144.00	1196.00	1165.00	1111.00	1098.00	1096.00	1115.00	1126.00	1084.00	1027.00	987.00	1024.00	1032.00	1093.00	1155.00	1146.00	1093.00	977.00	990.00	1047.00	1061.00	1126.00	1132.00	1152.00	1101.00	1007.00	843.00	805.00	770.00	786.00	756.00	714.00	725.00	752.00	797.00	870.00	853.00	849.00	809.00	729.00	682.00	679.00	695.00	744.00	744.00	778.00	835.00	863.00
755.00	770.00	785.00	805.00	830.00	815.00	848.00	853.00	809.00	788.00	835.00	860.00	854.00	833.00	816.00	782.00	722.00	687.00	731.00	755.00	749.00	741.00	724.00	691.00	694.00	700.00	709.00	734.00	750.00	759.00	776.00	778.00	747.00	744.00	751.00	762.00	795.00	817.00	840.00	874.00	930.00	1119.00	1117.00	1110.00	1114.00	1151.00	1195.00	1237.00	1165.00	1074.00	1011.00	986.00	996.00	1053.00	1171.00	1253.00	1187.00	1079.00	997.00	917.00	917.00	950.00	1146.00	1324.00	1306.00	1272.00	1204.00	1084.00	906.00	872.00	851.00	841.00	909.00	948.00	963.00	937.00	898.00	920.00	949.00	988.00	991.00	916.00	884.00	839.00	843.00	862.00	899.00	971.00	1017.00	999.00	866.00	868.00	911.00	945.00	1023.00	972.00	970.00	969.00	972.00	992.00	1002.00	1023.00	1024.00	994.00	1000.00	1022.00	1040.00	1059.00	1073.00	1043.00	1032.00	1019.00	969.00	864.00	869.00	907.00	890.00	843.00	810.00	783.00	759.00	743.00	702.00	690.00	681.00	689.00	756.00	802.00	844.00	862.00	834.00	807.00	759.00	744.00	788.00	894.00	912.00	893.00	880.00	841.00	806.00	788.00	805.00	822.00	868.00	916.00	1040.00	1108.00	1310.00	1235.00	1130.00	1055.00	1010.00	898.00	872.00	853.00	837.00	800.00	794.00	793.00	799.00	795.00	758.00	739.00	734.00	789.00	811.00	838.00	836.00	774.00	781.00	759.00	661.00	588.00	579.00	596.00	608.00	624.00	627.00	628.00	630.00	634.00	639.00	641.00	649.00	658.00	670.00	695.00	761.00	811.00	794.00	797.00	846.00	887.00	845.00	797.00	809.00	896.00	1088.00	1090.00	1074.00	1039.00	1002.00	1045.00	1058.00	1023.00	1003.00	1178.00	1280.00	1181.00	1200.00	1174.00	1108.00	1042.00	1042.00	1054.00	991.00	995.00	998.00	1010.00	919.00	930.00	976.00	996.00	960.00	923.00	970.00	1035.00	1095.00	1245.00	1285.00	1189.00	1088.00	1026.00	937.00	839.00	817.00	860.00	767.00	741.00	740.00	803.00	859.00	805.00	778.00	793.00	814.00	753.00	704.00	707.00	744.00	750.00	847.00	873.00	912.00	956.00
755.00	770.00	785.00	805.00	830.00	815.00	848.00	853.00	809.00	788.00	835.00	860.00	854.00	833.00	816.00	782.00	722.00	687.00	731.00	755.00	749.00	741.00	724.00	691.00	694.00	700.00	709.00	734.00	750.00	759.00	776.00	778.00	747.00	744.00	751.00	762.00	795.00	817.00	840.00	874.00	930.00	1119.00	1117.00	1110.00	1114.00	1151.00	1195.00	1237.00	1165.00	1074.00	1011.00	986.00	996.00	1053.00	1171.00	1253.00	1187.00	1079.00	997.00	917.00	917.00	950.00	1146.00	1324.00	1306.00	1272.00	1204.00	1084.00	906.00	872.00	851.00	841.00	909.00	948.00	963.00	937.00	898.00	920.00	949.00	988.00	991.00	916.00	884.00	839.00	843.00	862.00	899.00	971.00	1017.00	999.00	866.00	868.00	911.00	945.00	1023.00	972.00	970.00	969.00	972.00	992.00	1002.00	1023.00	1024.00	994.00	1000.00	1022.00	1040.00	1059.00	1073.00	1043.00	1032.00	1019.00	969.00	864.00	869.00	907.00	890.00	843.00	810.00	783.00	759.00	743.00	702.00	690.00	681.00	689.00	756.00	802.00	844.00	862.00	834.00	807.00	759.00	744.00	788.00	894.00	912.00	893.00	880.00	841.00	806.00	788.00	805.00	822.00	868.00	916.00	1040.00	1108.00	1310.00	1235.00	1130.00	1055.00	1010.00	898.00	872.00	853.00	837.00	800.00	794.00	793.00	799.00	795.00	758.00	739.00	734.00	789.00	811.00	838.00	836.00	774.00	781.00	759.00	661.00	588.00	579.00	596.00	608.00	624.00	627.00	628.00	630.00	634.00	639.00	641.00	649.00	658.00	670.00	695.00	761.00	811.00	794.00	797.00	846.00	887.00	845.00	797.00	809.00	896.00	1088.00	1090.00	1074.00	1039.00	1002.00	1045.00	1058.00	1023.00	1003.00	1178.00	1280.00	1181.00	1200.00	1174.00	1108.00	1042.00	1042.00	1054.00	991.00	995.00	998.00	1010.00	919.00	930.00	976.00	996.00	960.00	923.00	970.00	1035.00	1095.00	1245.00	1285.00	1189.00	1088.00	1026.00	937.00	839.00	817.00	860.00	767.00	741.00	740.00	803.00	859.00	805.00	778.00	793.00	814.00	753.00	704.00	707.00	744.00	750.00	847.00	873.00	912.00	956.00
886.00	904.00	918.00	933.00	914.00	797.00	733.00	718.00	725.00	866.00	917.00	915.00	877.00	845.00	784.00	756.00	705.00	696.00	762.00	785.00	794.00	792.00	785.00	744.00	724.00	709.00	705.00	708.00	714.00	719.00	723.00	729.00	752.00	768.00	778.00	775.00	803.00	824.00	857.00	916.00	976.00	1059.00	1045.00	1075.00	1101.00	1227.00	1287.00	1318.00	1237.00	1170.00	1153.00	1142.00	1147.00	1205.00	1275.00	1194.00	1110.00	1036.00	968.00	936.00	958.00	997.00	1139.00	1336.00	1304.00	1217.00	1134.00	1041.00	874.00	848.00	882.00	938.00	1012.00	1004.00	959.00	923.00	945.00	1037.00	1053.00	1037.00	999.00	975.00	908.00	884.00	933.00	985.00	1000.00	985.00	934.00	909.00	908.00	920.00	993.00	1067.00	1134.00	999.00	980.00	966.00	950.00	936.00	944.00	951.00	972.00	951.00	967.00	990.00	1012.00	1039.00	1006.00	978.00	970.00	933.00	913.00	868.00	833.00	815.00	812.00	811.00	777.00	753.00	738.00	722.00	694.00	684.00	684.00	742.00	830.00	867.00	886.00	884.00	821.00	816.00	823.00	798.00	768.00	824.00	827.00	841.00	863.00	853.00	840.00	819.00	817.00	832.00	864.00	892.00	1001.00	1105.00	1297.00	1195.00	1097.00	1027.00	981.00	853.00	828.00	806.00	802.00	796.00	794.00	789.00	795.00	821.00	787.00	772.00	798.00	851.00	928.00	921.00	916.00	932.00	952.00	810.00	728.00	638.00	576.00	580.00	604.00	731.00	772.00	780.00	743.00	720.00	710.00	738.00	702.00	706.00	695.00	700.00	688.00	692.00	700.00	706.00	714.00	730.00	732.00	734.00	771.00	816.00	900.00	882.00	888.00	949.00	1015.00	999.00	1026.00	1011.00	1039.00	1116.00	1195.00	1308.00	1321.00	1266.00	1178.00	1129.00	1183.00	1216.00	1150.00	1142.00	1174.00	1160.00	1021.00	962.00	899.00	877.00	874.00	956.00	1013.00	1116.00	1187.00	1211.00	1258.00	1247.00	1168.00	1082.00	902.00	849.00	882.00	857.00	768.00	743.00	775.00	847.00	876.00	801.00	770.00	746.00	726.00	713.00	740.00	821.00	893.00	818.00	762.00	779.00	805.00	834.00
886.00	904.00	918.00	933.00	914.00	797.00	733.00	718.00	725.00	866.00	917.00	915.00	877.00	845.00	784.00	756.00	705.00	696.00	762.00	785.00	794.00	792.00	785.00	744.00	724.00	709.00	705.00	708.00	714.00	719.00	723.00	729.00	752.00	768.00	778.00	775.00	803.00	824.00	857.00	916.00	976.00	1059.00	1045.00	1075.00	1101.00	1227.00	1287.00	1318.00	1237.00	1170.00	1153.00	1142.00	1147.00	1205.00	1275.00	1194.00	1110.00	1036.00	968.00	936.00	958.00	997.00	1139.00	1336.00	1304.00	1217.00	1134.00	1041.00	874.00	848.00	882.00	938.00	1012.00	1004.00	959.00	923.00	945.00	1037.00	1053.00	1037.00	999.00	975.00	908.00	884.00	933.00	985.00	1000.00	985.00	934.00	909.00	908.00	920.00	993.00	1067.00	1134.00	999.00	980.00	966.00	950.00	936.00	944.00	951.00	972.00	951.00	967.00	990.00	1012.00	1039.00	1006.00	978.00	970.00	933.00	913.00	868.00	833.00	815.00	812.00	811.00	777.00	753.00	738.00	722.00	694.00	684.00	684.00	742.00	830.00	867.00	886.00	884.00	821.00	816.00	823.00	798.00	768.00	824.00	827.00	841.00	863.00	853.00	840.00	819.00	817.00	832.00	864.00	892.00	1001.00	1105.00	1297.00	1195.00	1097.00	1027.00	981.00	853.00	828.00	806.00	802.00	796.00	794.00	789.00	795.00	821.00	787.00	772.00	798.00	851.00	928.00	921.00	916.00	932.00	952.00	810.00	728.00	638.00	576.00	580.00	604.00	731.00	772.00	780.00	743.00	720.00	710.00	738.00	702.00	706.00	695.00	700.00	688.00	692.00	700.00	706.00	714.00	730.00	732.00	734.00	771.00	816.00	900.00	882.00	888.00	949.00	1015.00	999.00	1026.00	1011.00	1039.00	1116.00	1195.00	1308.00	1321.00	1266.00	1178.00	1129.00	1183.00	1216.00	1150.00	1142.00	1174.00	1160.00	1021.00	962.00	899.00	877.00	874.00	956.00	1013.00	1116.00	1187.00	1211.00	1258.00	1247.00	1168.00	1082.00	902.00	849.00	882.00	857.00	768.00	743.00	775.00	847.00	876.00	801.00	770.00	746.00	726.00	713.00	740.00	821.00	893.00	818.00	762.00	779.00	805.00	834.00
877.00	877.00	841.00	816.00	795.00	727.00	693.00	706.00	738.00	855.00	855.00	819.00	800.00	801.00	777.00	725.00	700.00	713.00	759.00	781.00	816.00	826.00	829.00	812.00	796.00	781.00	763.00	736.00	733.00	729.00	724.00	733.00	762.00	780.00	806.00	819.00	818.00	831.00	848.00	888.00	907.00	997.00	1039.00	1098.00	1153.00	1276.00	1307.00	1262.00	1211.00	1202.00	1281.00	1278.00	1329.00	1333.00	1177.00	1089.00	1030.00	1017.00	999.00	1032.00	1052.00	1038.00	1194.00	1323.00	1234.00	1138.00	1041.00	950.00	866.00	880.00	953.00	1050.00	1158.00	1070.00	1016.00	999.00	999.00	1040.00	1083.00	1106.00	1079.00	956.00	922.00	978.00	1017.00	1000.00	940.00	928.00	949.00	1027.00	1025.00	1028.00	1097.00	1175.00	1122.00	1014.00	987.00	955.00	931.00	899.00	890.00	892.00	892.00	885.00	947.00	977.00	991.00	1013.00	950.00	921.00	906.00	883.00	868.00	860.00	869.00	817.00	785.00	752.00	742.00	731.00	719.00	711.00	688.00	685.00	708.00	793.00	864.00	902.00	931.00	905.00	926.00	934.00	928.00	895.00	838.00	831.00	868.00	880.00	887.00	900.00	881.00	858.00	844.00	849.00	871.00	882.00	939.00	1001.00	1166.00	1155.00	1221.00	1212.00	1093.00	896.00	859.00	831.00	785.00	756.00	750.00	758.00	753.00	771.00	737.00	740.00	744.00	754.00	817.00	835.00	872.00	923.00	953.00	874.00	763.00	644.00	566.00	558.00	587.00	699.00	787.00	839.00	862.00	854.00	836.00	829.00	829.00	811.00	794.00	849.00	778.00	787.00	778.00	754.00	801.00	777.00	755.00	799.00	850.00	855.00	784.00	806.00	859.00	911.00	864.00	877.00	895.00	904.00	938.00	1059.00	1107.00	1259.00	1211.00	1257.00	1272.00	1263.00	1258.00	1234.00	1073.00	1017.00	1061.00	1131.00	1049.00	978.00	911.00	871.00	850.00	910.00	943.00	974.00	979.00	1131.00	1210.00	1179.00	1084.00	984.00	850.00	830.00	852.00	829.00	759.00	765.00	839.00	840.00	810.00	765.00	748.00	730.00	729.00	762.00	802.00	907.00	989.00	855.00	873.00	877.00	867.00	910.00
877.00	877.00	841.00	816.00	795.00	727.00	693.00	706.00	738.00	855.00	855.00	819.00	800.00	801.00	777.00	725.00	700.00	713.00	759.00	781.00	816.00	826.00	829.00	812.00	796.00	781.00	763.00	736.00	733.00	729.00	724.00	733.00	762.00	780.00	806.00	819.00	818.00	831.00	848.00	888.00	907.00	997.00	1039.00	1098.00	1153.00	1276.00	1307.00	1262.00	1211.00	1202.00	1281.00	1278.00	1329.00	1333.00	1177.00	1089.00	1030.00	1017.00	999.00	1032.00	1052.00	1038.00	1194.00	1323.00	1234.00	1138.00	1041.00	950.00	866.00	880.00	953.00	1050.00	1158.00	1070.00	1016.00	999.00	999.00	1040.00	1083.00	1106.00	1079.00	956.00	922.00	978.00	1017.00	1000.00	940.00	928.00	949.00	1027.00	1025.00	1028.00	1097.00	1175.00	1122.00	1014.00	987.00	955.00	931.00	899.00	890.00	892.00	892.00	885.00	947.00	977.00	991.00	1013.00	950.00	921.00	906.00	883.00	868.00	860.00	869.00	817.00	785.00	752.00	742.00	731.00	719.00	711.00	688.00	685.00	708.00	793.00	864.00	902.00	931.00	905.00	926.00	934.00	928.00	895.00	838.00	831.00	868.00	880.00	887.00	900.00	881.00	858.00	844.00	849.00	871.00	882.00	939.00	1001.00	1166.00	1155.00	1221.00	1212.00	1093.00	896.00	859.00	831.00	785.00	756.00	750.00	758.00	753.00	771.00	737.00	740.00	744.00	754.00	817.00	835.00	872.00	923.00	953.00	874.00	763.00	644.00	566.00	558.00	587.00	699.00	787.00	839.00	862.00	854.00	836.00	829.00	829.00	811.00	794.00	849.00	778.00	787.00	778.00	754.00	801.00	777.00	755.00	799.00	850.00	855.00	784.00	806.00	859.00	911.00	864.00	877.00	895.00	904.00	938.00	1059.00	1107.00	1259.00	1211.00	1257.00	1272.00	1263.00	1258.00	1234.00	1073.00	1017.00	1061.00	1131.00	1049.00	978.00	911.00	871.00	850.00	910.00	943.00	974.00	979.00	1131.00	1210.00	1179.00	1084.00	984.00	850.00	830.00	852.00	829.00	759.00	765.00	839.00	840.00	810.00	765.00	748.00	730.00	729.00	762.00	802.00	907.00	989.00	855.00	873.00	877.00	867.00	910.00
692.00	690.00	695.00	697.00	690.00	679.00	694.00	714.00	726.00	748.00	747.00	767.00	816.00	870.00	775.00	726.00	710.00	729.00	757.00	777.00	820.00	839.00	857.00	868.00	855.00	847.00	840.00	834.00	817.00	794.00	775.00	742.00	743.00	760.00	784.00	804.00	832.00	858.00	896.00	961.00	1006.00	1029.00	1071.00	1132.00	1182.00	1151.00	1128.00	1135.00	1103.00	1105.00	1128.00	1274.00	1329.00	1320.00	1108.00	1064.00	1070.00	1125.00	1166.00	1158.00	1141.00	1122.00	1187.00	1146.00	1087.00	1003.00	936.00	896.00	884.00	945.00	1038.00	1144.00	1120.00	1092.00	1141.00	1174.00	1182.00	1142.00	1118.00	1097.00	1083.00	1002.00	978.00	986.00	966.00	958.00	997.00	1029.00	1066.00	1143.00	1135.00	1127.00	1142.00	1159.00	1074.00	988.00	954.00	927.00	912.00	918.00	947.00	965.00	917.00	898.00	902.00	924.00	942.00	933.00	889.00	875.00	865.00	848.00	835.00	822.00	855.00	816.00	800.00	773.00	758.00	744.00	729.00	709.00	691.00	702.00	742.00	825.00	906.00	969.00	985.00	965.00	986.00	951.00	919.00	891.00	850.00	819.00	849.00	861.00	874.00	906.00	887.00	873.00	881.00	897.00	923.00	907.00	887.00	906.00	977.00	1064.00	1145.00	1191.00	1091.00	909.00	883.00	859.00	825.00	771.00	758.00	741.00	721.00	707.00	709.00	736.00	742.00	705.00	681.00	681.00	689.00	709.00	736.00	760.00	703.00	601.00	559.00	566.00	586.00	623.00	652.00	692.00	749.00	774.00	800.00	823.00	912.00	943.00	959.00	1033.00	910.00	896.00	943.00	887.00	884.00	962.00	897.00	873.00	936.00	1018.00	945.00	934.00	865.00	848.00	858.00	907.00	910.00	928.00	978.00	1143.00	1243.00	1235.00	1152.00	1081.00	1089.00	1104.00	1098.00	1092.00	1064.00	1000.00	944.00	934.00	904.00	890.00	878.00	873.00	863.00	840.00	859.00	873.00	883.00	1203.00	1174.00	1091.00	1000.00	914.00	821.00	803.00	801.00	794.00	818.00	862.00	872.00	830.00	828.00	851.00	795.00	755.00	755.00	794.00	852.00	915.00	958.00	972.00	924.00	1001.00	1044.00	1053.00
673.00	691.00	699.00	700.00	696.00	705.00	713.00	726.00	751.00	766.00	784.00	822.00	882.00	920.00	785.00	737.00	716.00	746.00	801.00	812.00	837.00	854.00	869.00	895.00	901.00	901.00	900.00	900.00	893.00	875.00	867.00	827.00	750.00	747.00	754.00	765.00	803.00	823.00	864.00	937.00	1004.00	1126.00	1129.00	1161.00	1159.00	1054.00	1018.00	1039.00	1035.00	995.00	1141.00	1275.00	1329.00	1350.00	1272.00	1255.00	1261.00	1261.00	1186.00	1113.00	1058.00	1017.00	1011.00	969.00	937.00	910.00	895.00	889.00	990.00	1081.00	1145.00	1197.00	1140.00	1078.00	1091.00	1156.00	1217.00	1182.00	1127.00	1081.00	1060.00	1007.00	1032.00	998.00	1009.00	1024.00	1068.00	1133.00	1188.00	1196.00	1113.00	1069.00	1047.00	1036.00	1015.00	957.00	944.00	931.00	936.00	973.00	1007.00	1000.00	975.00	974.00	861.00	850.00	837.00	829.00	826.00	827.00	823.00	813.00	801.00	783.00	786.00	765.00	756.00	740.00	731.00	727.00	716.00	699.00	701.00	723.00	756.00	850.00	953.00	1012.00	1000.00	982.00	931.00	916.00	905.00	875.00	841.00	839.00	834.00	840.00	850.00	894.00	900.00	908.00	927.00	944.00	916.00	888.00	848.00	859.00	919.00	962.00	1005.00	1025.00	979.00	927.00	938.00	907.00	838.00	746.00	741.00	750.00	771.00	746.00	755.00	822.00	861.00	851.00	828.00	816.00	771.00	721.00	681.00	634.00	611.00	580.00	568.00	590.00	594.00	613.00	645.00	713.00	807.00	835.00	857.00	890.00	996.00	1070.00	1143.00	1150.00	1036.00	1020.00	1038.00	1018.00	1022.00	1032.00	998.00	988.00	997.00	1046.00	1140.00	1083.00	1024.00	1002.00	962.00	1005.00	1013.00	1027.00	1059.00	1158.00	1203.00	1261.00	1195.00	1144.00	1096.00	1038.00	997.00	986.00	968.00	954.00	977.00	970.00	1062.00	1034.00	992.00	943.00	904.00	858.00	832.00	821.00	841.00	1087.00	1081.00	1015.00	938.00	875.00	816.00	805.00	790.00	790.00	876.00	939.00	894.00	878.00	906.00	887.00	823.00	786.00	800.00	886.00	907.00	872.00	926.00	1107.00	1088.00	1074.00	1070.00	1022.00
673.00	691.00	699.00	700.00	696.00	705.00	713.00	726.00	751.00	766.00	784.00	822.00	882.00	920.00	785.00	737.00	716.00	746.00	801.00	812.00	837.00	854.00	869.00	895.00	901.00	901.00	900.00	900.00	893.00	875.00	867.00	827.00	750.00	747.00	754.00	765.00	803.00	823.00	864.00	937.00	1004.00	1126.00	1129.00	1161.00	1159.00	1054.00	1018.00	1039.00	1035.00	995.00	1141.00	1275.00	1329.00	1350.00	1272.00	1255.00	1261.00	1261.00	1186.00	1113.00	1058.00	1017.00	1011.00	969.00	937.00	910.00	895.00	889.00	990.00	1081.00	1145.00	1197.00	1140.00	1078.00	1091.00	1156.00	1217.00	1182.00	1127.00	1081.00	1060.00	1007.00	1032.00	998.00	1009.00	1024.00	1068.00	1133.00	1188.00	1196.00	1113.00	1069.00	1047.00	1036.00	1015.00	957.00	944.00	931.00	936.00	973.00	1007.00	1000.00	975.00	974.00	861.00	850.00	837.00	829.00	826.00	827.00	823.00	813.00	801.00	783.00	786.00	765.00	756.00	740.00	731.00	727.00	716.00	699.00	701.00	723.00	756.00	850.00	953.00	1012.00	1000.00	982.00	931.00	916.00	905.00	875.00	841.00	839.00	834.00	840.00	850.00	894.00	900.00	908.00	927.00	944.00	916.00	888.00	848.00	859.00	919.00	962.00	1005.00	1025.00	979.00	927.00	938.00	907.00	838.00	746.00	741.00	750.00	771.00	746.00	755.00	822.00	861.00	851.00	828.00	816.00	771.00	721.00	681.00	634.00	611.00	580.00	568.00	590.00	594.00	613.00	645.00	713.00	807.00	835.00	857.00	890.00	996.00	1070.00	1143.00	1150.00	1036.00	1020.00	1038.00	1018.00	1022.00	1032.00	998.00	988.00	997.00	1046.00	1140.00	1083.00	1024.00	1002.00	962.00	1005.00	1013.00	1027.00	1059.00	1158.00	1203.00	1261.00	1195.00	1144.00	1096.00	1038.00	997.00	986.00	968.00	954.00	977.00	970.00	1062.00	1034.00	992.00	943.00	904.00	858.00	832.00	821.00	841.00	1087.00	1081.00	1015.00	938.00	875.00	816.00	805.00	790.00	790.00	876.00	939.00	894.00	878.00	906.00	887.00	823.00	786.00	800.00	886.00	907.00	872.00	926.00	1107.00	1088.00	1074.00	1070.00	1022.00
660.00	680.00	699.00	705.00	688.00	712.00	722.00	731.00	748.00	820.00	853.00	894.00	940.00	938.00	818.00	755.00	725.00	742.00	799.00	813.00	814.00	816.00	826.00	848.00	859.00	875.00	902.00	935.00	937.00	934.00	924.00	873.00	808.00	771.00	755.00	755.00	772.00	787.00	810.00	843.00	882.00	963.00	967.00	953.00	939.00	940.00	928.00	929.00	954.00	960.00	1044.00	1118.00	1177.00	1247.00	1190.00	1192.00	1211.00	1256.00	1212.00	1117.00	1103.00	1068.00	1002.00	1012.00	1028.00	1013.00	983.00	950.00	1030.00	1065.00	1063.00	1059.00	1046.00	1041.00	1049.00	1075.00	1102.00	1088.00	1068.00	1049.00	1046.00	1055.00	1091.00	1066.00	1095.00	1119.00	1154.00	1210.00	1256.00	1221.00	1104.00	1100.00	1079.00	1091.00	1089.00	996.00	975.00	959.00	971.00	1016.00	1044.00	1032.00	1031.00	1023.00	926.00	904.00	877.00	855.00	809.00	790.00	782.00	777.00	771.00	758.00	746.00	740.00	736.00	723.00	720.00	716.00	708.00	701.00	749.00	764.00	796.00	866.00	1013.00	1023.00	984.00	956.00	892.00	862.00	844.00	833.00	833.00	894.00	909.00	912.00	886.00	883.00	883.00	888.00	883.00	874.00	849.00	843.00	825.00	827.00	870.00	945.00	1024.00	1014.00	931.00	860.00	870.00	898.00	850.00	769.00	773.00	823.00	850.00	802.00	801.00	862.00	924.00	951.00	953.00	940.00	895.00	841.00	798.00	721.00	639.00	581.00	574.00	593.00	599.00	612.00	623.00	640.00	693.00	706.00	731.00	778.00	912.00	988.00	997.00	972.00	1019.00	928.00	877.00	912.00	978.00	934.00	867.00	876.00	950.00	1021.00	1179.00	1172.00	1087.00	994.00	932.00	966.00	962.00	949.00	951.00	1048.00	1138.00	1320.00	1389.00	1291.00	1193.00	1139.00	1123.00	1088.00	1045.00	1065.00	1113.00	1119.00	1058.00	1006.00	982.00	950.00	989.00	963.00	888.00	853.00	838.00	863.00	875.00	865.00	850.00	835.00	819.00	804.00	788.00	777.00	871.00	865.00	902.00	893.00	867.00	898.00	851.00	835.00	894.00	1032.00	1067.00	984.00	1001.00	1136.00	1028.00	961.00	923.00	887.00
660.00	680.00	699.00	705.00	688.00	712.00	722.00	731.00	748.00	820.00	853.00	894.00	940.00	938.00	818.00	755.00	725.00	742.00	799.00	813.00	814.00	816.00	826.00	848.00	859.00	875.00	902.00	935.00	937.00	934.00	924.00	873.00	808.00	771.00	755.00	755.00	772.00	787.00	810.00	843.00	882.00	963.00	967.00	953.00	939.00	940.00	928.00	929.00	954.00	960.00	1044.00	1118.00	1177.00	1247.00	1190.00	1192.00	1211.00	1256.00	1212.00	1117.00	1103.00	1068.00	1002.00	1012.00	1028.00	1013.00	983.00	950.00	1030.00	1065.00	1063.00	1059.00	1046.00	1041.00	1049.00	1075.00	1102.00	1088.00	1068.00	1049.00	1046.00	1055.00	1091.00	1066.00	1095.00	1119.00	1154.00	1210.00	1256.00	1221.00	1104.00	1100.00	1079.00	1091.00	1089.00	996.00	975.00	959.00	971.00	1016.00	1044.00	1032.00	1031.00	1023.00	926.00	904.00	877.00	855.00	809.00	790.00	782.00	777.00	771.00	758.00	746.00	740.00	736.00	723.00	720.00	716.00	708.00	701.00	749.00	764.00	796.00	866.00	1013.00	1023.00	984.00	956.00	892.00	862.00	844.00	833.00	833.00	894.00	909.00	912.00	886.00	883.00	883.00	888.00	883.00	874.00	849.00	843.00	825.00	827.00	870.00	945.00	1024.00	1014.00	931.00	860.00	870.00	898.00	850.00	769.00	773.00	823.00	850.00	802.00	801.00	862.00	924.00	951.00	953.00	940.00	895.00	841.00	798.00	721.00	639.00	581.00	574.00	593.00	599.00	612.00	623.00	640.00	693.00	706.00	731.00	778.00	912.00	988.00	997.00	972.00	1019.00	928.00	877.00	912.00	978.00	934.00	867.00	876.00	950.00	1021.00	1179.00	1172.00	1087.00	994.00	932.00	966.00	962.00	949.00	951.00	1048.00	1138.00	1320.00	1389.00	1291.00	1193.00	1139.00	1123.00	1088.00	1045.00	1065.00	1113.00	1119.00	1058.00	1006.00	982.00	950.00	989.00	963.00	888.00	853.00	838.00	863.00	875.00	865.00	850.00	835.00	819.00	804.00	788.00	777.00	871.00	865.00	902.00	893.00	867.00	898.00	851.00	835.00	894.00	1032.00	1067.00	984.00	1001.00	1136.00	1028.00	961.00	923.00	887.00
666.00	663.00	678.00	693.00	705.00	729.00	743.00	746.00	753.00	792.00	833.00	886.00	904.00	873.00	774.00	758.00	743.00	734.00	759.00	760.00	762.00	781.00	794.00	826.00	835.00	851.00	850.00	856.00	883.00	898.00	907.00	932.00	890.00	839.00	800.00	773.00	779.00	786.00	790.00	797.00	803.00	827.00	840.00	841.00	840.00	927.00	998.00	1059.00	1119.00	1163.00	1228.00	1232.00	1228.00	1197.00	1099.00	1101.00	1153.00	1191.00	1222.00	1154.00	1169.00	1192.00	1136.00	1170.00	1256.00	1236.00	1186.00	1112.00	1015.00	1019.00	1065.00	1075.00	1046.00	1030.00	1023.00	1021.00	1022.00	1027.00	1022.00	1018.00	1013.00	1044.00	1060.00	1066.00	1129.00	1187.00	1264.00	1300.00	1317.00	1269.00	1266.00	1221.00	1180.00	1173.00	1066.00	1037.00	1002.00	997.00	1005.00	1051.00	1073.00	1075.00	1078.00	1048.00	967.00	945.00	917.00	892.00	840.00	814.00	797.00	799.00	806.00	795.00	783.00	769.00	756.00	724.00	714.00	705.00	703.00	721.00	820.00	860.00	890.00	982.00	1017.00	978.00	932.00	889.00	868.00	873.00	889.00	908.00	924.00	905.00	922.00	964.00	966.00	914.00	886.00	870.00	871.00	879.00	864.00	858.00	853.00	830.00	821.00	880.00	972.00	1065.00	1044.00	890.00	841.00	812.00	807.00	793.00	818.00	850.00	837.00	797.00	817.00	815.00	828.00	836.00	829.00	808.00	788.00	767.00	744.00	674.00	642.00	603.00	590.00	598.00	602.00	614.00	621.00	634.00	691.00	716.00	773.00	831.00	902.00	853.00	790.00	832.00	904.00	775.00	822.00	897.00	905.00	791.00	807.00	886.00	931.00	968.00	1031.00	1054.00	1002.00	905.00	867.00	875.00	878.00	905.00	956.00	1082.00	1156.00	1330.00	1338.00	1281.00	1240.00	1220.00	1175.00	1148.00	1212.00	1216.00	1162.00	1135.00	1124.00	1151.00	1156.00	1158.00	1175.00	1051.00	1010.00	1027.00	988.00	806.00	790.00	784.00	781.00	782.00	783.00	783.00	781.00	778.00	769.00	784.00	832.00	828.00	849.00	819.00	813.00	853.00	919.00	1093.00	1171.00	1130.00	1101.00	1067.00	1166.00	1123.00	1053.00	981.00
666.00	663.00	678.00	693.00	705.00	729.00	743.00	746.00	753.00	792.00	833.00	886.00	904.00	873.00	774.00	758.00	743.00	734.00	759.00	760.00	762.00	781.00	794.00	826.00	835.00	851.00	850.00	856.00	883.00	898.00	907.00	932.00	890.00	839.00	800.00	773.00	779.00	786.00	790.00	797.00	803.00	827.00	840.00	841.00	840.00	927.00	998.00	1059.00	1119.00	1163.00	1228.00	1232.00	1228.00	1197.00	1099.00	1101.00	1153.00	1191.00	1222.00	1154.00	1169.00	1192.00	1136.00	1170.00	1256.00	1236.00	1186.00	1112.00	1015.00	1019.00	1065.00	1075.00	1046.00	1030.00	1023.00	1021.00	1022.00	1027.00	1022.00	1018.00	1013.00	1044.00	1060.00	1066.00	1129.00	1187.00	1264.00	1300.00	1317.00	1269.00	1266.00	1221.00	1180.00	1173.00	1066.00	1037.00	1002.00	997.00	1005.00	1051.00	1073.00	1075.00	1078.00	1048.00	967.00	945.00	917.00	892.00	840.00	814.00	797.00	799.00	806.00	795.00	783.00	769.00	756.00	724.00	714.00	705.00	703.00	721.00	820.00	860.00	890.00	982.00	1017.00	978.00	932.00	889.00	868.00	873.00	889.00	908.00	924.00	905.00	922.00	964.00	966.00	914.00	886.00	870.00	871.00	879.00	864.00	858.00	853.00	830.00	821.00	880.00	972.00	1065.00	1044.00	890.00	841.00	812.00	807.00	793.00	818.00	850.00	837.00	797.00	817.00	815.00	828.00	836.00	829.00	808.00	788.00	767.00	744.00	674.00	642.00	603.00	590.00	598.00	602.00	614.00	621.00	634.00	691.00	716.00	773.00	831.00	902.00	853.00	790.00	832.00	904.00	775.00	822.00	897.00	905.00	791.00	807.00	886.00	931.00	968.00	1031.00	1054.00	1002.00	905.00	867.00	875.00	878.00	905.00	956.00	1082.00	1156.00	1330.00	1338.00	1281.00	1240.00	1220.00	1175.00	1148.00	1212.00	1216.00	1162.00	1135.00	1124.00	1151.00	1156.00	1158.00	1175.00	1051.00	1010.00	1027.00	988.00	806.00	790.00	784.00	781.00	782.00	783.00	783.00	781.00	778.00	769.00	784.00	832.00	828.00	849.00	819.00	813.00	853.00	919.00	1093.00	1171.00	1130.00	1101.00	1067.00	1166.00	1123.00	1053.00	981.00
775.00	700.00	676.00	688.00	702.00	713.00	716.00	730.00	753.00	842.00	879.00	921.00	919.00	887.00	788.00	802.00	790.00	782.00	753.00	748.00	754.00	763.00	785.00	833.00	812.00	799.00	792.00	806.00	811.00	816.00	824.00	872.00	885.00	855.00	826.00	804.00	816.00	844.00	860.00	866.00	860.00	836.00	833.00	829.00	825.00	891.00	992.00	1114.00	1192.00	1187.00	1151.00	1191.00	1161.00	1093.00	1072.00	1068.00	1049.00	1038.00	1050.00	1120.00	1194.00	1237.00	1343.00	1349.00	1360.00	1360.00	1307.00	1217.00	1100.00	1128.00	1207.00	1265.00	1172.00	1114.00	1064.00	1055.00	1052.00	1022.00	1015.00	1009.00	1001.00	997.00	1023.00	1069.00	1108.00	1172.00	1211.00	1181.00	1206.00	1263.00	1382.00	1304.00	1218.00	1138.00	1221.00	1126.00	1067.00	1039.00	1037.00	1059.00	1060.00	1062.00	1057.00	1049.00	974.00	951.00	927.00	901.00	866.00	849.00	840.00	827.00	816.00	785.00	747.00	745.00	740.00	720.00	710.00	707.00	725.00	778.00	886.00	922.00	957.00	1035.00	993.00	956.00	909.00	911.00	936.00	942.00	966.00	984.00	999.00	1013.00	995.00	1005.00	980.00	922.00	914.00	931.00	959.00	949.00	968.00	945.00	847.00	821.00	805.00	849.00	935.00	1029.00	1102.00	954.00	877.00	854.00	817.00	764.00	787.00	798.00	775.00	745.00	733.00	720.00	714.00	714.00	689.00	677.00	666.00	654.00	652.00	645.00	632.00	617.00	600.00	602.00	606.00	613.00	622.00	658.00	703.00	716.00	759.00	785.00	794.00	756.00	705.00	739.00	748.00	704.00	729.00	737.00	742.00	730.00	762.00	785.00	847.00	904.00	845.00	877.00	839.00	795.00	899.00	937.00	941.00	943.00	981.00	1085.00	1122.00	1282.00	1280.00	1126.00	1083.00	1065.00	1026.00	1002.00	1158.00	1182.00	1104.00	1002.00	1069.00	1062.00	1088.00	1143.00	1142.00	1107.00	1140.00	1143.00	1079.00	850.00	827.00	812.00	800.00	783.00	767.00	763.00	763.00	764.00	754.00	754.00	774.00	793.00	823.00	795.00	776.00	817.00	900.00	1017.00	1010.00	1076.00	1068.00	949.00	1034.00	1085.00	1120.00	1102.00
775.00	700.00	676.00	688.00	702.00	713.00	716.00	730.00	753.00	842.00	879.00	921.00	919.00	887.00	788.00	802.00	790.00	782.00	753.00	748.00	754.00	763.00	785.00	833.00	812.00	799.00	792.00	806.00	811.00	816.00	824.00	872.00	885.00	855.00	826.00	804.00	816.00	844.00	860.00	866.00	860.00	836.00	833.00	829.00	825.00	891.00	992.00	1114.00	1192.00	1187.00	1151.00	1191.00	1161.00	1093.00	1072.00	1068.00	1049.00	1038.00	1050.00	1120.00	1194.00	1237.00	1343.00	1349.00	1360.00	1360.00	1307.00	1217.00	1100.00	1128.00	1207.00	1265.00	1172.00	1114.00	1064.00	1055.00	1052.00	1022.00	1015.00	1009.00	1001.00	997.00	1023.00	1069.00	1108.00	1172.00	1211.00	1181.00	1206.00	1263.00	1382.00	1304.00	1218.00	1138.00	1221.00	1126.00	1067.00	1039.00	1037.00	1059.00	1060.00	1062.00	1057.00	1049.00	974.00	951.00	927.00	901.00	866.00	849.00	840.00	827.00	816.00	785.00	747.00	745.00	740.00	720.00	710.00	707.00	725.00	778.00	886.00	922.00	957.00	1035.00	993.00	956.00	909.00	911.00	936.00	942.00	966.00	984.00	999.00	1013.00	995.00	1005.00	980.00	922.00	914.00	931.00	959.00	949.00	968.00	945.00	847.00	821.00	805.00	849.00	935.00	1029.00	1102.00	954.00	877.00	854.00	817.00	764.00	787.00	798.00	775.00	745.00	733.00	720.00	714.00	714.00	689.00	677.00	666.00	654.00	652.00	645.00	632.00	617.00	600.00	602.00	606.00	613.00	622.00	658.00	703.00	716.00	759.00	785.00	794.00	756.00	705.00	739.00	748.00	704.00	729.00	737.00	742.00	730.00	762.00	785.00	847.00	904.00	845.00	877.00	839.00	795.00	899.00	937.00	941.00	943.00	981.00	1085.00	1122.00	1282.00	1280.00	1126.00	1083.00	1065.00	1026.00	1002.00	1158.00	1182.00	1104.00	1002.00	1069.00	1062.00	1088.00	1143.00	1142.00	1107.00	1140.00	1143.00	1079.00	850.00	827.00	812.00	800.00	783.00	767.00	763.00	763.00	764.00	754.00	754.00	774.00	793.00	823.00	795.00	776.00	817.00	900.00	1017.00	1010.00	1076.00	1068.00	949.00	1034.00	1085.00	1120.00	1102.00
829.00	778.00	711.00	692.00	697.00	718.00	737.00	755.00	771.00	872.00	924.00	958.00	960.00	927.00	878.00	846.00	886.00	891.00	800.00	782.00	766.00	798.00	801.00	777.00	764.00	758.00	767.00	781.00	783.00	785.00	789.00	823.00	825.00	817.00	818.00	822.00	852.00	874.00	895.00	914.00	929.00	923.00	883.00	870.00	859.00	863.00	922.00	991.00	1009.00	1009.00	1045.00	1030.00	1012.00	1017.00	1038.00	1041.00	1014.00	986.00	999.00	1152.00	1172.00	1093.00	1253.00	1171.00	1125.00	1174.00	1259.00	1321.00	1339.00	1316.00	1284.00	1242.00	1283.00	1254.00	1228.00	1210.00	1172.00	1067.00	1044.00	1021.00	1009.00	985.00	986.00	1016.00	1039.00	1065.00	1080.00	1116.00	1179.00	1262.00	1374.00	1296.00	1249.00	1254.00	1201.00	1105.00	1048.00	1012.00	994.00	1009.00	1011.00	1000.00	996.00	998.00	939.00	925.00	916.00	915.00	839.00	809.00	798.00	787.00	782.00	791.00	796.00	792.00	764.00	719.00	710.00	718.00	754.00	792.00	894.00	964.00	1026.00	1073.00	998.00	960.00	948.00	959.00	1009.00	1043.00	1063.00	1074.00	1087.00	1003.00	968.00	940.00	920.00	918.00	933.00	951.00	971.00	1010.00	1090.00	1040.00	872.00	804.00	796.00	850.00	937.00	1000.00	1054.00	1017.00	940.00	900.00	852.00	763.00	749.00	734.00	725.00	724.00	795.00	787.00	767.00	823.00	791.00	727.00	673.00	702.00	774.00	748.00	682.00	672.00	617.00	594.00	602.00	614.00	618.00	620.00	619.00	621.00	631.00	644.00	651.00	653.00	661.00	670.00	697.00	721.00	721.00	718.00	716.00	721.00	728.00	727.00	735.00	739.00	766.00	771.00	771.00	786.00	842.00	855.00	858.00	876.00	904.00	1003.00	1087.00	1294.00	1338.00	1302.00	1258.00	1182.00	1078.00	976.00	1017.00	1087.00	1097.00	1022.00	939.00	945.00	907.00	917.00	926.00	893.00	926.00	957.00	960.00	884.00	862.00	854.00	844.00	835.00	813.00	801.00	785.00	769.00	748.00	742.00	742.00	748.00	769.00	772.00	800.00	804.00	828.00	867.00	929.00	1049.00	1098.00	1000.00	844.00	871.00	936.00	994.00
804.00	779.00	742.00	744.00	771.00	800.00	805.00	770.00	814.00	948.00	972.00	906.00	887.00	936.00	850.00	800.00	818.00	843.00	794.00	755.00	750.00	752.00	740.00	732.00	732.00	733.00	743.00	753.00	757.00	762.00	771.00	787.00	792.00	798.00	813.00	828.00	869.00	900.00	935.00	971.00	1013.00	1062.00	972.00	934.00	917.00	882.00	900.00	904.00	916.00	924.00	931.00	962.00	969.00	970.00	1012.00	1039.00	1019.00	976.00	977.00	1086.00	1078.00	1018.00	1089.00	1063.00	1024.00	1029.00	1090.00	1150.00	1240.00	1243.00	1191.00	1107.00	1085.00	1168.00	1271.00	1278.00	1221.00	1154.00	1090.00	1072.00	1059.00	1014.00	990.00	967.00	967.00	982.00	1036.00	1088.00	1135.00	1165.00	1222.00	1264.00	1282.00	1285.00	1239.00	1100.00	1046.00	1009.00	982.00	962.00	999.00	978.00	955.00	940.00	894.00	881.00	883.00	883.00	825.00	820.00	826.00	842.00	851.00	848.00	815.00	794.00	761.00	720.00	715.00	731.00	786.00	838.00	962.00	1006.00	1042.00	1059.00	1014.00	995.00	997.00	1025.00	1119.00	1135.00	1129.00	1105.00	1068.00	958.00	930.00	908.00	892.00	870.00	901.00	941.00	919.00	913.00	930.00	888.00	800.00	773.00	778.00	802.00	836.00	874.00	900.00	922.00	947.00	938.00	882.00	785.00	785.00	765.00	750.00	772.00	871.00	909.00	879.00	899.00	744.00	730.00	774.00	832.00	916.00	829.00	767.00	717.00	616.00	584.00	596.00	621.00	635.00	645.00	659.00	662.00	669.00	672.00	685.00	704.00	733.00	782.00	812.00	929.00	912.00	854.00	779.00	831.00	910.00	903.00	846.00	787.00	845.00	881.00	908.00	915.00	874.00	878.00	901.00	881.00	896.00	1031.00	1132.00	1198.00	1149.00	1215.00	1229.00	1183.00	1098.00	1004.00	900.00	926.00	923.00	895.00	850.00	854.00	844.00	834.00	830.00	831.00	823.00	810.00	804.00	815.00	817.00	823.00	830.00	843.00	862.00	849.00	829.00	803.00	772.00	762.00	739.00	732.00	727.00	764.00	817.00	830.00	816.00	781.00	848.00	902.00	980.00	1045.00	864.00	770.00	765.00	780.00
804.00	779.00	742.00	744.00	771.00	800.00	805.00	770.00	814.00	948.00	972.00	906.00	887.00	936.00	850.00	800.00	818.00	843.00	794.00	755.00	750.00	752.00	740.00	732.00	732.00	733.00	743.00	753.00	757.00	762.00	771.00	787.00	792.00	798.00	813.00	828.00	869.00	900.00	935.00	971.00	1013.00	1062.00	972.00	934.00	917.00	882.00	900.00	904.00	916.00	924.00	931.00	962.00	969.00	970.00	1012.00	1039.00	1019.00	976.00	977.00	1086.00	1078.00	1018.00	1089.00	1063.00	1024.00	1029.00	1090.00	1150.00	1240.00	1243.00	1191.00	1107.00	1085.00	1168.00	1271.00	1278.00	1221.00	1154.00	1090.00	1072.00	1059.00	1014.00	990.00	967.00	967.00	982.00	1036.00	1088.00	1135.00	1165.00	1222.00	1264.00	1282.00	1285.00	1239.00	1100.00	1046.00	1009.00	982.00	962.00	999.00	978.00	955.00	940.00	894.00	881.00	883.00	883.00	825.00	820.00	826.00	842.00	851.00	848.00	815.00	794.00	761.00	720.00	715.00	731.00	786.00	838.00	962.00	1006.00	1042.00	1059.00	1014.00	995.00	997.00	1025.00	1119.00	1135.00	1129.00	1105.00	1068.00	958.00	930.00	908.00	892.00	870.00	901.00	941.00	919.00	913.00	930.00	888.00	800.00	773.00	778.00	802.00	836.00	874.00	900.00	922.00	947.00	938.00	882.00	785.00	785.00	765.00	750.00	772.00	871.00	909.00	879.00	899.00	744.00	730.00	774.00	832.00	916.00	829.00	767.00	717.00	616.00	584.00	596.00	621.00	635.00	645.00	659.00	662.00	669.00	672.00	685.00	704.00	733.00	782.00	812.00	929.00	912.00	854.00	779.00	831.00	910.00	903.00	846.00	787.00	845.00	881.00	908.00	915.00	874.00	878.00	901.00	881.00	896.00	1031.00	1132.00	1198.00	1149.00	1215.00	1229.00	1183.00	1098.00	1004.00	900.00	926.00	923.00	895.00	850.00	854.00	844.00	834.00	830.00	831.00	823.00	810.00	804.00	815.00	817.00	823.00	830.00	843.00	862.00	849.00	829.00	803.00	772.00	762.00	739.00	732.00	727.00	764.00	817.00	830.00	816.00	781.00	848.00	902.00	980.00	1045.00	864.00	770.00	765.00	780.00
804.00	779.00	742.00	744.00	771.00	800.00	805.00	770.00	814.00	948.00	972.00	906.00	887.00	936.00	850.00	800.00	818.00	843.00	794.00	755.00	750.00	752.00	740.00	732.00	732.00	733.00	743.00	753.00	757.00	762.00	771.00	787.00	792.00	798.00	813.00	828.00	869.00	900.00	935.00	971.00	1013.00	1062.00	972.00	934.00	917.00	882.00	900.00	904.00	916.00	924.00	931.00	962.00	969.00	970.00	1012.00	1039.00	1019.00	976.00	977.00	1086.00	1078.00	1018.00	1089.00	1063.00	1024.00	1029.00	1090.00	1150.00	1240.00	1243.00	1191.00	1107.00	1085.00	1168.00	1271.00	1278.00	1221.00	1154.00	1090.00	1072.00	1059.00	1014.00	990.00	967.00	967.00	982.00	1036.00	1088.00	1135.00	1165.00	1222.00	1264.00	1282.00	1285.00	1239.00	1100.00	1046.00	1009.00	982.00	962.00	999.00	978.00	955.00	940.00	894.00	881.00	883.00	883.00	825.00	820.00	826.00	842.00	851.00	848.00	815.00	794.00	761.00	720.00	715.00	731.00	786.00	838.00	962.00	1006.00	1042.00	1059.00	1014.00	995.00	997.00	1025.00	1119.00	1135.00	1129.00	1105.00	1068.00	958.00	930.00	908.00	892.00	870.00	901.00	941.00	919.00	913.00	930.00	888.00	800.00	773.00	778.00	802.00	836.00	874.00	900.00	922.00	947.00	938.00	882.00	785.00	785.00	765.00	750.00	772.00	871.00	909.00	879.00	899.00	744.00	730.00	774.00	832.00	916.00	829.00	767.00	717.00	616.00	584.00	596.00	621.00	635.00	645.00	659.00	662.00	669.00	672.00	685.00	704.00	733.00	782.00	812.00	929.00	912.00	854.00	779.00	831.00	910.00	903.00	846.00	787.00	845.00	881.00	908.00	915.00	874.00	878.00	901.00	881.00	896.00	1031.00	1132.00	1198.00	1149.00	1215.00	1229.00	1183.00	1098.00	1004.00	900.00	926.00	923.00	895.00	850.00	854.00	844.00	834.00	830.00	831.00	823.00	810.00	804.00	815.00	817.00	823.00	830.00	843.00	862.00	849.00	829.00	803.00	772.00	762.00	739.00	732.00	727.00	764.00	817.00	830.00	816.00	781.00	848.00	902.00	980.00	1045.00	864.00	770.00	765.00	780.00
816.00	828.00	780.00	777.00	828.00	899.00	902.00	855.00	857.00	857.00	815.00	778.00	821.00	875.00	801.00	755.00	757.00	765.00	718.00	692.00	693.00	694.00	698.00	704.00	707.00	712.00	717.00	730.00	740.00	746.00	750.00	762.00	777.00	790.00	806.00	824.00	875.00	920.00	956.00	985.00	1049.00	1171.00	1093.00	1027.00	978.00	923.00	928.00	934.00	937.00	938.00	980.00	1020.00	1008.00	992.00	1025.00	1017.00	1017.00	993.00	962.00	955.00	952.00	953.00	949.00	951.00	961.00	959.00	964.00	974.00	1010.00	1015.00	1027.00	1014.00	1061.00	1154.00	1248.00	1258.00	1218.00	1159.00	1132.00	1151.00	1160.00	1094.00	1041.00	1000.00	973.00	951.00	954.00	986.00	1024.00	1024.00	1108.00	1156.00	1167.00	1187.00	1295.00	1144.00	1064.00	1017.00	987.00	911.00	902.00	920.00	953.00	947.00	910.00	914.00	940.00	948.00	875.00	883.00	891.00	884.00	867.00	824.00	785.00	765.00	745.00	722.00	724.00	757.00	820.00	891.00	966.00	993.00	1000.00	976.00	1008.00	1029.00	1078.00	1150.00	1149.00	1090.00	1048.00	1013.00	984.00	905.00	886.00	877.00	880.00	887.00	865.00	839.00	822.00	811.00	803.00	801.00	774.00	765.00	747.00	757.00	780.00	803.00	816.00	873.00	906.00	890.00	853.00	864.00	844.00	789.00	785.00	814.00	891.00	888.00	861.00	832.00	889.00	938.00	979.00	1016.00	1018.00	869.00	772.00	667.00	595.00	592.00	604.00	635.00	660.00	696.00	742.00	745.00	755.00	755.00	739.00	735.00	761.00	836.00	976.00	1088.00	1010.00	903.00	838.00	818.00	904.00	988.00	996.00	949.00	771.00	823.00	891.00	934.00	1010.00	1034.00	1043.00	1014.00	1038.00	1109.00	1111.00	1068.00	1033.00	1002.00	999.00	977.00	941.00	929.00	965.00	906.00	881.00	929.00	922.00	916.00	892.00	917.00	991.00	1017.00	979.00	914.00	855.00	819.00	804.00	782.00	773.00	773.00	790.00	792.00	786.00	776.00	758.00	745.00	734.00	727.00	721.00	717.00	723.00	733.00	745.00	762.00	822.00	824.00	822.00	893.00	773.00	708.00	683.00	684.00
711.00	709.00	690.00	694.00	721.00	772.00	786.00	764.00	751.00	685.00	677.00	686.00	698.00	713.00	710.00	692.00	700.00	684.00	679.00	683.00	695.00	702.00	710.00	728.00	731.00	725.00	719.00	719.00	725.00	732.00	738.00	754.00	779.00	792.00	812.00	836.00	889.00	919.00	945.00	991.00	1044.00	1173.00	1226.00	1202.00	1146.00	1023.00	1042.00	1081.00	1078.00	1045.00	1035.00	1017.00	1021.00	1045.00	1048.00	987.00	971.00	963.00	960.00	949.00	946.00	947.00	938.00	930.00	927.00	926.00	926.00	923.00	921.00	924.00	928.00	933.00	997.00	1054.00	1071.00	1110.00	1139.00	1074.00	1093.00	1150.00	1207.00	1211.00	1164.00	1049.00	1009.00	992.00	943.00	934.00	936.00	937.00	972.00	994.00	1064.00	1146.00	1172.00	1069.00	1020.00	980.00	958.00	889.00	868.00	859.00	882.00	910.00	921.00	939.00	963.00	948.00	858.00	848.00	841.00	827.00	813.00	769.00	749.00	753.00	743.00	728.00	755.00	812.00	875.00	926.00	970.00	945.00	917.00	952.00	989.00	1048.00	1102.00	1115.00	1088.00	1087.00	1050.00	1010.00	964.00	894.00	904.00	906.00	901.00	854.00	837.00	816.00	799.00	791.00	792.00	782.00	767.00	765.00	746.00	738.00	740.00	749.00	767.00	826.00	832.00	830.00	821.00	903.00	848.00	810.00	816.00	849.00	981.00	999.00	942.00	917.00	1001.00	973.00	920.00	891.00	896.00	745.00	669.00	613.00	602.00	620.00	630.00	663.00	688.00	705.00	770.00	814.00	871.00	923.00	947.00	899.00	865.00	904.00	1078.00	1130.00	1042.00	1009.00	1018.00	943.00	888.00	898.00	984.00	1041.00	853.00	805.00	790.00	824.00	967.00	1007.00	1030.00	1072.00	1163.00	1097.00	1146.00	1231.00	1193.00	1050.00	978.00	964.00	1043.00	1120.00	1052.00	952.00	934.00	1007.00	1028.00	1046.00	1068.00	1090.00	1126.00	1047.00	979.00	925.00	881.00	884.00	853.00	816.00	787.00	767.00	749.00	747.00	744.00	735.00	734.00	747.00	733.00	740.00	742.00	738.00	729.00	713.00	706.00	720.00	735.00	742.00	735.00	723.00	683.00	675.00	677.00	678.00
711.00	709.00	690.00	694.00	721.00	772.00	786.00	764.00	751.00	685.00	677.00	686.00	698.00	713.00	710.00	692.00	700.00	684.00	679.00	683.00	695.00	702.00	710.00	728.00	731.00	725.00	719.00	719.00	725.00	732.00	738.00	754.00	779.00	792.00	812.00	836.00	889.00	919.00	945.00	991.00	1044.00	1173.00	1226.00	1202.00	1146.00	1023.00	1042.00	1081.00	1078.00	1045.00	1035.00	1017.00	1021.00	1045.00	1048.00	987.00	971.00	963.00	960.00	949.00	946.00	947.00	938.00	930.00	927.00	926.00	926.00	923.00	921.00	924.00	928.00	933.00	997.00	1054.00	1071.00	1110.00	1139.00	1074.00	1093.00	1150.00	1207.00	1211.00	1164.00	1049.00	1009.00	992.00	943.00	934.00	936.00	937.00	972.00	994.00	1064.00	1146.00	1172.00	1069.00	1020.00	980.00	958.00	889.00	868.00	859.00	882.00	910.00	921.00	939.00	963.00	948.00	858.00	848.00	841.00	827.00	813.00	769.00	749.00	753.00	743.00	728.00	755.00	812.00	875.00	926.00	970.00	945.00	917.00	952.00	989.00	1048.00	1102.00	1115.00	1088.00	1087.00	1050.00	1010.00	964.00	894.00	904.00	906.00	901.00	854.00	837.00	816.00	799.00	791.00	792.00	782.00	767.00	765.00	746.00	738.00	740.00	749.00	767.00	826.00	832.00	830.00	821.00	903.00	848.00	810.00	816.00	849.00	981.00	999.00	942.00	917.00	1001.00	973.00	920.00	891.00	896.00	745.00	669.00	613.00	602.00	620.00	630.00	663.00	688.00	705.00	770.00	814.00	871.00	923.00	947.00	899.00	865.00	904.00	1078.00	1130.00	1042.00	1009.00	1018.00	943.00	888.00	898.00	984.00	1041.00	853.00	805.00	790.00	824.00	967.00	1007.00	1030.00	1072.00	1163.00	1097.00	1146.00	1231.00	1193.00	1050.00	978.00	964.00	1043.00	1120.00	1052.00	952.00	934.00	1007.00	1028.00	1046.00	1068.00	1090.00	1126.00	1047.00	979.00	925.00	881.00	884.00	853.00	816.00	787.00	767.00	749.00	747.00	744.00	735.00	734.00	747.00	733.00	740.00	742.00	738.00	729.00	713.00	706.00	720.00	735.00	742.00	735.00	723.00	683.00	675.00	677.00	678.00
633.00	633.00	633.00	635.00	638.00	648.00	648.00	649.00	655.00	663.00	663.00	661.00	661.00	661.00	665.00	669.00	672.00	676.00	684.00	690.00	711.00	717.00	726.00	750.00	758.00	757.00	761.00	748.00	732.00	724.00	729.00	745.00	765.00	778.00	792.00	809.00	852.00	871.00	891.00	925.00	985.00	1117.00	1159.00	1185.00	1190.00	1204.00	1233.00	1255.00	1293.00	1248.00	1106.00	1138.00	1083.00	1040.00	1005.00	1002.00	1003.00	983.00	990.00	1004.00	1003.00	998.00	1018.00	1053.00	1015.00	986.00	977.00	954.00	934.00	915.00	908.00	915.00	929.00	944.00	960.00	982.00	1000.00	1025.00	1071.00	1133.00	1193.00	1287.00	1264.00	1095.00	1043.00	1027.00	998.00	987.00	961.00	950.00	913.00	911.00	934.00	963.00	1011.00	951.00	930.00	912.00	900.00	863.00	844.00	832.00	835.00	848.00	885.00	914.00	954.00	912.00	821.00	795.00	781.00	773.00	765.00	780.00	820.00	808.00	744.00	753.00	804.00	851.00	893.00	936.00	916.00	871.00	881.00	921.00	958.00	991.00	1008.00	1035.00	1073.00	1061.00	1017.00	978.00	940.00	901.00	927.00	953.00	949.00	934.00	891.00	853.00	839.00	846.00	843.00	838.00	848.00	817.00	760.00	743.00	729.00	725.00	740.00	788.00	824.00	860.00	862.00	903.00	861.00	853.00	867.00	910.00	1064.00	1030.00	976.00	921.00	803.00	778.00	748.00	711.00	710.00	606.00	586.00	589.00	601.00	622.00	635.00	655.00	664.00	673.00	733.00	795.00	865.00	921.00	1019.00	1026.00	1051.00	1069.00	1085.00	1097.00	1092.00	1122.00	1155.00	1140.00	1062.00	1019.00	995.00	1022.00	951.00	876.00	833.00	813.00	875.00	898.00	944.00	996.00	1060.00	1183.00	1172.00	1318.00	1249.00	1057.00	1023.00	1089.00	1195.00	1259.00	1125.00	1053.00	1007.00	1065.00	1128.00	1137.00	1094.00	1030.00	967.00	968.00	989.00	956.00	895.00	806.00	789.00	772.00	757.00	753.00	797.00	814.00	831.00	842.00	807.00	804.00	768.00	826.00	814.00	807.00	818.00	767.00	744.00	708.00	695.00	695.00	695.00	693.00	684.00	687.00	690.00	694.00
680.00	671.00	679.00	682.00	682.00	738.00	743.00	727.00	761.00	696.00	696.00	730.00	745.00	721.00	711.00	712.00	707.00	700.00	687.00	686.00	707.00	735.00	747.00	768.00	779.00	786.00	791.00	812.00	815.00	793.00	751.00	739.00	758.00	772.00	784.00	795.00	831.00	855.00	877.00	906.00	967.00	1102.00	1063.00	1067.00	1100.00	1155.00	1189.00	1229.00	1288.00	1284.00	1200.00	1182.00	1130.00	1117.00	1149.00	1120.00	1067.00	1011.00	1027.00	1192.00	1223.00	1154.00	1107.00	1251.00	1218.00	1149.00	1140.00	1113.00	1022.00	949.00	919.00	906.00	903.00	913.00	928.00	938.00	947.00	991.00	1022.00	1045.00	1061.00	1092.00	1091.00	1060.00	1037.00	1029.00	1057.00	1049.00	1039.00	1018.00	965.00	932.00	919.00	912.00	882.00	858.00	851.00	846.00	842.00	835.00	830.00	822.00	819.00	815.00	818.00	845.00	851.00	828.00	784.00	777.00	773.00	777.00	792.00	859.00	824.00	787.00	757.00	745.00	787.00	829.00	873.00	912.00	850.00	841.00	870.00	885.00	920.00	960.00	995.00	991.00	996.00	973.00	938.00	920.00	908.00	859.00	874.00	916.00	1007.00	1132.00	1043.00	946.00	899.00	897.00	842.00	809.00	791.00	787.00	777.00	762.00	747.00	727.00	721.00	764.00	801.00	828.00	849.00	817.00	811.00	834.00	877.00	953.00	1068.00	1012.00	956.00	925.00	824.00	785.00	741.00	687.00	636.00	589.00	588.00	595.00	606.00	638.00	661.00	719.00	740.00	744.00	716.00	711.00	722.00	744.00	799.00	834.00	860.00	870.00	886.00	874.00	898.00	922.00	958.00	1046.00	1100.00	1149.00	1156.00	1107.00	969.00	948.00	910.00	883.00	858.00	906.00	972.00	1009.00	1040.00	1252.00	1308.00	1313.00	1240.00	1142.00	1192.00	1225.00	1281.00	1239.00	1146.00	1144.00	1129.00	1106.00	1022.00	990.00	962.00	928.00	899.00	850.00	845.00	847.00	845.00	781.00	771.00	775.00	800.00	857.00	957.00	941.00	921.00	902.00	846.00	830.00	805.00	856.00	824.00	818.00	831.00	795.00	769.00	744.00	728.00	697.00	685.00	704.00	706.00	731.00	739.00	761.00
680.00	671.00	679.00	682.00	682.00	738.00	743.00	727.00	761.00	696.00	696.00	730.00	745.00	721.00	711.00	712.00	707.00	700.00	687.00	686.00	707.00	735.00	747.00	768.00	779.00	786.00	791.00	812.00	815.00	793.00	751.00	739.00	758.00	772.00	784.00	795.00	831.00	855.00	877.00	906.00	967.00	1102.00	1063.00	1067.00	1100.00	1155.00	1189.00	1229.00	1288.00	1284.00	1200.00	1182.00	1130.00	1117.00	1149.00	1120.00	1067.00	1011.00	1027.00	1192.00	1223.00	1154.00	1107.00	1251.00	1218.00	1149.00	1140.00	1113.00	1022.00	949.00	919.00	906.00	903.00	913.00	928.00	938.00	947.00	991.00	1022.00	1045.00	1061.00	1092.00	1091.00	1060.00	1037.00	1029.00	1057.00	1049.00	1039.00	1018.00	965.00	932.00	919.00	912.00	882.00	858.00	851.00	846.00	842.00	835.00	830.00	822.00	819.00	815.00	818.00	845.00	851.00	828.00	784.00	777.00	773.00	777.00	792.00	859.00	824.00	787.00	757.00	745.00	787.00	829.00	873.00	912.00	850.00	841.00	870.00	885.00	920.00	960.00	995.00	991.00	996.00	973.00	938.00	920.00	908.00	859.00	874.00	916.00	1007.00	1132.00	1043.00	946.00	899.00	897.00	842.00	809.00	791.00	787.00	777.00	762.00	747.00	727.00	721.00	764.00	801.00	828.00	849.00	817.00	811.00	834.00	877.00	953.00	1068.00	1012.00	956.00	925.00	824.00	785.00	741.00	687.00	636.00	589.00	588.00	595.00	606.00	638.00	661.00	719.00	740.00	744.00	716.00	711.00	722.00	744.00	799.00	834.00	860.00	870.00	886.00	874.00	898.00	922.00	958.00	1046.00	1100.00	1149.00	1156.00	1107.00	969.00	948.00	910.00	883.00	858.00	906.00	972.00	1009.00	1040.00	1252.00	1308.00	1313.00	1240.00	1142.00	1192.00	1225.00	1281.00	1239.00	1146.00	1144.00	1129.00	1106.00	1022.00	990.00	962.00	928.00	899.00	850.00	845.00	847.00	845.00	781.00	771.00	775.00	800.00	857.00	957.00	941.00	921.00	902.00	846.00	830.00	805.00	856.00	824.00	818.00	831.00	795.00	769.00	744.00	728.00	697.00	685.00	704.00	706.00	731.00	739.00	761.00
680.00	671.00	679.00	682.00	682.00	738.00	743.00	727.00	761.00	696.00	696.00	730.00	745.00	721.00	711.00	712.00	707.00	700.00	687.00	686.00	707.00	735.00	747.00	768.00	779.00	786.00	791.00	812.00	815.00	793.00	751.00	739.00	758.00	772.00	784.00	795.00	831.00	855.00	877.00	906.00	967.00	1102.00	1063.00	1067.00	1100.00	1155.00	1189.00	1229.00	1288.00	1284.00	1200.00	1182.00	1130.00	1117.00	1149.00	1120.00	1067.00	1011.00	1027.00	1192.00	1223.00	1154.00	1107.00	1251.00	1218.00	1149.00	1140.00	1113.00	1022.00	949.00	919.00	906.00	903.00	913.00	928.00	938.00	947.00	991.00	1022.00	1045.00	1061.00	1092.00	1091.00	1060.00	1037.00	1029.00	1057.00	1049.00	1039.00	1018.00	965.00	932.00	919.00	912.00	882.00	858.00	851.00	846.00	842.00	835.00	830.00	822.00	819.00	815.00	818.00	845.00	851.00	828.00	784.00	777.00	773.00	777.00	792.00	859.00	824.00	787.00	757.00	745.00	787.00	829.00	873.00	912.00	850.00	841.00	870.00	885.00	920.00	960.00	995.00	991.00	996.00	973.00	938.00	920.00	908.00	859.00	874.00	916.00	1007.00	1132.00	1043.00	946.00	899.00	897.00	842.00	809.00	791.00	787.00	777.00	762.00	747.00	727.00	721.00	764.00	801.00	828.00	849.00	817.00	811.00	834.00	877.00	953.00	1068.00	1012.00	956.00	925.00	824.00	785.00	741.00	687.00	636.00	589.00	588.00	595.00	606.00	638.00	661.00	719.00	740.00	744.00	716.00	711.00	722.00	744.00	799.00	834.00	860.00	870.00	886.00	874.00	898.00	922.00	958.00	1046.00	1100.00	1149.00	1156.00	1107.00	969.00	948.00	910.00	883.00	858.00	906.00	972.00	1009.00	1040.00	1252.00	1308.00	1313.00	1240.00	1142.00	1192.00	1225.00	1281.00	1239.00	1146.00	1144.00	1129.00	1106.00	1022.00	990.00	962.00	928.00	899.00	850.00	845.00	847.00	845.00	781.00	771.00	775.00	800.00	857.00	957.00	941.00	921.00	902.00	846.00	830.00	805.00	856.00	824.00	818.00	831.00	795.00	769.00	744.00	728.00	697.00	685.00	704.00	706.00	731.00	739.00	761.00
805.00	749.00	738.00	751.00	764.00	804.00	861.00	889.00	931.00	743.00	707.00	770.00	846.00	842.00	881.00	860.00	807.00	753.00	721.00	702.00	701.00	722.00	751.00	776.00	791.00	817.00	838.00	956.00	985.00	951.00	862.00	743.00	752.00	763.00	778.00	793.00	818.00	838.00	859.00	891.00	961.00	980.00	1017.00	1060.00	1096.00	1172.00	1206.00	1247.00	1236.00	1185.00	1173.00	1257.00	1323.00	1335.00	1240.00	1159.00	1112.00	1098.00	1133.00	1272.00	1330.00	1334.00	1307.00	1244.00	1213.00	1188.00	1201.00	1206.00	1117.00	1034.00	969.00	932.00	900.00	892.00	898.00	903.00	908.00	931.00	941.00	952.00	960.00	973.00	979.00	984.00	976.00	982.00	1046.00	1111.00	1157.00	1160.00	1054.00	1031.00	983.00	962.00	927.00	905.00	900.00	894.00	892.00	899.00	884.00	856.00	859.00	847.00	903.00	881.00	851.00	844.00	810.00	816.00	840.00	859.00	874.00	865.00	787.00	779.00	769.00	741.00	762.00	803.00	829.00	856.00	807.00	814.00	829.00	852.00	901.00	926.00	926.00	911.00	892.00	884.00	873.00	865.00	860.00	834.00	863.00	935.00	1013.00	1012.00	940.00	874.00	847.00	846.00	788.00	780.00	751.00	763.00	754.00	745.00	733.00	724.00	717.00	707.00	712.00	717.00	727.00	761.00	807.00	878.00	966.00	1059.00	1021.00	969.00	961.00	962.00	825.00	785.00	747.00	677.00	617.00	591.00	602.00	612.00	626.00	660.00	686.00	825.00	903.00	952.00	926.00	900.00	887.00	864.00	787.00	797.00	798.00	815.00	861.00	947.00	1014.00	1047.00	1031.00	1114.00	1081.00	1134.00	1189.00	1171.00	1140.00	1050.00	1021.00	1027.00	883.00	896.00	939.00	985.00	1037.00	1228.00	1319.00	1177.00	1145.00	1255.00	1344.00	1366.00	1282.00	1187.00	1055.00	1022.00	1015.00	1037.00	997.00	971.00	975.00	948.00	900.00	852.00	833.00	822.00	810.00	776.00	812.00	850.00	905.00	994.00	1012.00	1012.00	983.00	947.00	909.00	843.00	864.00	855.00	803.00	767.00	768.00	762.00	747.00	724.00	703.00	682.00	717.00	852.00	722.00	741.00	766.00	796.00
899.00	830.00	822.00	820.00	828.00	843.00	877.00	952.00	944.00	765.00	734.00	762.00	822.00	860.00	919.00	895.00	870.00	846.00	760.00	722.00	703.00	713.00	730.00	764.00	788.00	814.00	841.00	940.00	985.00	993.00	906.00	757.00	760.00	769.00	779.00	787.00	806.00	818.00	838.00	872.00	929.00	949.00	1005.00	1050.00	1109.00	1279.00	1314.00	1237.00	1148.00	1110.00	1121.00	1288.00	1244.00	1170.00	1251.00	1303.00	1305.00	1317.00	1309.00	1238.00	1177.00	1164.00	1158.00	1062.00	1017.00	1044.00	1116.00	1101.00	1108.00	1126.00	1044.00	965.00	887.00	886.00	881.00	878.00	885.00	907.00	920.00	926.00	928.00	914.00	913.00	929.00	931.00	948.00	991.00	1051.00	1107.00	1163.00	1164.00	1099.00	1020.00	990.00	978.00	976.00	962.00	955.00	948.00	919.00	908.00	921.00	919.00	906.00	1006.00	1003.00	957.00	925.00	888.00	893.00	893.00	876.00	851.00	809.00	853.00	874.00	831.00	745.00	752.00	772.00	793.00	810.00	795.00	805.00	825.00	880.00	982.00	992.00	957.00	948.00	944.00	917.00	887.00	866.00	847.00	862.00	852.00	844.00	842.00	812.00	803.00	792.00	783.00	774.00	764.00	773.00	787.00	826.00	829.00	834.00	847.00	791.00	754.00	715.00	704.00	698.00	694.00	809.00	874.00	949.00	1025.00	1050.00	930.00	848.00	799.00	789.00	772.00	706.00	667.00	625.00	600.00	592.00	600.00	620.00	652.00	713.00	738.00	805.00	873.00	920.00	1007.00	1046.00	1077.00	1065.00	956.00	966.00	967.00	981.00	1075.00	1159.00	1164.00	1151.00	1107.00	1142.00	1134.00	1061.00	1005.00	999.00	1211.00	1198.00	1194.00	1152.00	970.00	976.00	1036.00	1003.00	1040.00	1225.00	1232.00	1086.00	1022.00	1112.00	1203.00	1309.00	1370.00	1313.00	1154.00	1098.00	1013.00	953.00	1037.00	992.00	942.00	911.00	884.00	847.00	833.00	823.00	810.00	799.00	858.00	902.00	948.00	1035.00	1111.00	1051.00	983.00	919.00	851.00	836.00	868.00	836.00	796.00	752.00	741.00	738.00	731.00	685.00	682.00	692.00	783.00	850.00	732.00	756.00	776.00	825.00
899.00	830.00	822.00	820.00	828.00	843.00	877.00	952.00	944.00	765.00	734.00	762.00	822.00	860.00	919.00	895.00	870.00	846.00	760.00	722.00	703.00	713.00	730.00	764.00	788.00	814.00	841.00	940.00	985.00	993.00	906.00	757.00	760.00	769.00	779.00	787.00	806.00	818.00	838.00	872.00	929.00	949.00	1005.00	1050.00	1109.00	1279.00	1314.00	1237.00	1148.00	1110.00	1121.00	1288.00	1244.00	1170.00	1251.00	1303.00	1305.00	1317.00	1309.00	1238.00	1177.00	1164.00	1158.00	1062.00	1017.00	1044.00	1116.00	1101.00	1108.00	1126.00	1044.00	965.00	887.00	886.00	881.00	878.00	885.00	907.00	920.00	926.00	928.00	914.00	913.00	929.00	931.00	948.00	991.00	1051.00	1107.00	1163.00	1164.00	1099.00	1020.00	990.00	978.00	976.00	962.00	955.00	948.00	919.00	908.00	921.00	919.00	906.00	1006.00	1003.00	957.00	925.00	888.00	893.00	893.00	876.00	851.00	809.00	853.00	874.00	831.00	745.00	752.00	772.00	793.00	810.00	795.00	805.00	825.00	880.00	982.00	992.00	957.00	948.00	944.00	917.00	887.00	866.00	847.00	862.00	852.00	844.00	842.00	812.00	803.00	792.00	783.00	774.00	764.00	773.00	787.00	826.00	829.00	834.00	847.00	791.00	754.00	715.00	704.00	698.00	694.00	809.00	874.00	949.00	1025.00	1050.00	930.00	848.00	799.00	789.00	772.00	706.00	667.00	625.00	600.00	592.00	600.00	620.00	652.00	713.00	738.00	805.00	873.00	920.00	1007.00	1046.00	1077.00	1065.00	956.00	966.00	967.00	981.00	1075.00	1159.00	1164.00	1151.00	1107.00	1142.00	1134.00	1061.00	1005.00	999.00	1211.00	1198.00	1194.00	1152.00	970.00	976.00	1036.00	1003.00	1040.00	1225.00	1232.00	1086.00	1022.00	1112.00	1203.00	1309.00	1370.00	1313.00	1154.00	1098.00	1013.00	953.00	1037.00	992.00	942.00	911.00	884.00	847.00	833.00	823.00	810.00	799.00	858.00	902.00	948.00	1035.00	1111.00	1051.00	983.00	919.00	851.00	836.00	868.00	836.00	796.00	752.00	741.00	738.00	731.00	685.00	682.00	692.00	783.00	850.00	732.00	756.00	776.00	825.00
899.00	830.00	822.00	820.00	828.00	843.00	877.00	952.00	944.00	765.00	734.00	762.00	822.00	860.00	919.00	895.00	870.00	846.00	760.00	722.00	703.00	713.00	730.00	764.00	788.00	814.00	841.00	940.00	985.00	993.00	906.00	757.00	760.00	769.00	779.00	787.00	806.00	818.00	838.00	872.00	929.00	949.00	1005.00	1050.00	1109.00	1279.00	1314.00	1237.00	1148.00	1110.00	1121.00	1288.00	1244.00	1170.00	1251.00	1303.00	1305.00	1317.00	1309.00	1238.00	1177.00	1164.00	1158.00	1062.00	1017.00	1044.00	1116.00	1101.00	1108.00	1126.00	1044.00	965.00	887.00	886.00	881.00	878.00	885.00	907.00	920.00	926.00	928.00	914.00	913.00	929.00	931.00	948.00	991.00	1051.00	1107.00	1163.00	1164.00	1099.00	1020.00	990.00	978.00	976.00	962.00	955.00	948.00	919.00	908.00	921.00	919.00	906.00	1006.00	1003.00	957.00	925.00	888.00	893.00	893.00	876.00	851.00	809.00	853.00	874.00	831.00	745.00	752.00	772.00	793.00	810.00	795.00	805.00	825.00	880.00	982.00	992.00	957.00	948.00	944.00	917.00	887.00	866.00	847.00	862.00	852.00	844.00	842.00	812.00	803.00	792.00	783.00	774.00	764.00	773.00	787.00	826.00	829.00	834.00	847.00	791.00	754.00	715.00	704.00	698.00	694.00	809.00	874.00	949.00	1025.00	1050.00	930.00	848.00	799.00	789.00	772.00	706.00	667.00	625.00	600.00	592.00	600.00	620.00	652.00	713.00	738.00	805.00	873.00	920.00	1007.00	1046.00	1077.00	1065.00	956.00	966.00	967.00	981.00	1075.00	1159.00	1164.00	1151.00	1107.00	1142.00	1134.00	1061.00	1005.00	999.00	1211.00	1198.00	1194.00	1152.00	970.00	976.00	1036.00	1003.00	1040.00	1225.00	1232.00	1086.00	1022.00	1112.00	1203.00	1309.00	1370.00	1313.00	1154.00	1098.00	1013.00	953.00	1037.00	992.00	942.00	911.00	884.00	847.00	833.00	823.00	810.00	799.00	858.00	902.00	948.00	1035.00	1111.00	1051.00	983.00	919.00	851.00	836.00	868.00	836.00	796.00	752.00	741.00	738.00	731.00	685.00	682.00	692.00	783.00	850.00	732.00	756.00	776.00	825.00
847.00	797.00	780.00	786.00	810.00	924.00	923.00	949.00	929.00	892.00	817.00	773.00	797.00	871.00	962.00	954.00	920.00	873.00	775.00	755.00	710.00	719.00	731.00	764.00	780.00	798.00	835.00	938.00	1007.00	1008.00	935.00	769.00	758.00	769.00	783.00	797.00	814.00	825.00	837.00	858.00	885.00	976.00	1012.00	1066.00	1143.00	1307.00	1277.00	1182.00	1100.00	1063.00	1083.00	1150.00	1040.00	1036.00	1193.00	1283.00	1285.00	1221.00	1146.00	1061.00	1035.00	1013.00	980.00	949.00	944.00	944.00	945.00	946.00	986.00	1014.00	982.00	917.00	880.00	879.00	874.00	871.00	874.00	887.00	895.00	898.00	897.00	888.00	882.00	886.00	891.00	894.00	910.00	926.00	963.00	1006.00	1053.00	1024.00	984.00	984.00	1077.00	1090.00	1020.00	984.00	964.00	965.00	980.00	985.00	983.00	979.00	1038.00	1019.00	973.00	950.00	917.00	902.00	871.00	845.00	841.00	887.00	907.00	896.00	864.00	753.00	746.00	768.00	834.00	887.00	850.00	817.00	825.00	883.00	1001.00	1055.00	1073.00	1068.00	1055.00	997.00	957.00	923.00	902.00	958.00	913.00	825.00	861.00	993.00	1016.00	975.00	911.00	863.00	811.00	819.00	922.00	955.00	964.00	952.00	936.00	873.00	798.00	740.00	727.00	719.00	703.00	804.00	897.00	977.00	1037.00	1022.00	945.00	885.00	821.00	762.00	684.00	669.00	649.00	615.00	600.00	602.00	616.00	642.00	654.00	689.00	697.00	726.00	766.00	808.00	841.00	875.00	930.00	1001.00	1105.00	1109.00	1130.00	1150.00	1101.00	1105.00	1032.00	958.00	896.00	1013.00	995.00	899.00	865.00	952.00	1094.00	1030.00	1076.00	1151.00	1072.00	1065.00	1123.00	1144.00	1155.00	1149.00	1116.00	1084.00	1080.00	992.00	1032.00	1122.00	1193.00	1222.00	1103.00	1028.00	970.00	915.00	884.00	903.00	911.00	889.00	860.00	838.00	827.00	813.00	799.00	895.00	916.00	925.00	960.00	1009.00	1087.00	1036.00	981.00	928.00	822.00	790.00	814.00	799.00	771.00	745.00	733.00	726.00	713.00	679.00	692.00	761.00	848.00	809.00	749.00	788.00	817.00	856.00
847.00	797.00	780.00	786.00	810.00	924.00	923.00	949.00	929.00	892.00	817.00	773.00	797.00	871.00	962.00	954.00	920.00	873.00	775.00	755.00	710.00	719.00	731.00	764.00	780.00	798.00	835.00	938.00	1007.00	1008.00	935.00	769.00	758.00	769.00	783.00	797.00	814.00	825.00	837.00	858.00	885.00	976.00	1012.00	1066.00	1143.00	1307.00	1277.00	1182.00	1100.00	1063.00	1083.00	1150.00	1040.00	1036.00	1193.00	1283.00	1285.00	1221.00	1146.00	1061.00	1035.00	1013.00	980.00	949.00	944.00	944.00	945.00	946.00	986.00	1014.00	982.00	917.00	880.00	879.00	874.00	871.00	874.00	887.00	895.00	898.00	897.00	888.00	882.00	886.00	891.00	894.00	910.00	926.00	963.00	1006.00	1053.00	1024.00	984.00	984.00	1077.00	1090.00	1020.00	984.00	964.00	965.00	980.00	985.00	983.00	979.00	1038.00	1019.00	973.00	950.00	917.00	902.00	871.00	845.00	841.00	887.00	907.00	896.00	864.00	753.00	746.00	768.00	834.00	887.00	850.00	817.00	825.00	883.00	1001.00	1055.00	1073.00	1068.00	1055.00	997.00	957.00	923.00	902.00	958.00	913.00	825.00	861.00	993.00	1016.00	975.00	911.00	863.00	811.00	819.00	922.00	955.00	964.00	952.00	936.00	873.00	798.00	740.00	727.00	719.00	703.00	804.00	897.00	977.00	1037.00	1022.00	945.00	885.00	821.00	762.00	684.00	669.00	649.00	615.00	600.00	602.00	616.00	642.00	654.00	689.00	697.00	726.00	766.00	808.00	841.00	875.00	930.00	1001.00	1105.00	1109.00	1130.00	1150.00	1101.00	1105.00	1032.00	958.00	896.00	1013.00	995.00	899.00	865.00	952.00	1094.00	1030.00	1076.00	1151.00	1072.00	1065.00	1123.00	1144.00	1155.00	1149.00	1116.00	1084.00	1080.00	992.00	1032.00	1122.00	1193.00	1222.00	1103.00	1028.00	970.00	915.00	884.00	903.00	911.00	889.00	860.00	838.00	827.00	813.00	799.00	895.00	916.00	925.00	960.00	1009.00	1087.00	1036.00	981.00	928.00	822.00	790.00	814.00	799.00	771.00	745.00	733.00	726.00	713.00	679.00	692.00	761.00	848.00	809.00	749.00	788.00	817.00	856.00
785.00	755.00	750.00	763.00	781.00	822.00	854.00	909.00	975.00	973.00	895.00	831.00	830.00	848.00	853.00	869.00	905.00	923.00	879.00	810.00	717.00	723.00	734.00	772.00	796.00	831.00	871.00	1031.00	1073.00	1015.00	935.00	796.00	762.00	768.00	780.00	793.00	804.00	812.00	819.00	836.00	867.00	956.00	1009.00	1067.00	1141.00	1228.00	1172.00	1092.00	1064.00	1073.00	1009.00	992.00	983.00	1040.00	1214.00	1331.00	1307.00	1213.00	1186.00	1197.00	1188.00	1134.00	1075.00	995.00	1024.00	1001.00	943.00	921.00	905.00	906.00	898.00	887.00	875.00	874.00	872.00	871.00	870.00	873.00	885.00	888.00	879.00	864.00	860.00	862.00	866.00	867.00	866.00	874.00	890.00	901.00	893.00	892.00	897.00	918.00	991.00	1055.00	1030.00	987.00	974.00	996.00	1001.00	1003.00	999.00	991.00	970.00	945.00	913.00	899.00	883.00	879.00	882.00	879.00	906.00	925.00	895.00	862.00	845.00	791.00	760.00	755.00	807.00	893.00	910.00	858.00	836.00	884.00	1019.00	1061.00	1111.00	1109.00	1113.00	1039.00	986.00	952.00	933.00	887.00	843.00	921.00	1014.00	1145.00	1215.00	1155.00	1043.00	952.00	866.00	892.00	1018.00	980.00	854.00	815.00	786.00	767.00	758.00	749.00	722.00	712.00	706.00	735.00	831.00	896.00	933.00	1021.00	1000.00	926.00	860.00	819.00	713.00	681.00	656.00	625.00	610.00	616.00	623.00	632.00	637.00	655.00	660.00	668.00	673.00	675.00	679.00	701.00	739.00	796.00	895.00	923.00	970.00	971.00	890.00	906.00	882.00	827.00	794.00	886.00	870.00	819.00	838.00	906.00	911.00	900.00	958.00	972.00	975.00	987.00	1048.00	1124.00	1201.00	1168.00	1166.00	1216.00	1187.00	1056.00	990.00	951.00	974.00	1027.00	976.00	920.00	894.00	921.00	945.00	898.00	853.00	829.00	821.00	813.00	815.00	815.00	830.00	906.00	960.00	996.00	995.00	967.00	940.00	942.00	955.00	936.00	827.00	794.00	754.00	748.00	749.00	738.00	723.00	710.00	703.00	705.00	724.00	769.00	828.00	784.00	756.00	786.00	829.00	866.00
785.00	755.00	750.00	763.00	781.00	822.00	854.00	909.00	975.00	973.00	895.00	831.00	830.00	848.00	853.00	869.00	905.00	923.00	879.00	810.00	717.00	723.00	734.00	772.00	796.00	831.00	871.00	1031.00	1073.00	1015.00	935.00	796.00	762.00	768.00	780.00	793.00	804.00	812.00	819.00	836.00	867.00	956.00	1009.00	1067.00	1141.00	1228.00	1172.00	1092.00	1064.00	1073.00	1009.00	992.00	983.00	1040.00	1214.00	1331.00	1307.00	1213.00	1186.00	1197.00	1188.00	1134.00	1075.00	995.00	1024.00	1001.00	943.00	921.00	905.00	906.00	898.00	887.00	875.00	874.00	872.00	871.00	870.00	873.00	885.00	888.00	879.00	864.00	860.00	862.00	866.00	867.00	866.00	874.00	890.00	901.00	893.00	892.00	897.00	918.00	991.00	1055.00	1030.00	987.00	974.00	996.00	1001.00	1003.00	999.00	991.00	970.00	945.00	913.00	899.00	883.00	879.00	882.00	879.00	906.00	925.00	895.00	862.00	845.00	791.00	760.00	755.00	807.00	893.00	910.00	858.00	836.00	884.00	1019.00	1061.00	1111.00	1109.00	1113.00	1039.00	986.00	952.00	933.00	887.00	843.00	921.00	1014.00	1145.00	1215.00	1155.00	1043.00	952.00	866.00	892.00	1018.00	980.00	854.00	815.00	786.00	767.00	758.00	749.00	722.00	712.00	706.00	735.00	831.00	896.00	933.00	1021.00	1000.00	926.00	860.00	819.00	713.00	681.00	656.00	625.00	610.00	616.00	623.00	632.00	637.00	655.00	660.00	668.00	673.00	675.00	679.00	701.00	739.00	796.00	895.00	923.00	970.00	971.00	890.00	906.00	882.00	827.00	794.00	886.00	870.00	819.00	838.00	906.00	911.00	900.00	958.00	972.00	975.00	987.00	1048.00	1124.00	1201.00	1168.00	1166.00	1216.00	1187.00	1056.00	990.00	951.00	974.00	1027.00	976.00	920.00	894.00	921.00	945.00	898.00	853.00	829.00	821.00	813.00	815.00	815.00	830.00	906.00	960.00	996.00	995.00	967.00	940.00	942.00	955.00	936.00	827.00	794.00	754.00	748.00	749.00	738.00	723.00	710.00	703.00	705.00	724.00	769.00	828.00	784.00	756.00	786.00	829.00	866.00
909.00	835.00	874.00	835.00	791.00	817.00	859.00	877.00	924.00	1000.00	902.00	891.00	960.00	1020.00	973.00	907.00	961.00	936.00	869.00	837.00	727.00	729.00	743.00	777.00	791.00	817.00	855.00	993.00	1041.00	1056.00	976.00	858.00	773.00	771.00	777.00	782.00	792.00	796.00	803.00	820.00	844.00	932.00	973.00	1038.00	1103.00	1089.00	1019.00	990.00	1010.00	1056.00	933.00	952.00	997.00	1054.00	1197.00	1289.00	1375.00	1362.00	1333.00	1278.00	1244.00	1184.00	1060.00	1018.00	998.00	984.00	968.00	953.00	902.00	891.00	885.00	881.00	879.00	884.00	894.00	901.00	902.00	872.00	864.00	862.00	861.00	868.00	864.00	850.00	850.00	850.00	842.00	842.00	846.00	851.00	850.00	851.00	856.00	860.00	879.00	924.00	936.00	925.00	921.00	966.00	989.00	1002.00	998.00	980.00	927.00	927.00	935.00	940.00	947.00	947.00	942.00	936.00	940.00	942.00	931.00	920.00	904.00	852.00	782.00	755.00	790.00	895.00	935.00	888.00	874.00	906.00	1019.00	1056.00	1078.00	1057.00	1047.00	1010.00	973.00	937.00	909.00	843.00	850.00	915.00	992.00	1184.00	1262.00	1217.00	1104.00	1010.00	882.00	881.00	928.00	869.00	776.00	796.00	855.00	905.00	918.00	813.00	750.00	743.00	731.00	686.00	722.00	755.00	832.00	854.00	841.00	839.00	829.00	787.00	694.00	675.00	658.00	640.00	617.00	617.00	619.00	633.00	667.00	768.00	797.00	818.00	791.00	773.00	741.00	718.00	701.00	695.00	707.00	725.00	740.00	744.00	737.00	750.00	755.00	752.00	755.00	772.00	774.00	780.00	798.00	817.00	827.00	835.00	892.00	972.00	1016.00	1046.00	1090.00	1142.00	1155.00	1106.00	1081.00	1044.00	1041.00	1067.00	1005.00	944.00	908.00	905.00	926.00	944.00	1017.00	1103.00	1008.00	908.00	841.00	846.00	863.00	953.00	968.00	953.00	963.00	864.00	946.00	1007.00	996.00	963.00	883.00	841.00	829.00	832.00	796.00	780.00	771.00	748.00	735.00	722.00	716.00	706.00	698.00	745.00	765.00	781.00	855.00	837.00	778.00	815.00	846.00	850.00
952.00	975.00	1013.00	968.00	889.00	844.00	902.00	932.00	955.00	1076.00	997.00	977.00	1055.00	1114.00	1037.00	984.00	933.00	869.00	798.00	785.00	738.00	739.00	757.00	784.00	799.00	825.00	852.00	1000.00	1062.00	1120.00	1075.00	927.00	809.00	783.00	779.00	782.00	790.00	796.00	802.00	811.00	821.00	879.00	917.00	984.00	1011.00	957.00	924.00	915.00	911.00	915.00	938.00	1010.00	1080.00	1127.00	1172.00	1278.00	1310.00	1223.00	1136.00	1053.00	1038.00	1024.00	946.00	927.00	933.00	935.00	924.00	907.00	892.00	891.00	890.00	883.00	892.00	904.00	922.00	927.00	937.00	934.00	923.00	923.00	909.00	887.00	878.00	870.00	869.00	864.00	850.00	846.00	842.00	838.00	833.00	834.00	838.00	840.00	846.00	856.00	869.00	873.00	879.00	926.00	963.00	997.00	1015.00	1006.00	930.00	909.00	906.00	911.00	910.00	913.00	914.00	917.00	918.00	924.00	918.00	907.00	888.00	814.00	760.00	769.00	807.00	889.00	928.00	924.00	931.00	963.00	1032.00	1055.00	1084.00	1123.00	1089.00	1062.00	1047.00	1026.00	979.00	872.00	850.00	866.00	905.00	1090.00	1197.00	1258.00	1172.00	1067.00	909.00	865.00	808.00	794.00	874.00	924.00	1006.00	1022.00	938.00	804.00	816.00	816.00	782.00	698.00	679.00	676.00	667.00	658.00	658.00	655.00	653.00	650.00	642.00	636.00	632.00	627.00	621.00	621.00	622.00	634.00	697.00	904.00	992.00	1040.00	967.00	936.00	938.00	898.00	831.00	791.00	743.00	722.00	710.00	709.00	775.00	815.00	833.00	846.00	861.00	853.00	846.00	850.00	850.00	886.00	891.00	962.00	980.00	935.00	950.00	995.00	1056.00	1149.00	1235.00	1211.00	1183.00	1139.00	1093.00	941.00	945.00	964.00	968.00	990.00	1097.00	1076.00	1087.00	1157.00	964.00	873.00	870.00	953.00	966.00	940.00	950.00	999.00	1019.00	918.00	928.00	1008.00	1009.00	982.00	882.00	852.00	889.00	916.00	805.00	781.00	746.00	734.00	725.00	713.00	707.00	698.00	694.00	787.00	795.00	850.00	933.00	868.00	792.00	826.00	836.00	860.00
952.00	975.00	1013.00	968.00	889.00	844.00	902.00	932.00	955.00	1076.00	997.00	977.00	1055.00	1114.00	1037.00	984.00	933.00	869.00	798.00	785.00	738.00	739.00	757.00	784.00	799.00	825.00	852.00	1000.00	1062.00	1120.00	1075.00	927.00	809.00	783.00	779.00	782.00	790.00	796.00	802.00	811.00	821.00	879.00	917.00	984.00	1011.00	957.00	924.00	915.00	911.00	915.00	938.00	1010.00	1080.00	1127.00	1172.00	1278.00	1310.00	1223.00	1136.00	1053.00	1038.00	1024.00	946.00	927.00	933.00	935.00	924.00	907.00	892.00	891.00	890.00	883.00	892.00	904.00	922.00	927.00	937.00	934.00	923.00	923.00	909.00	887.00	878.00	870.00	869.00	864.00	850.00	846.00	842.00	838.00	833.00	834.00	838.00	840.00	846.00	856.00	869.00	873.00	879.00	926.00	963.00	997.00	1015.00	1006.00	930.00	909.00	906.00	911.00	910.00	913.00	914.00	917.00	918.00	924.00	918.00	907.00	888.00	814.00	760.00	769.00	807.00	889.00	928.00	924.00	931.00	963.00	1032.00	1055.00	1084.00	1123.00	1089.00	1062.00	1047.00	1026.00	979.00	872.00	850.00	866.00	905.00	1090.00	1197.00	1258.00	1172.00	1067.00	909.00	865.00	808.00	794.00	874.00	924.00	1006.00	1022.00	938.00	804.00	816.00	816.00	782.00	698.00	679.00	676.00	667.00	658.00	658.00	655.00	653.00	650.00	642.00	636.00	632.00	627.00	621.00	621.00	622.00	634.00	697.00	904.00	992.00	1040.00	967.00	936.00	938.00	898.00	831.00	791.00	743.00	722.00	710.00	709.00	775.00	815.00	833.00	846.00	861.00	853.00	846.00	850.00	850.00	886.00	891.00	962.00	980.00	935.00	950.00	995.00	1056.00	1149.00	1235.00	1211.00	1183.00	1139.00	1093.00	941.00	945.00	964.00	968.00	990.00	1097.00	1076.00	1087.00	1157.00	964.00	873.00	870.00	953.00	966.00	940.00	950.00	999.00	1019.00	918.00	928.00	1008.00	1009.00	982.00	882.00	852.00	889.00	916.00	805.00	781.00	746.00	734.00	725.00	713.00	707.00	698.00	694.00	787.00	795.00	850.00	933.00	868.00	792.00	826.00	836.00	860.00
872.00	909.00	975.00	961.00	909.00	882.00	918.00	953.00	996.00	1219.00	1183.00	1136.00	1154.00	1182.00	1022.00	965.00	914.00	859.00	793.00	771.00	749.00	753.00	759.00	787.00	806.00	835.00	868.00	973.00	1026.00	1106.00	1186.00	1030.00	864.00	824.00	797.00	789.00	794.00	798.00	806.00	837.00	867.00	840.00	862.00	895.00	899.00	873.00	886.00	927.00	991.00	1052.00	1020.00	1104.00	1168.00	1243.00	1351.00	1343.00	1232.00	1133.00	1079.00	1050.00	982.00	951.00	937.00	951.00	977.00	963.00	956.00	955.00	971.00	977.00	997.00	930.00	911.00	933.00	975.00	1003.00	1018.00	1089.00	1098.00	1163.00	1137.00	1046.00	1016.00	927.00	896.00	888.00	872.00	863.00	855.00	848.00	839.00	837.00	832.00	828.00	826.00	824.00	837.00	850.00	849.00	859.00	876.00	895.00	917.00	924.00	888.00	872.00	857.00	853.00	859.00	863.00	863.00	865.00	866.00	872.00	863.00	856.00	838.00	776.00	765.00	791.00	826.00	864.00	911.00	928.00	946.00	981.00	1027.00	1049.00	1088.00	1117.00	1141.00	1090.00	1035.00	1001.00	975.00	992.00	963.00	901.00	875.00	1010.00	1120.00	1222.00	1243.00	1147.00	970.00	905.00	827.00	847.00	990.00	1051.00	1029.00	949.00	896.00	903.00	884.00	851.00	813.00	738.00	725.00	700.00	679.00	683.00	738.00	714.00	696.00	673.00	671.00	661.00	661.00	649.00	636.00	622.00	618.00	634.00	698.00	887.00	964.00	1092.00	1119.00	1158.00	1080.00	1025.00	950.00	901.00	830.00	792.00	763.00	738.00	739.00	884.00	975.00	1044.00	1083.00	1012.00	1001.00	982.00	975.00	1002.00	1034.00	1090.00	1150.00	1097.00	1022.00	1050.00	1106.00	1132.00	1108.00	1099.00	1090.00	1050.00	1021.00	988.00	1012.00	1073.00	1106.00	1139.00	1205.00	1199.00	1159.00	1120.00	917.00	877.00	873.00	941.00	1013.00	1077.00	1043.00	992.00	1037.00	1022.00	1042.00	1071.00	1041.00	993.00	896.00	875.00	900.00	880.00	780.00	763.00	741.00	733.00	724.00	712.00	706.00	701.00	698.00	825.00	851.00	932.00	1003.00	879.00	823.00	880.00	858.00	851.00
872.00	909.00	975.00	961.00	909.00	882.00	918.00	953.00	996.00	1219.00	1183.00	1136.00	1154.00	1182.00	1022.00	965.00	914.00	859.00	793.00	771.00	749.00	753.00	759.00	787.00	806.00	835.00	868.00	973.00	1026.00	1106.00	1186.00	1030.00	864.00	824.00	797.00	789.00	794.00	798.00	806.00	837.00	867.00	840.00	862.00	895.00	899.00	873.00	886.00	927.00	991.00	1052.00	1020.00	1104.00	1168.00	1243.00	1351.00	1343.00	1232.00	1133.00	1079.00	1050.00	982.00	951.00	937.00	951.00	977.00	963.00	956.00	955.00	971.00	977.00	997.00	930.00	911.00	933.00	975.00	1003.00	1018.00	1089.00	1098.00	1163.00	1137.00	1046.00	1016.00	927.00	896.00	888.00	872.00	863.00	855.00	848.00	839.00	837.00	832.00	828.00	826.00	824.00	837.00	850.00	849.00	859.00	876.00	895.00	917.00	924.00	888.00	872.00	857.00	853.00	859.00	863.00	863.00	865.00	866.00	872.00	863.00	856.00	838.00	776.00	765.00	791.00	826.00	864.00	911.00	928.00	946.00	981.00	1027.00	1049.00	1088.00	1117.00	1141.00	1090.00	1035.00	1001.00	975.00	992.00	963.00	901.00	875.00	1010.00	1120.00	1222.00	1243.00	1147.00	970.00	905.00	827.00	847.00	990.00	1051.00	1029.00	949.00	896.00	903.00	884.00	851.00	813.00	738.00	725.00	700.00	679.00	683.00	738.00	714.00	696.00	673.00	671.00	661.00	661.00	649.00	636.00	622.00	618.00	634.00	698.00	887.00	964.00	1092.00	1119.00	1158.00	1080.00	1025.00	950.00	901.00	830.00	792.00	763.00	738.00	739.00	884.00	975.00	1044.00	1083.00	1012.00	1001.00	982.00	975.00	1002.00	1034.00	1090.00	1150.00	1097.00	1022.00	1050.00	1106.00	1132.00	1108.00	1099.00	1090.00	1050.00	1021.00	988.00	1012.00	1073.00	1106.00	1139.00	1205.00	1199.00	1159.00	1120.00	917.00	877.00	873.00	941.00	1013.00	1077.00	1043.00	992.00	1037.00	1022.00	1042.00	1071.00	1041.00	993.00	896.00	875.00	900.00	880.00	780.00	763.00	741.00	733.00	724.00	712.00	706.00	701.00	698.00	825.00	851.00	932.00	1003.00	879.00	823.00	880.00	858.00	851.00
774.00	788.00	810.00	825.00	836.00	967.00	990.00	987.00	1038.00	1298.00	1313.00	1250.00	1226.00	1158.00	999.00	944.00	882.00	843.00	828.00	801.00	763.00	770.00	776.00	798.00	813.00	840.00	889.00	1062.00	1105.00	1092.00	1081.00	1007.00	897.00	863.00	833.00	805.00	801.00	811.00	823.00	850.00	836.00	893.00	886.00	896.00	929.00	897.00	940.00	1037.00	1138.00	1239.00	1204.00	1202.00	1214.00	1222.00	1289.00	1346.00	1323.00	1255.00	1245.00	1121.00	1025.00	973.00	950.00	1002.00	1079.00	1148.00	1185.00	1171.00	1163.00	1076.00	1011.00	954.00	925.00	938.00	978.00	1040.00	1062.00	1194.00	1291.00	1263.00	1160.00	1070.00	1046.00	961.00	943.00	935.00	905.00	891.00	878.00	869.00	857.00	863.00	858.00	849.00	835.00	821.00	818.00	815.00	814.00	816.00	821.00	830.00	838.00	837.00	832.00	840.00	854.00	845.00	821.00	833.00	827.00	835.00	837.00	842.00	850.00	849.00	842.00	767.00	775.00	827.00	852.00	860.00	879.00	901.00	925.00	979.00	1031.00	1057.00	1056.00	1051.00	1072.00	1105.00	1109.00	1088.00	1057.00	984.00	952.00	943.00	897.00	960.00	1063.00	1163.00	1256.00	1240.00	1028.00	955.00	868.00	887.00	1009.00	985.00	943.00	864.00	833.00	905.00	886.00	825.00	785.00	716.00	698.00	700.00	739.00	762.00	791.00	745.00	714.00	721.00	691.00	680.00	670.00	647.00	633.00	617.00	619.00	639.00	673.00	796.00	866.00	981.00	1054.00	1149.00	1249.00	1160.00	1114.00	1081.00	928.00	880.00	837.00	790.00	740.00	780.00	840.00	898.00	951.00	1038.00	1072.00	1062.00	1053.00	1032.00	1034.00	1030.00	1066.00	1074.00	1070.00	1098.00	1136.00	1144.00	1197.00	1320.00	1258.00	1134.00	1060.00	1054.00	1141.00	1173.00	1234.00	1310.00	1206.00	1129.00	1058.00	992.00	918.00	881.00	889.00	912.00	964.00	1097.00	1137.00	1155.00	1168.00	1118.00	1122.00	1096.00	1034.00	958.00	829.00	818.00	877.00	838.00	772.00	761.00	738.00	730.00	722.00	717.00	712.00	708.00	708.00	877.00	891.00	937.00	931.00	950.00	858.00	857.00	884.00	888.00
774.00	788.00	810.00	825.00	836.00	967.00	990.00	987.00	1038.00	1298.00	1313.00	1250.00	1226.00	1158.00	999.00	944.00	882.00	843.00	828.00	801.00	763.00	770.00	776.00	798.00	813.00	840.00	889.00	1062.00	1105.00	1092.00	1081.00	1007.00	897.00	863.00	833.00	805.00	801.00	811.00	823.00	850.00	836.00	893.00	886.00	896.00	929.00	897.00	940.00	1037.00	1138.00	1239.00	1204.00	1202.00	1214.00	1222.00	1289.00	1346.00	1323.00	1255.00	1245.00	1121.00	1025.00	973.00	950.00	1002.00	1079.00	1148.00	1185.00	1171.00	1163.00	1076.00	1011.00	954.00	925.00	938.00	978.00	1040.00	1062.00	1194.00	1291.00	1263.00	1160.00	1070.00	1046.00	961.00	943.00	935.00	905.00	891.00	878.00	869.00	857.00	863.00	858.00	849.00	835.00	821.00	818.00	815.00	814.00	816.00	821.00	830.00	838.00	837.00	832.00	840.00	854.00	845.00	821.00	833.00	827.00	835.00	837.00	842.00	850.00	849.00	842.00	767.00	775.00	827.00	852.00	860.00	879.00	901.00	925.00	979.00	1031.00	1057.00	1056.00	1051.00	1072.00	1105.00	1109.00	1088.00	1057.00	984.00	952.00	943.00	897.00	960.00	1063.00	1163.00	1256.00	1240.00	1028.00	955.00	868.00	887.00	1009.00	985.00	943.00	864.00	833.00	905.00	886.00	825.00	785.00	716.00	698.00	700.00	739.00	762.00	791.00	745.00	714.00	721.00	691.00	680.00	670.00	647.00	633.00	617.00	619.00	639.00	673.00	796.00	866.00	981.00	1054.00	1149.00	1249.00	1160.00	1114.00	1081.00	928.00	880.00	837.00	790.00	740.00	780.00	840.00	898.00	951.00	1038.00	1072.00	1062.00	1053.00	1032.00	1034.00	1030.00	1066.00	1074.00	1070.00	1098.00	1136.00	1144.00	1197.00	1320.00	1258.00	1134.00	1060.00	1054.00	1141.00	1173.00	1234.00	1310.00	1206.00	1129.00	1058.00	992.00	918.00	881.00	889.00	912.00	964.00	1097.00	1137.00	1155.00	1168.00	1118.00	1122.00	1096.00	1034.00	958.00	829.00	818.00	877.00	838.00	772.00	761.00	738.00	730.00	722.00	717.00	712.00	708.00	708.00	877.00	891.00	937.00	931.00	950.00	858.00	857.00	884.00	888.00
758.00	787.00	824.00	869.00	873.00	969.00	924.00	948.00	999.00	1255.00	1253.00	1155.00	1081.00	1034.00	955.00	911.00	902.00	890.00	854.00	814.00	773.00	779.00	789.00	808.00	825.00	850.00	886.00	1036.00	1122.00	1058.00	1005.00	918.00	872.00	856.00	838.00	823.00	818.00	837.00	877.00	922.00	945.00	865.00	895.00	934.00	983.00	939.00	988.00	1081.00	1146.00	1144.00	1104.00	1048.00	1074.00	1150.00	1300.00	1331.00	1345.00	1323.00	1225.00	1083.00	1029.00	986.00	964.00	1081.00	1162.00	1237.00	1338.00	1364.00	1172.00	1102.00	1055.00	978.00	942.00	959.00	983.00	1045.00	1140.00	1306.00	1381.00	1312.00	1239.00	1220.00	1132.00	1028.00	995.00	978.00	977.00	963.00	938.00	917.00	886.00	893.00	895.00	882.00	862.00	859.00	855.00	847.00	837.00	831.00	831.00	818.00	809.00	803.00	801.00	798.00	796.00	798.00	791.00	791.00	791.00	794.00	799.00	806.00	813.00	822.00	828.00	781.00	775.00	802.00	834.00	846.00	867.00	882.00	911.00	995.00	1017.00	1028.00	1013.00	1007.00	1025.00	1067.00	1110.00	1160.00	1165.00	1012.00	977.00	958.00	918.00	950.00	1044.00	1132.00	1221.00	1291.00	1095.00	1008.00	927.00	915.00	1000.00	989.00	972.00	929.00	873.00	775.00	756.00	743.00	724.00	723.00	737.00	755.00	788.00	806.00	774.00	748.00	748.00	770.00	683.00	668.00	658.00	643.00	633.00	618.00	613.00	616.00	632.00	792.00	888.00	1024.00	1077.00	1113.00	1135.00	1169.00	1236.00	1199.00	1012.00	922.00	866.00	823.00	790.00	756.00	763.00	791.00	823.00	899.00	914.00	908.00	908.00	896.00	913.00	930.00	944.00	962.00	1032.00	1086.00	1189.00	1288.00	1348.00	1337.00	1220.00	1074.00	1143.00	1205.00	1237.00	1289.00	1252.00	1191.00	1129.00	1084.00	1034.00	1001.00	912.00	955.00	970.00	945.00	1001.00	1096.00	1094.00	1141.00	1155.00	958.00	1023.00	1072.00	1030.00	948.00	805.00	795.00	803.00	778.00	761.00	758.00	740.00	734.00	728.00	722.00	718.00	715.00	720.00	799.00	835.00	857.00	840.00	886.00	889.00	895.00	942.00	932.00
758.00	787.00	824.00	869.00	873.00	969.00	924.00	948.00	999.00	1255.00	1253.00	1155.00	1081.00	1034.00	955.00	911.00	902.00	890.00	854.00	814.00	773.00	779.00	789.00	808.00	825.00	850.00	886.00	1036.00	1122.00	1058.00	1005.00	918.00	872.00	856.00	838.00	823.00	818.00	837.00	877.00	922.00	945.00	865.00	895.00	934.00	983.00	939.00	988.00	1081.00	1146.00	1144.00	1104.00	1048.00	1074.00	1150.00	1300.00	1331.00	1345.00	1323.00	1225.00	1083.00	1029.00	986.00	964.00	1081.00	1162.00	1237.00	1338.00	1364.00	1172.00	1102.00	1055.00	978.00	942.00	959.00	983.00	1045.00	1140.00	1306.00	1381.00	1312.00	1239.00	1220.00	1132.00	1028.00	995.00	978.00	977.00	963.00	938.00	917.00	886.00	893.00	895.00	882.00	862.00	859.00	855.00	847.00	837.00	831.00	831.00	818.00	809.00	803.00	801.00	798.00	796.00	798.00	791.00	791.00	791.00	794.00	799.00	806.00	813.00	822.00	828.00	781.00	775.00	802.00	834.00	846.00	867.00	882.00	911.00	995.00	1017.00	1028.00	1013.00	1007.00	1025.00	1067.00	1110.00	1160.00	1165.00	1012.00	977.00	958.00	918.00	950.00	1044.00	1132.00	1221.00	1291.00	1095.00	1008.00	927.00	915.00	1000.00	989.00	972.00	929.00	873.00	775.00	756.00	743.00	724.00	723.00	737.00	755.00	788.00	806.00	774.00	748.00	748.00	770.00	683.00	668.00	658.00	643.00	633.00	618.00	613.00	616.00	632.00	792.00	888.00	1024.00	1077.00	1113.00	1135.00	1169.00	1236.00	1199.00	1012.00	922.00	866.00	823.00	790.00	756.00	763.00	791.00	823.00	899.00	914.00	908.00	908.00	896.00	913.00	930.00	944.00	962.00	1032.00	1086.00	1189.00	1288.00	1348.00	1337.00	1220.00	1074.00	1143.00	1205.00	1237.00	1289.00	1252.00	1191.00	1129.00	1084.00	1034.00	1001.00	912.00	955.00	970.00	945.00	1001.00	1096.00	1094.00	1141.00	1155.00	958.00	1023.00	1072.00	1030.00	948.00	805.00	795.00	803.00	778.00	761.00	758.00	740.00	734.00	728.00	722.00	718.00	715.00	720.00	799.00	835.00	857.00	840.00	886.00	889.00	895.00	942.00	932.00
718.00	734.00	754.00	772.00	780.00	844.00	859.00	906.00	951.00	1160.00	1204.00	1140.00	1076.00	1023.00	910.00	872.00	831.00	835.00	842.00	808.00	775.00	782.00	789.00	808.00	826.00	858.00	913.00	1097.00	1145.00	1152.00	1152.00	972.00	899.00	868.00	848.00	830.00	851.00	890.00	929.00	955.00	959.00	847.00	908.00	953.00	946.00	929.00	950.00	978.00	1001.00	968.00	976.00	983.00	1005.00	1039.00	1098.00	1107.00	1143.00	1168.00	1185.00	1095.00	1047.00	1006.00	1010.00	1207.00	1307.00	1386.00	1355.00	1291.00	1172.00	1089.00	1016.00	966.00	971.00	1002.00	1074.00	1117.00	1119.00	1233.00	1362.00	1446.00	1387.00	1260.00	1197.00	1043.00	1068.00	1059.00	1038.00	1030.00	974.00	951.00	950.00	951.00	947.00	941.00	938.00	930.00	907.00	884.00	866.00	855.00	850.00	838.00	830.00	834.00	831.00	825.00	826.00	830.00	803.00	804.00	798.00	791.00	790.00	786.00	783.00	783.00	785.00	786.00	788.00	782.00	778.00	804.00	866.00	884.00	900.00	944.00	950.00	961.00	957.00	963.00	1009.00	1058.00	1112.00	1154.00	1157.00	1030.00	982.00	948.00	925.00	947.00	1037.00	1125.00	1219.00	1305.00	1126.00	1034.00	918.00	887.00	987.00	993.00	992.00	1017.00	974.00	812.00	738.00	738.00	743.00	808.00	828.00	813.00	801.00	795.00	795.00	803.00	803.00	800.00	682.00	672.00	659.00	645.00	635.00	622.00	619.00	622.00	637.00	708.00	741.00	808.00	840.00	863.00	961.00	1068.00	1172.00	1146.00	956.00	900.00	895.00	917.00	860.00	815.00	801.00	787.00	778.00	809.00	817.00	824.00	840.00	854.00	926.00	936.00	946.00	980.00	1079.00	1129.00	1125.00	1130.00	1193.00	1230.00	1228.00	1197.00	1176.00	1359.00	1350.00	1249.00	1184.00	1135.00	1003.00	968.00	959.00	972.00	965.00	1051.00	1106.00	1089.00	1123.00	1038.00	961.00	1035.00	1075.00	906.00	942.00	1013.00	983.00	905.00	833.00	876.00	832.00	785.00	768.00	760.00	737.00	730.00	724.00	719.00	718.00	720.00	731.00	772.00	786.00	784.00	786.00	807.00	830.00	875.00	901.00	877.00
762.00	780.00	741.00	746.00	766.00	812.00	830.00	867.00	904.00	1027.00	1018.00	957.00	928.00	893.00	885.00	848.00	800.00	773.00	819.00	794.00	742.00	765.00	776.00	774.00	798.00	843.00	909.00	1081.00	1076.00	1132.00	1111.00	971.00	913.00	879.00	859.00	847.00	892.00	910.00	928.00	935.00	942.00	891.00	885.00	878.00	875.00	913.00	927.00	939.00	934.00	934.00	1005.00	1044.00	1026.00	1014.00	1111.00	1159.00	1203.00	1262.00	1305.00	1181.00	1103.00	1061.00	1078.00	1257.00	1359.00	1388.00	1298.00	1198.00	1065.00	1002.00	974.00	983.00	1087.00	1077.00	1113.00	1199.00	1297.00	1379.00	1450.00	1453.00	1367.00	1229.00	1180.00	1115.00	1088.00	1066.00	1035.00	1067.00	1048.00	1033.00	1051.00	1067.00	1077.00	1064.00	1006.00	971.00	946.00	922.00	917.00	910.00	890.00	871.00	862.00	866.00	848.00	844.00	841.00	836.00	821.00	828.00	816.00	817.00	823.00	809.00	817.00	807.00	801.00	792.00	790.00	790.00	786.00	802.00	843.00	857.00	865.00	890.00	925.00	950.00	962.00	975.00	1037.00	1085.00	1097.00	1075.00	1057.00	995.00	972.00	949.00	930.00	959.00	1026.00	1107.00	1207.00	1300.00	1119.00	1023.00	906.00	876.00	891.00	878.00	856.00	842.00	826.00	754.00	763.00	767.00	791.00	834.00	852.00	852.00	837.00	831.00	855.00	863.00	842.00	802.00	692.00	675.00	665.00	651.00	635.00	626.00	627.00	634.00	645.00	693.00	740.00	811.00	820.00	826.00	879.00	939.00	1008.00	1062.00	1016.00	1029.00	1073.00	1047.00	936.00	931.00	889.00	861.00	836.00	799.00	826.00	881.00	931.00	979.00	1042.00	1065.00	1032.00	1039.00	1112.00	1080.00	996.00	979.00	1001.00	1063.00	1151.00	1342.00	1360.00	1393.00	1343.00	1260.00	1170.00	1083.00	988.00	968.00	1036.00	1115.00	1033.00	1122.00	1172.00	1125.00	1041.00	967.00	916.00	915.00	963.00	876.00	950.00	972.00	922.00	870.00	886.00	860.00	807.00	784.00	762.00	750.00	731.00	726.00	722.00	719.00	720.00	733.00	781.00	886.00	906.00	890.00	874.00	850.00	803.00	826.00	854.00	860.00
762.00	780.00	741.00	746.00	766.00	812.00	830.00	867.00	904.00	1027.00	1018.00	957.00	928.00	893.00	885.00	848.00	800.00	773.00	819.00	794.00	742.00	765.00	776.00	774.00	798.00	843.00	909.00	1081.00	1076.00	1132.00	1111.00	971.00	913.00	879.00	859.00	847.00	892.00	910.00	928.00	935.00	942.00	891.00	885.00	878.00	875.00	913.00	927.00	939.00	934.00	934.00	1005.00	1044.00	1026.00	1014.00	1111.00	1159.00	1203.00	1262.00	1305.00	1181.00	1103.00	1061.00	1078.00	1257.00	1359.00	1388.00	1298.00	1198.00	1065.00	1002.00	974.00	983.00	1087.00	1077.00	1113.00	1199.00	1297.00	1379.00	1450.00	1453.00	1367.00	1229.00	1180.00	1115.00	1088.00	1066.00	1035.00	1067.00	1048.00	1033.00	1051.00	1067.00	1077.00	1064.00	1006.00	971.00	946.00	922.00	917.00	910.00	890.00	871.00	862.00	866.00	848.00	844.00	841.00	836.00	821.00	828.00	816.00	817.00	823.00	809.00	817.00	807.00	801.00	792.00	790.00	790.00	786.00	802.00	843.00	857.00	865.00	890.00	925.00	950.00	962.00	975.00	1037.00	1085.00	1097.00	1075.00	1057.00	995.00	972.00	949.00	930.00	959.00	1026.00	1107.00	1207.00	1300.00	1119.00	1023.00	906.00	876.00	891.00	878.00	856.00	842.00	826.00	754.00	763.00	767.00	791.00	834.00	852.00	852.00	837.00	831.00	855.00	863.00	842.00	802.00	692.00	675.00	665.00	651.00	635.00	626.00	627.00	634.00	645.00	693.00	740.00	811.00	820.00	826.00	879.00	939.00	1008.00	1062.00	1016.00	1029.00	1073.00	1047.00	936.00	931.00	889.00	861.00	836.00	799.00	826.00	881.00	931.00	979.00	1042.00	1065.00	1032.00	1039.00	1112.00	1080.00	996.00	979.00	1001.00	1063.00	1151.00	1342.00	1360.00	1393.00	1343.00	1260.00	1170.00	1083.00	988.00	968.00	1036.00	1115.00	1033.00	1122.00	1172.00	1125.00	1041.00	967.00	916.00	915.00	963.00	876.00	950.00	972.00	922.00	870.00	886.00	860.00	807.00	784.00	762.00	750.00	731.00	726.00	722.00	719.00	720.00	733.00	781.00	886.00	906.00	890.00	874.00	850.00	803.00	826.00	854.00	860.00
762.00	780.00	741.00	746.00	766.00	812.00	830.00	867.00	904.00	1027.00	1018.00	957.00	928.00	893.00	885.00	848.00	800.00	773.00	819.00	794.00	742.00	765.00	776.00	774.00	798.00	843.00	909.00	1081.00	1076.00	1132.00	1111.00	971.00	913.00	879.00	859.00	847.00	892.00	910.00	928.00	935.00	942.00	891.00	885.00	878.00	875.00	913.00	927.00	939.00	934.00	934.00	1005.00	1044.00	1026.00	1014.00	1111.00	1159.00	1203.00	1262.00	1305.00	1181.00	1103.00	1061.00	1078.00	1257.00	1359.00	1388.00	1298.00	1198.00	1065.00	1002.00	974.00	983.00	1087.00	1077.00	1113.00	1199.00	1297.00	1379.00	1450.00	1453.00	1367.00	1229.00	1180.00	1115.00	1088.00	1066.00	1035.00	1067.00	1048.00	1033.00	1051.00	1067.00	1077.00	1064.00	1006.00	971.00	946.00	922.00	917.00	910.00	890.00	871.00	862.00	866.00	848.00	844.00	841.00	836.00	821.00	828.00	816.00	817.00	823.00	809.00	817.00	807.00	801.00	792.00	790.00	790.00	786.00	802.00	843.00	857.00	865.00	890.00	925.00	950.00	962.00	975.00	1037.00	1085.00	1097.00	1075.00	1057.00	995.00	972.00	949.00	930.00	959.00	1026.00	1107.00	1207.00	1300.00	1119.00	1023.00	906.00	876.00	891.00	878.00	856.00	842.00	826.00	754.00	763.00	767.00	791.00	834.00	852.00	852.00	837.00	831.00	855.00	863.00	842.00	802.00	692.00	675.00	665.00	651.00	635.00	626.00	627.00	634.00	645.00	693.00	740.00	811.00	820.00	826.00	879.00	939.00	1008.00	1062.00	1016.00	1029.00	1073.00	1047.00	936.00	931.00	889.00	861.00	836.00	799.00	826.00	881.00	931.00	979.00	1042.00	1065.00	1032.00	1039.00	1112.00	1080.00	996.00	979.00	1001.00	1063.00	1151.00	1342.00	1360.00	1393.00	1343.00	1260.00	1170.00	1083.00	988.00	968.00	1036.00	1115.00	1033.00	1122.00	1172.00	1125.00	1041.00	967.00	916.00	915.00	963.00	876.00	950.00	972.00	922.00	870.00	886.00	860.00	807.00	784.00	762.00	750.00	731.00	726.00	722.00	719.00	720.00	733.00	781.00	886.00	906.00	890.00	874.00	850.00	803.00	826.00	854.00	860.00
875.00	880.00	799.00	752.00	774.00	871.00	932.00	952.00	950.00	918.00	875.00	867.00	852.00	835.00	758.00	781.00	800.00	789.00	726.00	718.00	725.00	740.00	750.00	782.00	799.00	827.00	860.00	952.00	1010.00	1012.00	950.00	900.00	901.00	890.00	881.00	889.00	931.00	931.00	897.00	926.00	949.00	970.00	973.00	927.00	910.00	1016.00	1059.00	1096.00	1075.00	1089.00	1233.00	1252.00	1166.00	1106.00	1108.00	1146.00	1225.00	1336.00	1437.00	1282.00	1202.00	1171.00	1263.00	1329.00	1309.00	1256.00	1196.00	1132.00	1050.00	1022.00	1031.00	1056.00	1194.00	1262.00	1304.00	1343.00	1433.00	1435.00	1378.00	1339.00	1275.00	1177.00	1161.00	1118.00	1108.00	1103.00	1008.00	999.00	1001.00	1005.00	1040.00	1057.00	1062.00	1058.00	1098.00	1034.00	989.00	985.00	998.00	998.00	966.00	941.00	927.00	917.00	879.00	871.00	870.00	863.00	847.00	844.00	836.00	839.00	842.00	845.00	839.00	838.00	836.00	819.00	817.00	811.00	806.00	804.00	821.00	837.00	848.00	896.00	953.00	988.00	1009.00	1033.00	1090.00	1092.00	1070.00	1052.00	1019.00	962.00	948.00	931.00	923.00	975.00	1043.00	1112.00	1209.00	1296.00	1098.00	1016.00	931.00	917.00	965.00	955.00	901.00	831.00	799.00	870.00	858.00	805.00	865.00	900.00	953.00	978.00	933.00	890.00	836.00	816.00	805.00	792.00	709.00	689.00	673.00	650.00	636.00	634.00	636.00	639.00	646.00	689.00	745.00	869.00	912.00	943.00	968.00	976.00	964.00	934.00	911.00	987.00	1081.00	1167.00	1120.00	1057.00	1003.00	967.00	917.00	837.00	820.00	835.00	882.00	928.00	1043.00	1065.00	1076.00	1070.00	994.00	957.00	928.00	934.00	964.00	999.00	1041.00	1163.00	1221.00	1244.00	1182.00	1105.00	1060.00	1046.00	1028.00	1095.00	1086.00	1088.00	1162.00	1211.00	1180.00	1126.00	1067.00	1010.00	969.00	911.00	863.00	877.00	926.00	903.00	873.00	900.00	879.00	832.00	804.00	785.00	760.00	744.00	727.00	728.00	733.00	736.00	742.00	771.00	831.00	896.00	955.00	953.00	891.00	946.00	838.00	843.00	881.00	889.00
872.00	832.00	784.00	768.00	788.00	858.00	898.00	928.00	960.00	849.00	804.00	740.00	739.00	780.00	717.00	707.00	733.00	739.00	698.00	712.00	753.00	775.00	785.00	785.00	796.00	817.00	844.00	861.00	871.00	861.00	850.00	865.00	885.00	923.00	932.00	943.00	932.00	882.00	860.00	892.00	900.00	985.00	981.00	972.00	1015.00	1056.00	1058.00	1063.00	1074.00	1135.00	1289.00	1373.00	1394.00	1357.00	1271.00	1250.00	1308.00	1387.00	1363.00	1188.00	1171.00	1268.00	1408.00	1180.00	1130.00	1116.00	1097.00	1093.00	1127.00	1107.00	1091.00	1063.00	1143.00	1231.00	1342.00	1460.00	1524.00	1340.00	1257.00	1188.00	1144.00	1124.00	1134.00	1060.00	1046.00	1036.00	1039.00	1041.00	1032.00	1015.00	982.00	970.00	968.00	973.00	1088.00	1064.00	1055.00	1051.00	1059.00	1072.00	1045.00	1041.00	1020.00	996.00	943.00	935.00	924.00	909.00	882.00	875.00	871.00	868.00	865.00	861.00	857.00	856.00	854.00	859.00	856.00	848.00	837.00	829.00	837.00	842.00	841.00	870.00	917.00	942.00	964.00	986.00	1017.00	1030.00	1027.00	1003.00	965.00	919.00	909.00	902.00	916.00	1016.00	1081.00	1149.00	1248.00	1302.00	1090.00	1020.00	941.00	944.00	902.00	844.00	828.00	844.00	883.00	983.00	910.00	860.00	903.00	1086.00	1070.00	983.00	904.00	856.00	832.00	839.00	844.00	820.00	709.00	688.00	668.00	654.00	642.00	640.00	643.00	647.00	654.00	682.00	723.00	812.00	865.00	915.00	899.00	890.00	852.00	824.00	957.00	1079.00	1174.00	1262.00	1299.00	1240.00	1190.00	1085.00	981.00	892.00	878.00	851.00	844.00	867.00	916.00	923.00	939.00	928.00	900.00	899.00	931.00	967.00	1013.00	1034.00	1086.00	1160.00	1196.00	1232.00	1210.00	1187.00	1175.00	1145.00	1115.00	1207.00	1230.00	1197.00	1245.00	1229.00	1154.00	1118.00	1077.00	1031.00	981.00	934.00	887.00	813.00	814.00	814.00	855.00	894.00	827.00	808.00	793.00	781.00	755.00	733.00	733.00	735.00	737.00	751.00	765.00	794.00	820.00	828.00	841.00	850.00	836.00	886.00	864.00	899.00	922.00	892.00
872.00	832.00	784.00	768.00	788.00	858.00	898.00	928.00	960.00	849.00	804.00	740.00	739.00	780.00	717.00	707.00	733.00	739.00	698.00	712.00	753.00	775.00	785.00	785.00	796.00	817.00	844.00	861.00	871.00	861.00	850.00	865.00	885.00	923.00	932.00	943.00	932.00	882.00	860.00	892.00	900.00	985.00	981.00	972.00	1015.00	1056.00	1058.00	1063.00	1074.00	1135.00	1289.00	1373.00	1394.00	1357.00	1271.00	1250.00	1308.00	1387.00	1363.00	1188.00	1171.00	1268.00	1408.00	1180.00	1130.00	1116.00	1097.00	1093.00	1127.00	1107.00	1091.00	1063.00	1143.00	1231.00	1342.00	1460.00	1524.00	1340.00	1257.00	1188.00	1144.00	1124.00	1134.00	1060.00	1046.00	1036.00	1039.00	1041.00	1032.00	1015.00	982.00	970.00	968.00	973.00	1088.00	1064.00	1055.00	1051.00	1059.00	1072.00	1045.00	1041.00	1020.00	996.00	943.00	935.00	924.00	909.00	882.00	875.00	871.00	868.00	865.00	861.00	857.00	856.00	854.00	859.00	856.00	848.00	837.00	829.00	837.00	842.00	841.00	870.00	917.00	942.00	964.00	986.00	1017.00	1030.00	1027.00	1003.00	965.00	919.00	909.00	902.00	916.00	1016.00	1081.00	1149.00	1248.00	1302.00	1090.00	1020.00	941.00	944.00	902.00	844.00	828.00	844.00	883.00	983.00	910.00	860.00	903.00	1086.00	1070.00	983.00	904.00	856.00	832.00	839.00	844.00	820.00	709.00	688.00	668.00	654.00	642.00	640.00	643.00	647.00	654.00	682.00	723.00	812.00	865.00	915.00	899.00	890.00	852.00	824.00	957.00	1079.00	1174.00	1262.00	1299.00	1240.00	1190.00	1085.00	981.00	892.00	878.00	851.00	844.00	867.00	916.00	923.00	939.00	928.00	900.00	899.00	931.00	967.00	1013.00	1034.00	1086.00	1160.00	1196.00	1232.00	1210.00	1187.00	1175.00	1145.00	1115.00	1207.00	1230.00	1197.00	1245.00	1229.00	1154.00	1118.00	1077.00	1031.00	981.00	934.00	887.00	813.00	814.00	814.00	855.00	894.00	827.00	808.00	793.00	781.00	755.00	733.00	733.00	735.00	737.00	751.00	765.00	794.00	820.00	828.00	841.00	850.00	836.00	886.00	864.00	899.00	922.00	892.00
866.00	825.00	795.00	790.00	813.00	881.00	902.00	835.00	765.00	671.00	663.00	660.00	660.00	664.00	671.00	673.00	674.00	676.00	695.00	712.00	739.00	753.00	751.00	761.00	774.00	786.00	799.00	806.00	824.00	842.00	843.00	833.00	921.00	963.00	969.00	947.00	854.00	833.00	820.00	844.00	882.00	922.00	922.00	960.00	1004.00	1128.00	1158.00	1175.00	1184.00	1159.00	1200.00	1326.00	1380.00	1297.00	1093.00	1109.00	1169.00	1224.00	1219.00	1088.00	1105.00	1203.00	1417.00	1296.00	1250.00	1279.00	1247.00	1171.00	1088.00	1075.00	1075.00	1052.00	1156.00	1244.00	1275.00	1316.00	1413.00	1340.00	1266.00	1207.00	1158.00	1288.00	1344.00	1210.00	1206.00	1176.00	1081.00	1059.00	1025.00	1008.00	979.00	968.00	957.00	949.00	981.00	1004.00	1005.00	1003.00	1007.00	1039.00	1040.00	1061.00	1055.00	1015.00	1007.00	1008.00	988.00	970.00	930.00	917.00	906.00	896.00	888.00	880.00	878.00	878.00	878.00	877.00	871.00	862.00	852.00	840.00	829.00	826.00	822.00	833.00	874.00	893.00	913.00	950.00	1006.00	993.00	951.00	908.00	892.00	881.00	885.00	906.00	947.00	1039.00	1102.00	1189.00	1289.00	1238.00	1049.00	1002.00	940.00	943.00	874.00	904.00	911.00	936.00	1007.00	981.00	917.00	978.00	1073.00	1219.00	1126.00	1034.00	983.00	958.00	925.00	915.00	901.00	891.00	802.00	716.00	672.00	647.00	637.00	644.00	651.00	658.00	665.00	688.00	739.00	837.00	851.00	842.00	780.00	764.00	767.00	782.00	907.00	977.00	1019.00	1029.00	1117.00	1262.00	1226.00	1125.00	1025.00	1048.00	1019.00	948.00	941.00	904.00	864.00	869.00	887.00	904.00	966.00	981.00	953.00	961.00	980.00	1053.00	1154.00	1312.00	1324.00	1259.00	1217.00	1223.00	1248.00	1216.00	1208.00	1227.00	1223.00	1147.00	1151.00	1220.00	1181.00	1128.00	1064.00	978.00	975.00	996.00	994.00	837.00	812.00	793.00	800.00	805.00	777.00	771.00	767.00	763.00	738.00	732.00	740.00	742.00	748.00	798.00	830.00	862.00	881.00	920.00	914.00	872.00	856.00	887.00	862.00	894.00	940.00	931.00
851.00	818.00	832.00	833.00	837.00	847.00	772.00	674.00	632.00	651.00	655.00	659.00	661.00	664.00	667.00	666.00	667.00	670.00	681.00	694.00	719.00	718.00	726.00	763.00	782.00	812.00	825.00	839.00	837.00	813.00	797.00	839.00	966.00	975.00	979.00	948.00	802.00	814.00	860.00	915.00	996.00	997.00	1001.00	1053.00	1084.00	1055.00	1067.00	1128.00	1215.00	1305.00	1402.00	1322.00	1244.00	1176.00	1026.00	983.00	1018.00	1041.00	1025.00	1032.00	1096.00	1181.00	1403.00	1344.00	1263.00	1193.00	1142.00	1093.00	1047.00	1026.00	1012.00	998.00	1092.00	1106.00	1129.00	1227.00	1332.00	1409.00	1350.00	1311.00	1303.00	1412.00	1428.00	1381.00	1315.00	1223.00	1188.00	1132.00	1066.00	1077.00	1026.00	1049.00	1024.00	1002.00	946.00	934.00	930.00	932.00	956.00	971.00	990.00	1027.00	1012.00	975.00	992.00	1025.00	1022.00	998.00	947.00	930.00	918.00	910.00	900.00	892.00	885.00	876.00	868.00	851.00	846.00	848.00	839.00	822.00	827.00	819.00	814.00	813.00	850.00	882.00	912.00	934.00	913.00	895.00	881.00	858.00	856.00	893.00	908.00	954.00	1036.00	1157.00	1191.00	1241.00	1272.00	1167.00	1001.00	964.00	920.00	957.00	1002.00	1060.00	1109.00	1067.00	1090.00	1114.00	1061.00	1109.00	1177.00	1150.00	1114.00	1046.00	1002.00	977.00	945.00	947.00	939.00	908.00	777.00	715.00	666.00	639.00	635.00	651.00	658.00	663.00	670.00	687.00	709.00	728.00	734.00	733.00	773.00	821.00	885.00	894.00	853.00	866.00	868.00	914.00	1076.00	1265.00	1312.00	1241.00	1205.00	1208.00	1192.00	1140.00	1088.00	978.00	940.00	932.00	935.00	1023.00	1103.00	1132.00	1091.00	1056.00	1054.00	1102.00	1144.00	1308.00	1243.00	1125.00	1083.00	1125.00	1203.00	1220.00	1164.00	1100.00	1051.00	1039.00	1026.00	1061.00	1125.00	1152.00	1100.00	984.00	931.00	876.00	878.00	810.00	792.00	799.00	803.00	796.00	786.00	781.00	778.00	762.00	735.00	739.00	743.00	750.00	760.00	810.00	809.00	809.00	821.00	848.00	850.00	850.00	869.00	918.00	939.00	962.00	943.00	925.00
851.00	818.00	832.00	833.00	837.00	847.00	772.00	674.00	632.00	651.00	655.00	659.00	661.00	664.00	667.00	666.00	667.00	670.00	681.00	694.00	719.00	718.00	726.00	763.00	782.00	812.00	825.00	839.00	837.00	813.00	797.00	839.00	966.00	975.00	979.00	948.00	802.00	814.00	860.00	915.00	996.00	997.00	1001.00	1053.00	1084.00	1055.00	1067.00	1128.00	1215.00	1305.00	1402.00	1322.00	1244.00	1176.00	1026.00	983.00	1018.00	1041.00	1025.00	1032.00	1096.00	1181.00	1403.00	1344.00	1263.00	1193.00	1142.00	1093.00	1047.00	1026.00	1012.00	998.00	1092.00	1106.00	1129.00	1227.00	1332.00	1409.00	1350.00	1311.00	1303.00	1412.00	1428.00	1381.00	1315.00	1223.00	1188.00	1132.00	1066.00	1077.00	1026.00	1049.00	1024.00	1002.00	946.00	934.00	930.00	932.00	956.00	971.00	990.00	1027.00	1012.00	975.00	992.00	1025.00	1022.00	998.00	947.00	930.00	918.00	910.00	900.00	892.00	885.00	876.00	868.00	851.00	846.00	848.00	839.00	822.00	827.00	819.00	814.00	813.00	850.00	882.00	912.00	934.00	913.00	895.00	881.00	858.00	856.00	893.00	908.00	954.00	1036.00	1157.00	1191.00	1241.00	1272.00	1167.00	1001.00	964.00	920.00	957.00	1002.00	1060.00	1109.00	1067.00	1090.00	1114.00	1061.00	1109.00	1177.00	1150.00	1114.00	1046.00	1002.00	977.00	945.00	947.00	939.00	908.00	777.00	715.00	666.00	639.00	635.00	651.00	658.00	663.00	670.00	687.00	709.00	728.00	734.00	733.00	773.00	821.00	885.00	894.00	853.00	866.00	868.00	914.00	1076.00	1265.00	1312.00	1241.00	1205.00	1208.00	1192.00	1140.00	1088.00	978.00	940.00	932.00	935.00	1023.00	1103.00	1132.00	1091.00	1056.00	1054.00	1102.00	1144.00	1308.00	1243.00	1125.00	1083.00	1125.00	1203.00	1220.00	1164.00	1100.00	1051.00	1039.00	1026.00	1061.00	1125.00	1152.00	1100.00	984.00	931.00	876.00	878.00	810.00	792.00	799.00	803.00	796.00	786.00	781.00	778.00	762.00	735.00	739.00	743.00	750.00	760.00	810.00	809.00	809.00	821.00	848.00	850.00	850.00	869.00	918.00	939.00	962.00	943.00	925.00
851.00	818.00	832.00	833.00	837.00	847.00	772.00	674.00	632.00	651.00	655.00	659.00	661.00	664.00	667.00	666.00	667.00	670.00	681.00	694.00	719.00	718.00	726.00	763.00	782.00	812.00	825.00	839.00	837.00	813.00	797.00	839.00	966.00	975.00	979.00	948.00	802.00	814.00	860.00	915.00	996.00	997.00	1001.00	1053.00	1084.00	1055.00	1067.00	1128.00	1215.00	1305.00	1402.00	1322.00	1244.00	1176.00	1026.00	983.00	1018.00	1041.00	1025.00	1032.00	1096.00	1181.00	1403.00	1344.00	1263.00	1193.00	1142.00	1093.00	1047.00	1026.00	1012.00	998.00	1092.00	1106.00	1129.00	1227.00	1332.00	1409.00	1350.00	1311.00	1303.00	1412.00	1428.00	1381.00	1315.00	1223.00	1188.00	1132.00	1066.00	1077.00	1026.00	1049.00	1024.00	1002.00	946.00	934.00	930.00	932.00	956.00	971.00	990.00	1027.00	1012.00	975.00	992.00	1025.00	1022.00	998.00	947.00	930.00	918.00	910.00	900.00	892.00	885.00	876.00	868.00	851.00	846.00	848.00	839.00	822.00	827.00	819.00	814.00	813.00	850.00	882.00	912.00	934.00	913.00	895.00	881.00	858.00	856.00	893.00	908.00	954.00	1036.00	1157.00	1191.00	1241.00	1272.00	1167.00	1001.00	964.00	920.00	957.00	1002.00	1060.00	1109.00	1067.00	1090.00	1114.00	1061.00	1109.00	1177.00	1150.00	1114.00	1046.00	1002.00	977.00	945.00	947.00	939.00	908.00	777.00	715.00	666.00	639.00	635.00	651.00	658.00	663.00	670.00	687.00	709.00	728.00	734.00	733.00	773.00	821.00	885.00	894.00	853.00	866.00	868.00	914.00	1076.00	1265.00	1312.00	1241.00	1205.00	1208.00	1192.00	1140.00	1088.00	978.00	940.00	932.00	935.00	1023.00	1103.00	1132.00	1091.00	1056.00	1054.00	1102.00	1144.00	1308.00	1243.00	1125.00	1083.00	1125.00	1203.00	1220.00	1164.00	1100.00	1051.00	1039.00	1026.00	1061.00	1125.00	1152.00	1100.00	984.00	931.00	876.00	878.00	810.00	792.00	799.00	803.00	796.00	786.00	781.00	778.00	762.00	735.00	739.00	743.00	750.00	760.00	810.00	809.00	809.00	821.00	848.00	850.00	850.00	869.00	918.00	939.00	962.00	943.00	925.00
756.00	774.00	777.00	786.00	840.00	718.00	639.00	626.00	636.00	660.00	663.00	667.00	669.00	675.00	682.00	685.00	684.00	674.00	673.00	676.00	686.00	700.00	713.00	726.00	734.00	748.00	764.00	790.00	775.00	768.00	776.00	882.00	881.00	912.00	965.00	904.00	777.00	833.00	888.00	931.00	962.00	995.00	1084.00	1183.00	1199.00	1151.00	1196.00	1199.00	1213.00	1260.00	1397.00	1188.00	1105.00	1048.00	1005.00	972.00	949.00	976.00	953.00	1063.00	1155.00	1252.00	1413.00	1224.00	1179.00	1165.00	1169.00	1108.00	1050.00	1028.00	1006.00	988.00	1004.00	1019.00	1072.00	1155.00	1213.00	1246.00	1286.00	1304.00	1340.00	1312.00	1230.00	1183.00	1200.00	1234.00	1296.00	1244.00	1190.00	1118.00	1093.00	1177.00	1205.00	1194.00	1058.00	955.00	933.00	921.00	916.00	923.00	939.00	943.00	945.00	931.00	956.00	970.00	960.00	950.00	920.00	915.00	912.00	907.00	897.00	887.00	860.00	847.00	841.00	840.00	842.00	845.00	845.00	847.00	852.00	852.00	852.00	811.00	820.00	849.00	864.00	872.00	855.00	846.00	847.00	855.00	869.00	922.00	942.00	970.00	1011.00	1112.00	1172.00	1255.00	1227.00	1116.00	994.00	962.00	1017.00	1101.00	1204.00	1217.00	1217.00	1190.00	1181.00	1200.00	1220.00	1204.00	1113.00	918.00	898.00	889.00	877.00	871.00	892.00	919.00	935.00	938.00	788.00	696.00	635.00	627.00	635.00	660.00	670.00	680.00	692.00	751.00	753.00	770.00	762.00	776.00	826.00	873.00	952.00	1008.00	987.00	1000.00	948.00	973.00	1126.00	1122.00	1145.00	1199.00	1259.00	1178.00	1129.00	1153.00	1125.00	1055.00	1063.00	1074.00	1017.00	1034.00	1225.00	1164.00	1065.00	1000.00	1004.00	1084.00	1144.00	1212.00	1169.00	1015.00	1017.00	1099.00	1156.00	1142.00	1123.00	1072.00	1000.00	955.00	935.00	909.00	958.00	971.00	936.00	873.00	853.00	837.00	827.00	816.00	815.00	850.00	830.00	818.00	791.00	778.00	764.00	743.00	743.00	746.00	764.00	796.00	816.00	776.00	790.00	817.00	880.00	966.00	903.00	897.00	915.00	864.00	954.00	950.00	924.00	917.00
723.00	721.00	736.00	790.00	805.00	637.00	626.00	639.00	655.00	672.00	676.00	680.00	678.00	679.00	682.00	682.00	689.00	699.00	708.00	691.00	682.00	681.00	685.00	699.00	707.00	716.00	724.00	741.00	747.00	761.00	786.00	812.00	821.00	854.00	841.00	807.00	800.00	857.00	869.00	874.00	862.00	1005.00	1025.00	1023.00	989.00	1088.00	1163.00	1235.00	1316.00	1390.00	1329.00	1214.00	1135.00	1084.00	1094.00	999.00	917.00	929.00	946.00	1098.00	1182.00	1215.00	1359.00	1382.00	1346.00	1307.00	1242.00	1168.00	1156.00	1085.00	1032.00	1046.00	979.00	968.00	968.00	983.00	995.00	1032.00	1057.00	1084.00	1161.00	1192.00	1132.00	1043.00	1117.00	1184.00	1202.00	1239.00	1269.00	1266.00	1177.00	1254.00	1304.00	1268.00	1096.00	972.00	951.00	961.00	970.00	939.00	922.00	910.00	903.00	898.00	892.00	891.00	893.00	897.00	895.00	886.00	880.00	872.00	863.00	852.00	852.00	862.00	872.00	885.00	894.00	899.00	897.00	890.00	894.00	882.00	864.00	835.00	793.00	811.00	827.00	823.00	841.00	864.00	880.00	883.00	893.00	966.00	1032.00	1079.00	1101.00	1094.00	1172.00	1260.00	1168.00	1065.00	961.00	927.00	1027.00	1052.00	1081.00	1054.00	1008.00	973.00	955.00	1049.00	1118.00	1191.00	1205.00	938.00	862.00	824.00	804.00	801.00	817.00	831.00	855.00	886.00	731.00	656.00	631.00	632.00	644.00	674.00	684.00	697.00	724.00	798.00	837.00	921.00	908.00	897.00	876.00	906.00	949.00	973.00	999.00	1070.00	1108.00	1077.00	967.00	969.00	1063.00	1158.00	1210.00	1046.00	969.00	1042.00	1142.00	1161.00	1231.00	1242.00	1229.00	1210.00	1221.00	1134.00	1028.00	950.00	996.00	1138.00	1155.00	1077.00	1045.00	974.00	1029.00	1044.00	1054.00	1124.00	1218.00	1128.00	1031.00	975.00	904.00	895.00	911.00	891.00	942.00	984.00	909.00	898.00	885.00	834.00	850.00	850.00	833.00	820.00	785.00	767.00	754.00	745.00	747.00	754.00	783.00	808.00	830.00	858.00	880.00	828.00	816.00	891.00	893.00	972.00	948.00	898.00	921.00	919.00	956.00	991.00
723.00	721.00	736.00	790.00	805.00	637.00	626.00	639.00	655.00	672.00	676.00	680.00	678.00	679.00	682.00	682.00	689.00	699.00	708.00	691.00	682.00	681.00	685.00	699.00	707.00	716.00	724.00	741.00	747.00	761.00	786.00	812.00	821.00	854.00	841.00	807.00	800.00	857.00	869.00	874.00	862.00	1005.00	1025.00	1023.00	989.00	1088.00	1163.00	1235.00	1316.00	1390.00	1329.00	1214.00	1135.00	1084.00	1094.00	999.00	917.00	929.00	946.00	1098.00	1182.00	1215.00	1359.00	1382.00	1346.00	1307.00	1242.00	1168.00	1156.00	1085.00	1032.00	1046.00	979.00	968.00	968.00	983.00	995.00	1032.00	1057.00	1084.00	1161.00	1192.00	1132.00	1043.00	1117.00	1184.00	1202.00	1239.00	1269.00	1266.00	1177.00	1254.00	1304.00	1268.00	1096.00	972.00	951.00	961.00	970.00	939.00	922.00	910.00	903.00	898.00	892.00	891.00	893.00	897.00	895.00	886.00	880.00	872.00	863.00	852.00	852.00	862.00	872.00	885.00	894.00	899.00	897.00	890.00	894.00	882.00	864.00	835.00	793.00	811.00	827.00	823.00	841.00	864.00	880.00	883.00	893.00	966.00	1032.00	1079.00	1101.00	1094.00	1172.00	1260.00	1168.00	1065.00	961.00	927.00	1027.00	1052.00	1081.00	1054.00	1008.00	973.00	955.00	1049.00	1118.00	1191.00	1205.00	938.00	862.00	824.00	804.00	801.00	817.00	831.00	855.00	886.00	731.00	656.00	631.00	632.00	644.00	674.00	684.00	697.00	724.00	798.00	837.00	921.00	908.00	897.00	876.00	906.00	949.00	973.00	999.00	1070.00	1108.00	1077.00	967.00	969.00	1063.00	1158.00	1210.00	1046.00	969.00	1042.00	1142.00	1161.00	1231.00	1242.00	1229.00	1210.00	1221.00	1134.00	1028.00	950.00	996.00	1138.00	1155.00	1077.00	1045.00	974.00	1029.00	1044.00	1054.00	1124.00	1218.00	1128.00	1031.00	975.00	904.00	895.00	911.00	891.00	942.00	984.00	909.00	898.00	885.00	834.00	850.00	850.00	833.00	820.00	785.00	767.00	754.00	745.00	747.00	754.00	783.00	808.00	830.00	858.00	880.00	828.00	816.00	891.00	893.00	972.00	948.00	898.00	921.00	919.00	956.00	991.00
675.00	711.00	772.00	816.00	732.00	629.00	639.00	655.00	667.00	682.00	689.00	694.00	696.00	698.00	697.00	695.00	694.00	693.00	713.00	721.00	702.00	694.00	690.00	696.00	698.00	700.00	701.00	717.00	726.00	728.00	723.00	725.00	726.00	728.00	733.00	731.00	756.00	772.00	786.00	785.00	794.00	874.00	916.00	993.00	1056.00	1173.00	1204.00	1233.00	1283.00	1342.00	1170.00	1032.00	997.00	976.00	989.00	917.00	899.00	923.00	951.00	1021.00	1056.00	1102.00	1313.00	1380.00	1274.00	1178.00	1098.00	1052.00	1110.00	1061.00	1045.00	1136.00	1087.00	1065.00	1034.00	989.00	960.00	945.00	951.00	961.00	978.00	988.00	984.00	1090.00	1152.00	1137.00	1068.00	1145.00	1229.00	1266.00	1318.00	1338.00	1278.00	1182.00	1046.00	991.00	990.00	1020.00	1072.00	1051.00	996.00	969.00	978.00	958.00	903.00	884.00	872.00	868.00	865.00	860.00	857.00	860.00	876.00	899.00	891.00	892.00	940.00	964.00	959.00	979.00	969.00	943.00	905.00	882.00	867.00	829.00	791.00	791.00	803.00	819.00	851.00	870.00	883.00	893.00	904.00	1021.00	1087.00	1147.00	1234.00	1279.00	1277.00	1241.00	1122.00	1024.00	932.00	901.00	922.00	995.00	1078.00	1066.00	1006.00	919.00	857.00	883.00	962.00	1028.00	1036.00	976.00	926.00	893.00	852.00	797.00	753.00	756.00	750.00	742.00	659.00	649.00	645.00	645.00	651.00	663.00	668.00	676.00	694.00	727.00	750.00	803.00	795.00	819.00	828.00	802.00	824.00	831.00	876.00	917.00	936.00	922.00	830.00	936.00	1034.00	1123.00	1119.00	941.00	881.00	933.00	969.00	992.00	1078.00	1164.00	1240.00	1214.00	1057.00	989.00	933.00	937.00	1002.00	1128.00	1092.00	998.00	974.00	970.00	978.00	997.00	1064.00	1154.00	1242.00	1142.00	1066.00	1035.00	985.00	1033.00	1004.00	953.00	1025.00	1071.00	985.00	998.00	965.00	881.00	870.00	846.00	832.00	819.00	789.00	773.00	757.00	752.00	746.00	746.00	771.00	795.00	824.00	951.00	932.00	918.00	903.00	841.00	850.00	855.00	864.00	871.00	884.00	910.00	932.00	934.00
675.00	711.00	772.00	816.00	732.00	629.00	639.00	655.00	667.00	682.00	689.00	694.00	696.00	698.00	697.00	695.00	694.00	693.00	713.00	721.00	702.00	694.00	690.00	696.00	698.00	700.00	701.00	717.00	726.00	728.00	723.00	725.00	726.00	728.00	733.00	731.00	756.00	772.00	786.00	785.00	794.00	874.00	916.00	993.00	1056.00	1173.00	1204.00	1233.00	1283.00	1342.00	1170.00	1032.00	997.00	976.00	989.00	917.00	899.00	923.00	951.00	1021.00	1056.00	1102.00	1313.00	1380.00	1274.00	1178.00	1098.00	1052.00	1110.00	1061.00	1045.00	1136.00	1087.00	1065.00	1034.00	989.00	960.00	945.00	951.00	961.00	978.00	988.00	984.00	1090.00	1152.00	1137.00	1068.00	1145.00	1229.00	1266.00	1318.00	1338.00	1278.00	1182.00	1046.00	991.00	990.00	1020.00	1072.00	1051.00	996.00	969.00	978.00	958.00	903.00	884.00	872.00	868.00	865.00	860.00	857.00	860.00	876.00	899.00	891.00	892.00	940.00	964.00	959.00	979.00	969.00	943.00	905.00	882.00	867.00	829.00	791.00	791.00	803.00	819.00	851.00	870.00	883.00	893.00	904.00	1021.00	1087.00	1147.00	1234.00	1279.00	1277.00	1241.00	1122.00	1024.00	932.00	901.00	922.00	995.00	1078.00	1066.00	1006.00	919.00	857.00	883.00	962.00	1028.00	1036.00	976.00	926.00	893.00	852.00	797.00	753.00	756.00	750.00	742.00	659.00	649.00	645.00	645.00	651.00	663.00	668.00	676.00	694.00	727.00	750.00	803.00	795.00	819.00	828.00	802.00	824.00	831.00	876.00	917.00	936.00	922.00	830.00	936.00	1034.00	1123.00	1119.00	941.00	881.00	933.00	969.00	992.00	1078.00	1164.00	1240.00	1214.00	1057.00	989.00	933.00	937.00	1002.00	1128.00	1092.00	998.00	974.00	970.00	978.00	997.00	1064.00	1154.00	1242.00	1142.00	1066.00	1035.00	985.00	1033.00	1004.00	953.00	1025.00	1071.00	985.00	998.00	965.00	881.00	870.00	846.00	832.00	819.00	789.00	773.00	757.00	752.00	746.00	746.00	771.00	795.00	824.00	951.00	932.00	918.00	903.00	841.00	850.00	855.00	864.00	871.00	884.00	910.00	932.00	934.00
624.00	655.00	701.00	696.00	643.00	641.00	650.00	659.00	663.00	682.00	692.00	704.00	720.00	740.00	739.00	743.00	742.00	716.00	707.00	719.00	748.00	751.00	742.00	721.00	723.00	721.00	715.00	719.00	736.00	731.00	732.00	777.00	735.00	738.00	759.00	764.00	726.00	724.00	729.00	740.00	773.00	862.00	920.00	974.00	1053.00	1152.00	1126.00	1168.00	1272.00	1367.00	1249.00	1079.00	1047.00	993.00	943.00	911.00	881.00	932.00	1008.00	1186.00	1227.00	1295.00	1439.00	1305.00	1228.00	1153.00	1097.00	1026.00	1000.00	994.00	1074.00	1190.00	1339.00	1305.00	1233.00	1130.00	1046.00	987.00	966.00	950.00	927.00	920.00	934.00	1001.00	1014.00	992.00	1128.00	1167.00	1153.00	1091.00	1186.00	1260.00	1260.00	1208.00	1091.00	1032.00	1005.00	997.00	1015.00	1021.00	1014.00	993.00	967.00	947.00	899.00	888.00	889.00	881.00	921.00	901.00	893.00	926.00	954.00	962.00	928.00	936.00	982.00	1040.00	1054.00	1059.00	1026.00	1006.00	930.00	901.00	884.00	841.00	801.00	784.00	797.00	820.00	847.00	863.00	876.00	889.00	903.00	1085.00	1141.00	1159.00	1209.00	1382.00	1311.00	1189.00	1094.00	1011.00	912.00	882.00	969.00	1056.00	1138.00	1119.00	1048.00	983.00	956.00	803.00	794.00	814.00	818.00	779.00	772.00	776.00	773.00	753.00	719.00	710.00	709.00	701.00	651.00	646.00	643.00	642.00	648.00	693.00	695.00	692.00	694.00	695.00	691.00	693.00	698.00	700.00	706.00	712.00	725.00	737.00	793.00	824.00	819.00	801.00	808.00	923.00	954.00	969.00	936.00	852.00	828.00	827.00	845.00	864.00	964.00	1023.00	1076.00	1071.00	988.00	948.00	900.00	912.00	979.00	1009.00	1003.00	943.00	940.00	1032.00	1012.00	1032.00	1062.00	1110.00	1229.00	1156.00	1131.00	1104.00	1076.00	1142.00	1072.00	1067.00	1138.00	1131.00	1052.00	994.00	942.00	874.00	850.00	833.00	824.00	814.00	790.00	776.00	764.00	759.00	750.00	749.00	782.00	792.00	833.00	920.00	898.00	915.00	936.00	983.00	939.00	864.00	867.00	920.00	956.00	914.00	895.00	905.00
624.00	655.00	701.00	696.00	643.00	641.00	650.00	659.00	663.00	682.00	692.00	704.00	720.00	740.00	739.00	743.00	742.00	716.00	707.00	719.00	748.00	751.00	742.00	721.00	723.00	721.00	715.00	719.00	736.00	731.00	732.00	777.00	735.00	738.00	759.00	764.00	726.00	724.00	729.00	740.00	773.00	862.00	920.00	974.00	1053.00	1152.00	1126.00	1168.00	1272.00	1367.00	1249.00	1079.00	1047.00	993.00	943.00	911.00	881.00	932.00	1008.00	1186.00	1227.00	1295.00	1439.00	1305.00	1228.00	1153.00	1097.00	1026.00	1000.00	994.00	1074.00	1190.00	1339.00	1305.00	1233.00	1130.00	1046.00	987.00	966.00	950.00	927.00	920.00	934.00	1001.00	1014.00	992.00	1128.00	1167.00	1153.00	1091.00	1186.00	1260.00	1260.00	1208.00	1091.00	1032.00	1005.00	997.00	1015.00	1021.00	1014.00	993.00	967.00	947.00	899.00	888.00	889.00	881.00	921.00	901.00	893.00	926.00	954.00	962.00	928.00	936.00	982.00	1040.00	1054.00	1059.00	1026.00	1006.00	930.00	901.00	884.00	841.00	801.00	784.00	797.00	820.00	847.00	863.00	876.00	889.00	903.00	1085.00	1141.00	1159.00	1209.00	1382.00	1311.00	1189.00	1094.00	1011.00	912.00	882.00	969.00	1056.00	1138.00	1119.00	1048.00	983.00	956.00	803.00	794.00	814.00	818.00	779.00	772.00	776.00	773.00	753.00	719.00	710.00	709.00	701.00	651.00	646.00	643.00	642.00	648.00	693.00	695.00	692.00	694.00	695.00	691.00	693.00	698.00	700.00	706.00	712.00	725.00	737.00	793.00	824.00	819.00	801.00	808.00	923.00	954.00	969.00	936.00	852.00	828.00	827.00	845.00	864.00	964.00	1023.00	1076.00	1071.00	988.00	948.00	900.00	912.00	979.00	1009.00	1003.00	943.00	940.00	1032.00	1012.00	1032.00	1062.00	1110.00	1229.00	1156.00	1131.00	1104.00	1076.00	1142.00	1072.00	1067.00	1138.00	1131.00	1052.00	994.00	942.00	874.00	850.00	833.00	824.00	814.00	790.00	776.00	764.00	759.00	750.00	749.00	782.00	792.00	833.00	920.00	898.00	915.00	936.00	983.00	939.00	864.00	867.00	920.00	956.00	914.00	895.00	905.00
624.00	655.00	701.00	696.00	643.00	641.00	650.00	659.00	663.00	682.00	692.00	704.00	720.00	740.00	739.00	743.00	742.00	716.00	707.00	719.00	748.00	751.00	742.00	721.00	723.00	721.00	715.00	719.00	736.00	731.00	732.00	777.00	735.00	738.00	759.00	764.00	726.00	724.00	729.00	740.00	773.00	862.00	920.00	974.00	1053.00	1152.00	1126.00	1168.00	1272.00	1367.00	1249.00	1079.00	1047.00	993.00	943.00	911.00	881.00	932.00	1008.00	1186.00	1227.00	1295.00	1439.00	1305.00	1228.00	1153.00	1097.00	1026.00	1000.00	994.00	1074.00	1190.00	1339.00	1305.00	1233.00	1130.00	1046.00	987.00	966.00	950.00	927.00	920.00	934.00	1001.00	1014.00	992.00	1128.00	1167.00	1153.00	1091.00	1186.00	1260.00	1260.00	1208.00	1091.00	1032.00	1005.00	997.00	1015.00	1021.00	1014.00	993.00	967.00	947.00	899.00	888.00	889.00	881.00	921.00	901.00	893.00	926.00	954.00	962.00	928.00	936.00	982.00	1040.00	1054.00	1059.00	1026.00	1006.00	930.00	901.00	884.00	841.00	801.00	784.00	797.00	820.00	847.00	863.00	876.00	889.00	903.00	1085.00	1141.00	1159.00	1209.00	1382.00	1311.00	1189.00	1094.00	1011.00	912.00	882.00	969.00	1056.00	1138.00	1119.00	1048.00	983.00	956.00	803.00	794.00	814.00	818.00	779.00	772.00	776.00	773.00	753.00	719.00	710.00	709.00	701.00	651.00	646.00	643.00	642.00	648.00	693.00	695.00	692.00	694.00	695.00	691.00	693.00	698.00	700.00	706.00	712.00	725.00	737.00	793.00	824.00	819.00	801.00	808.00	923.00	954.00	969.00	936.00	852.00	828.00	827.00	845.00	864.00	964.00	1023.00	1076.00	1071.00	988.00	948.00	900.00	912.00	979.00	1009.00	1003.00	943.00	940.00	1032.00	1012.00	1032.00	1062.00	1110.00	1229.00	1156.00	1131.00	1104.00	1076.00	1142.00	1072.00	1067.00	1138.00	1131.00	1052.00	994.00	942.00	874.00	850.00	833.00	824.00	814.00	790.00	776.00	764.00	759.00	750.00	749.00	782.00	792.00	833.00	920.00	898.00	915.00	936.00	983.00	939.00	864.00	867.00	920.00	956.00	914.00	895.00	905.00
645.00	629.00	629.00	632.00	642.00	667.00	684.00	693.00	698.00	713.00	706.00	719.00	732.00	745.00	787.00	822.00	812.00	750.00	713.00	716.00	740.00	761.00	777.00	785.00	779.00	755.00	761.00	833.00	866.00	837.00	840.00	859.00	794.00	815.00	860.00	875.00	804.00	766.00	775.00	787.00	739.00	837.00	877.00	910.00	934.00	946.00	1032.00	1132.00	1233.00	1341.00	1232.00	1086.00	1038.00	986.00	896.00	874.00	893.00	977.00	1084.00	1283.00	1379.00	1453.00	1403.00	1226.00	1158.00	1077.00	1008.00	978.00	960.00	1033.00	1114.00	1200.00	1360.00	1256.00	1163.00	1090.00	1036.00	1121.00	1148.00	1084.00	1008.00	923.00	904.00	905.00	903.00	938.00	1081.00	1079.00	1011.00	984.00	1199.00	1235.00	1196.00	1139.00	1073.00	994.00	972.00	960.00	951.00	937.00	930.00	921.00	916.00	914.00	942.00	936.00	922.00	900.00	934.00	932.00	958.00	1009.00	1016.00	1019.00	957.00	987.00	1026.00	1081.00	1083.00	1071.00	1050.00	1025.00	941.00	916.00	893.00	838.00	785.00	775.00	782.00	795.00	839.00	854.00	864.00	878.00	896.00	993.00	1006.00	1033.00	1095.00	1254.00	1178.00	1085.00	1001.00	951.00	878.00	854.00	950.00	999.00	975.00	919.00	886.00	863.00	845.00	813.00	836.00	827.00	819.00	799.00	812.00	807.00	799.00	794.00	745.00	699.00	683.00	680.00	643.00	634.00	630.00	633.00	648.00	724.00	741.00	750.00	760.00	752.00	742.00	761.00	749.00	761.00	783.00	765.00	734.00	718.00	722.00	735.00	748.00	749.00	784.00	806.00	820.00	840.00	840.00	794.00	804.00	833.00	869.00	894.00	990.00	1005.00	1020.00	1018.00	973.00	951.00	893.00	865.00	913.00	916.00	909.00	910.00	936.00	968.00	953.00	986.00	1007.00	1054.00	1104.00	1123.00	1174.00	1211.00	1138.00	1221.00	1267.00	1257.00	1221.00	1081.00	1007.00	957.00	921.00	853.00	835.00	824.00	820.00	812.00	791.00	777.00	768.00	761.00	756.00	761.00	786.00	820.00	856.00	858.00	877.00	901.00	928.00	970.00	929.00	912.00	921.00	950.00	937.00	909.00	905.00	915.00
693.00	681.00	721.00	720.00	702.00	729.00	753.00	784.00	795.00	797.00	751.00	744.00	770.00	794.00	857.00	888.00	856.00	793.00	726.00	723.00	739.00	757.00	780.00	810.00	810.00	795.00	805.00	891.00	903.00	912.00	932.00	887.00	894.00	930.00	942.00	929.00	837.00	821.00	835.00	845.00	817.00	765.00	803.00	810.00	852.00	981.00	1078.00	1185.00	1281.00	1327.00	1248.00	1137.00	1048.00	962.00	888.00	854.00	927.00	1020.00	1132.00	1272.00	1209.00	1257.00	1316.00	1131.00	1044.00	1018.00	965.00	923.00	972.00	1022.00	1081.00	1162.00	1386.00	1270.00	1177.00	1124.00	1122.00	1299.00	1335.00	1261.00	1171.00	1037.00	977.00	909.00	902.00	893.00	905.00	920.00	929.00	1011.00	1181.00	1181.00	1123.00	1074.00	987.00	955.00	948.00	944.00	941.00	950.00	967.00	975.00	991.00	1025.00	971.00	953.00	935.00	916.00	922.00	932.00	996.00	1030.00	1036.00	1021.00	1003.00	1042.00	1060.00	1096.00	1052.00	1030.00	1029.00	993.00	940.00	924.00	903.00	853.00	797.00	769.00	767.00	777.00	833.00	853.00	867.00	896.00	958.00	1122.00	1159.00	1179.00	1214.00	1219.00	1102.00	1008.00	939.00	897.00	846.00	833.00	965.00	994.00	998.00	971.00	952.00	907.00	870.00	922.00	1009.00	1045.00	975.00	941.00	998.00	1007.00	963.00	900.00	745.00	709.00	696.00	677.00	631.00	627.00	630.00	644.00	670.00	775.00	805.00	837.00	856.00	811.00	816.00	866.00	820.00	857.00	930.00	861.00	795.00	798.00	777.00	755.00	740.00	734.00	737.00	753.00	766.00	781.00	784.00	790.00	816.00	840.00	856.00	877.00	933.00	946.00	955.00	948.00	899.00	862.00	847.00	856.00	898.00	979.00	1000.00	1036.00	1050.00	1009.00	1003.00	983.00	1023.00	1075.00	1128.00	1150.00	1164.00	1153.00	1260.00	1363.00	1338.00	1259.00	1212.00	1106.00	1021.00	954.00	919.00	867.00	852.00	841.00	830.00	818.00	791.00	775.00	768.00	763.00	761.00	767.00	815.00	890.00	947.00	915.00	939.00	941.00	980.00	952.00	953.00	988.00	1004.00	990.00	904.00	886.00	885.00	902.00
693.00	681.00	721.00	720.00	702.00	729.00	753.00	784.00	795.00	797.00	751.00	744.00	770.00	794.00	857.00	888.00	856.00	793.00	726.00	723.00	739.00	757.00	780.00	810.00	810.00	795.00	805.00	891.00	903.00	912.00	932.00	887.00	894.00	930.00	942.00	929.00	837.00	821.00	835.00	845.00	817.00	765.00	803.00	810.00	852.00	981.00	1078.00	1185.00	1281.00	1327.00	1248.00	1137.00	1048.00	962.00	888.00	854.00	927.00	1020.00	1132.00	1272.00	1209.00	1257.00	1316.00	1131.00	1044.00	1018.00	965.00	923.00	972.00	1022.00	1081.00	1162.00	1386.00	1270.00	1177.00	1124.00	1122.00	1299.00	1335.00	1261.00	1171.00	1037.00	977.00	909.00	902.00	893.00	905.00	920.00	929.00	1011.00	1181.00	1181.00	1123.00	1074.00	987.00	955.00	948.00	944.00	941.00	950.00	967.00	975.00	991.00	1025.00	971.00	953.00	935.00	916.00	922.00	932.00	996.00	1030.00	1036.00	1021.00	1003.00	1042.00	1060.00	1096.00	1052.00	1030.00	1029.00	993.00	940.00	924.00	903.00	853.00	797.00	769.00	767.00	777.00	833.00	853.00	867.00	896.00	958.00	1122.00	1159.00	1179.00	1214.00	1219.00	1102.00	1008.00	939.00	897.00	846.00	833.00	965.00	994.00	998.00	971.00	952.00	907.00	870.00	922.00	1009.00	1045.00	975.00	941.00	998.00	1007.00	963.00	900.00	745.00	709.00	696.00	677.00	631.00	627.00	630.00	644.00	670.00	775.00	805.00	837.00	856.00	811.00	816.00	866.00	820.00	857.00	930.00	861.00	795.00	798.00	777.00	755.00	740.00	734.00	737.00	753.00	766.00	781.00	784.00	790.00	816.00	840.00	856.00	877.00	933.00	946.00	955.00	948.00	899.00	862.00	847.00	856.00	898.00	979.00	1000.00	1036.00	1050.00	1009.00	1003.00	983.00	1023.00	1075.00	1128.00	1150.00	1164.00	1153.00	1260.00	1363.00	1338.00	1259.00	1212.00	1106.00	1021.00	954.00	919.00	867.00	852.00	841.00	830.00	818.00	791.00	775.00	768.00	763.00	761.00	767.00	815.00	890.00	947.00	915.00	939.00	941.00	980.00	952.00	953.00	988.00	1004.00	990.00	904.00	886.00	885.00	902.00
722.00	677.00	729.00	791.00	797.00	821.00	831.00	837.00	900.00	938.00	857.00	783.00	785.00	823.00	926.00	964.00	896.00	838.00	747.00	733.00	736.00	749.00	777.00	824.00	848.00	874.00	890.00	864.00	934.00	1011.00	1062.00	1033.00	1028.00	1094.00	1138.00	1105.00	935.00	902.00	864.00	833.00	808.00	752.00	751.00	765.00	784.00	924.00	1017.00	1099.00	1108.00	1083.00	1245.00	1122.00	1028.00	952.00	861.00	852.00	930.00	1024.00	1136.00	1191.00	1084.00	1033.00	1088.00	1110.00	1027.00	970.00	929.00	898.00	979.00	1035.00	1070.00	1147.00	1443.00	1456.00	1402.00	1379.00	1332.00	1253.00	1238.00	1224.00	1180.00	1031.00	1000.00	962.00	969.00	942.00	874.00	871.00	888.00	930.00	1043.00	1088.00	1075.00	1021.00	939.00	926.00	956.00	979.00	974.00	1000.00	1037.00	1080.00	1099.00	1083.00	986.00	961.00	944.00	932.00	958.00	949.00	970.00	989.00	999.00	1004.00	999.00	990.00	993.00	1047.00	1049.00	1018.00	969.00	935.00	910.00	900.00	883.00	846.00	803.00	771.00	761.00	772.00	818.00	839.00	857.00	888.00	928.00	1006.00	1035.00	1089.00	1175.00	1233.00	1127.00	1036.00	962.00	917.00	872.00	842.00	839.00	861.00	968.00	1036.00	1047.00	1028.00	1005.00	1000.00	1078.00	1161.00	1144.00	1069.00	1019.00	944.00	863.00	781.00	715.00	704.00	697.00	686.00	640.00	636.00	646.00	706.00	774.00	771.00	787.00	828.00	856.00	880.00	884.00	983.00	931.00	956.00	989.00	916.00	864.00	877.00	887.00	863.00	832.00	807.00	766.00	766.00	758.00	755.00	752.00	764.00	771.00	776.00	790.00	814.00	884.00	868.00	847.00	824.00	822.00	832.00	857.00	895.00	946.00	1041.00	1072.00	1168.00	1215.00	1137.00	1097.00	1051.00	1117.00	1185.00	1193.00	1106.00	1064.00	1039.00	1188.00	1273.00	1279.00	1240.00	1174.00	1069.00	998.00	945.00	920.00	872.00	853.00	844.00	836.00	824.00	789.00	778.00	775.00	770.00	765.00	773.00	864.00	937.00	943.00	955.00	955.00	1024.00	1019.00	912.00	914.00	940.00	985.00	960.00	899.00	885.00	875.00	871.00
722.00	677.00	729.00	791.00	797.00	821.00	831.00	837.00	900.00	938.00	857.00	783.00	785.00	823.00	926.00	964.00	896.00	838.00	747.00	733.00	736.00	749.00	777.00	824.00	848.00	874.00	890.00	864.00	934.00	1011.00	1062.00	1033.00	1028.00	1094.00	1138.00	1105.00	935.00	902.00	864.00	833.00	808.00	752.00	751.00	765.00	784.00	924.00	1017.00	1099.00	1108.00	1083.00	1245.00	1122.00	1028.00	952.00	861.00	852.00	930.00	1024.00	1136.00	1191.00	1084.00	1033.00	1088.00	1110.00	1027.00	970.00	929.00	898.00	979.00	1035.00	1070.00	1147.00	1443.00	1456.00	1402.00	1379.00	1332.00	1253.00	1238.00	1224.00	1180.00	1031.00	1000.00	962.00	969.00	942.00	874.00	871.00	888.00	930.00	1043.00	1088.00	1075.00	1021.00	939.00	926.00	956.00	979.00	974.00	1000.00	1037.00	1080.00	1099.00	1083.00	986.00	961.00	944.00	932.00	958.00	949.00	970.00	989.00	999.00	1004.00	999.00	990.00	993.00	1047.00	1049.00	1018.00	969.00	935.00	910.00	900.00	883.00	846.00	803.00	771.00	761.00	772.00	818.00	839.00	857.00	888.00	928.00	1006.00	1035.00	1089.00	1175.00	1233.00	1127.00	1036.00	962.00	917.00	872.00	842.00	839.00	861.00	968.00	1036.00	1047.00	1028.00	1005.00	1000.00	1078.00	1161.00	1144.00	1069.00	1019.00	944.00	863.00	781.00	715.00	704.00	697.00	686.00	640.00	636.00	646.00	706.00	774.00	771.00	787.00	828.00	856.00	880.00	884.00	983.00	931.00	956.00	989.00	916.00	864.00	877.00	887.00	863.00	832.00	807.00	766.00	766.00	758.00	755.00	752.00	764.00	771.00	776.00	790.00	814.00	884.00	868.00	847.00	824.00	822.00	832.00	857.00	895.00	946.00	1041.00	1072.00	1168.00	1215.00	1137.00	1097.00	1051.00	1117.00	1185.00	1193.00	1106.00	1064.00	1039.00	1188.00	1273.00	1279.00	1240.00	1174.00	1069.00	998.00	945.00	920.00	872.00	853.00	844.00	836.00	824.00	789.00	778.00	775.00	770.00	765.00	773.00	864.00	937.00	943.00	955.00	955.00	1024.00	1019.00	912.00	914.00	940.00	985.00	960.00	899.00	885.00	875.00	871.00
744.00	683.00	718.00	750.00	761.00	837.00	897.00	922.00	952.00	992.00	908.00	842.00	819.00	877.00	1008.00	1008.00	924.00	872.00	782.00	753.00	739.00	747.00	768.00	819.00	854.00	885.00	902.00	959.00	997.00	965.00	1004.00	1119.00	1205.00	1221.00	1187.00	1093.00	984.00	892.00	862.00	882.00	849.00	820.00	783.00	762.00	751.00	795.00	844.00	867.00	915.00	980.00	1127.00	1118.00	1044.00	963.00	847.00	830.00	892.00	951.00	1006.00	1048.00	1045.00	1012.00	947.00	1001.00	977.00	946.00	902.00	897.00	1028.00	1130.00	1215.00	1272.00	1346.00	1275.00	1295.00	1385.00	1411.00	1284.00	1268.00	1216.00	1147.00	1141.00	1135.00	1086.00	1098.00	1055.00	955.00	893.00	868.00	865.00	884.00	900.00	924.00	933.00	910.00	912.00	941.00	966.00	983.00	1031.00	1058.00	1083.00	1089.00	1064.00	985.00	963.00	946.00	940.00	983.00	971.00	955.00	956.00	959.00	983.00	1018.00	998.00	967.00	932.00	958.00	961.00	929.00	903.00	865.00	872.00	868.00	819.00	779.00	758.00	758.00	775.00	803.00	818.00	834.00	855.00	893.00	1105.00	1146.00	1191.00	1250.00	1223.00	1181.00	1105.00	1019.00	947.00	878.00	851.00	812.00	799.00	845.00	884.00	923.00	963.00	939.00	976.00	1050.00	1091.00	1070.00	950.00	874.00	801.00	743.00	720.00	708.00	704.00	700.00	681.00	658.00	657.00	673.00	747.00	815.00	814.00	781.00	792.00	830.00	920.00	951.00	953.00	952.00	942.00	939.00	913.00	904.00	920.00	909.00	873.00	836.00	806.00	826.00	851.00	847.00	834.00	789.00	794.00	786.00	776.00	781.00	781.00	791.00	795.00	811.00	844.00	933.00	927.00	885.00	881.00	904.00	936.00	994.00	1132.00	1223.00	1298.00	1219.00	1179.00	1191.00	1194.00	1105.00	1046.00	1023.00	996.00	1004.00	1047.00	1087.00	1124.00	1134.00	1132.00	1057.00	996.00	945.00	864.00	845.00	836.00	827.00	817.00	789.00	783.00	778.00	773.00	771.00	778.00	831.00	856.00	907.00	888.00	916.00	985.00	939.00	884.00	889.00	901.00	943.00	899.00	877.00	870.00	861.00	858.00
744.00	683.00	718.00	750.00	761.00	837.00	897.00	922.00	952.00	992.00	908.00	842.00	819.00	877.00	1008.00	1008.00	924.00	872.00	782.00	753.00	739.00	747.00	768.00	819.00	854.00	885.00	902.00	959.00	997.00	965.00	1004.00	1119.00	1205.00	1221.00	1187.00	1093.00	984.00	892.00	862.00	882.00	849.00	820.00	783.00	762.00	751.00	795.00	844.00	867.00	915.00	980.00	1127.00	1118.00	1044.00	963.00	847.00	830.00	892.00	951.00	1006.00	1048.00	1045.00	1012.00	947.00	1001.00	977.00	946.00	902.00	897.00	1028.00	1130.00	1215.00	1272.00	1346.00	1275.00	1295.00	1385.00	1411.00	1284.00	1268.00	1216.00	1147.00	1141.00	1135.00	1086.00	1098.00	1055.00	955.00	893.00	868.00	865.00	884.00	900.00	924.00	933.00	910.00	912.00	941.00	966.00	983.00	1031.00	1058.00	1083.00	1089.00	1064.00	985.00	963.00	946.00	940.00	983.00	971.00	955.00	956.00	959.00	983.00	1018.00	998.00	967.00	932.00	958.00	961.00	929.00	903.00	865.00	872.00	868.00	819.00	779.00	758.00	758.00	775.00	803.00	818.00	834.00	855.00	893.00	1105.00	1146.00	1191.00	1250.00	1223.00	1181.00	1105.00	1019.00	947.00	878.00	851.00	812.00	799.00	845.00	884.00	923.00	963.00	939.00	976.00	1050.00	1091.00	1070.00	950.00	874.00	801.00	743.00	720.00	708.00	704.00	700.00	681.00	658.00	657.00	673.00	747.00	815.00	814.00	781.00	792.00	830.00	920.00	951.00	953.00	952.00	942.00	939.00	913.00	904.00	920.00	909.00	873.00	836.00	806.00	826.00	851.00	847.00	834.00	789.00	794.00	786.00	776.00	781.00	781.00	791.00	795.00	811.00	844.00	933.00	927.00	885.00	881.00	904.00	936.00	994.00	1132.00	1223.00	1298.00	1219.00	1179.00	1191.00	1194.00	1105.00	1046.00	1023.00	996.00	1004.00	1047.00	1087.00	1124.00	1134.00	1132.00	1057.00	996.00	945.00	864.00	845.00	836.00	827.00	817.00	789.00	783.00	778.00	773.00	771.00	778.00	831.00	856.00	907.00	888.00	916.00	985.00	939.00	884.00	889.00	901.00	943.00	899.00	877.00	870.00	861.00	858.00
730.00	723.00	750.00	808.00	851.00	861.00	827.00	813.00	825.00	886.00	899.00	912.00	888.00	918.00	1062.00	984.00	907.00	857.00	784.00	793.00	751.00	756.00	780.00	838.00	874.00	963.00	1007.00	1031.00	1115.00	1045.00	1054.00	1163.00	1254.00	1157.00	1047.00	956.00	924.00	974.00	1052.00	986.00	1013.00	894.00	857.00	844.00	798.00	762.00	763.00	779.00	810.00	851.00	980.00	1059.00	1004.00	915.00	809.00	844.00	867.00	872.00	873.00	876.00	873.00	869.00	891.00	913.00	894.00	880.00	875.00	919.00	1096.00	1190.00	1282.00	1295.00	1104.00	1125.00	1230.00	1327.00	1361.00	1448.00	1384.00	1312.00	1271.00	1189.00	1164.00	1224.00	1159.00	1084.00	1019.00	1012.00	1006.00	956.00	871.00	856.00	857.00	870.00	873.00	921.00	940.00	969.00	995.00	1067.00	1081.00	1065.00	1046.00	1051.00	967.00	955.00	939.00	923.00	972.00	954.00	929.00	929.00	946.00	986.00	1037.00	971.00	917.00	877.00	874.00	872.00	859.00	848.00	821.00	844.00	856.00	812.00	757.00	750.00	758.00	776.00	785.00	795.00	812.00	830.00	876.00	1132.00	1192.00	1161.00	1105.00	1027.00	991.00	1053.00	1135.00	1091.00	938.00	899.00	851.00	829.00	796.00	791.00	787.00	783.00	779.00	846.00	897.00	900.00	863.00	770.00	738.00	713.00	705.00	701.00	698.00	697.00	686.00	664.00	658.00	661.00	671.00	686.00	699.00	716.00	728.00	747.00	772.00	893.00	878.00	862.00	858.00	862.00	880.00	892.00	934.00	984.00	965.00	923.00	886.00	855.00	871.00	856.00	825.00	806.00	803.00	846.00	851.00	809.00	822.00	836.00	803.00	821.00	841.00	874.00	1021.00	1060.00	992.00	961.00	1043.00	1030.00	1037.00	1040.00	1115.00	1265.00	1310.00	1245.00	1274.00	1298.00	1163.00	1093.00	1058.00	1020.00	984.00	960.00	948.00	939.00	939.00	999.00	1004.00	1030.00	965.00	872.00	860.00	852.00	842.00	827.00	792.00	785.00	780.00	775.00	808.00	825.00	794.00	799.00	825.00	826.00	860.00	887.00	863.00	885.00	857.00	856.00	887.00	862.00	847.00	850.00	848.00	857.00
730.00	723.00	750.00	808.00	851.00	861.00	827.00	813.00	825.00	886.00	899.00	912.00	888.00	918.00	1062.00	984.00	907.00	857.00	784.00	793.00	751.00	756.00	780.00	838.00	874.00	963.00	1007.00	1031.00	1115.00	1045.00	1054.00	1163.00	1254.00	1157.00	1047.00	956.00	924.00	974.00	1052.00	986.00	1013.00	894.00	857.00	844.00	798.00	762.00	763.00	779.00	810.00	851.00	980.00	1059.00	1004.00	915.00	809.00	844.00	867.00	872.00	873.00	876.00	873.00	869.00	891.00	913.00	894.00	880.00	875.00	919.00	1096.00	1190.00	1282.00	1295.00	1104.00	1125.00	1230.00	1327.00	1361.00	1448.00	1384.00	1312.00	1271.00	1189.00	1164.00	1224.00	1159.00	1084.00	1019.00	1012.00	1006.00	956.00	871.00	856.00	857.00	870.00	873.00	921.00	940.00	969.00	995.00	1067.00	1081.00	1065.00	1046.00	1051.00	967.00	955.00	939.00	923.00	972.00	954.00	929.00	929.00	946.00	986.00	1037.00	971.00	917.00	877.00	874.00	872.00	859.00	848.00	821.00	844.00	856.00	812.00	757.00	750.00	758.00	776.00	785.00	795.00	812.00	830.00	876.00	1132.00	1192.00	1161.00	1105.00	1027.00	991.00	1053.00	1135.00	1091.00	938.00	899.00	851.00	829.00	796.00	791.00	787.00	783.00	779.00	846.00	897.00	900.00	863.00	770.00	738.00	713.00	705.00	701.00	698.00	697.00	686.00	664.00	658.00	661.00	671.00	686.00	699.00	716.00	728.00	747.00	772.00	893.00	878.00	862.00	858.00	862.00	880.00	892.00	934.00	984.00	965.00	923.00	886.00	855.00	871.00	856.00	825.00	806.00	803.00	846.00	851.00	809.00	822.00	836.00	803.00	821.00	841.00	874.00	1021.00	1060.00	992.00	961.00	1043.00	1030.00	1037.00	1040.00	1115.00	1265.00	1310.00	1245.00	1274.00	1298.00	1163.00	1093.00	1058.00	1020.00	984.00	960.00	948.00	939.00	939.00	999.00	1004.00	1030.00	965.00	872.00	860.00	852.00	842.00	827.00	792.00	785.00	780.00	775.00	808.00	825.00	794.00	799.00	825.00	826.00	860.00	887.00	863.00	885.00	857.00	856.00	887.00	862.00	847.00	850.00	848.00	857.00
817.00	829.00	841.00	836.00	884.00	1028.00	1028.00	981.00	941.00	906.00	922.00	995.00	1035.00	1052.00	1045.00	949.00	888.00	843.00	862.00	909.00	765.00	762.00	776.00	851.00	899.00	994.00	1014.00	1137.00	1248.00	1223.00	1201.00	1253.00	1133.00	1050.00	982.00	932.00	1082.00	1179.00	1216.00	1166.00	1220.00	987.00	882.00	833.00	834.00	829.00	806.00	768.00	765.00	783.00	844.00	868.00	863.00	842.00	838.00	837.00	823.00	812.00	814.00	823.00	826.00	827.00	845.00	857.00	861.00	869.00	887.00	915.00	1066.00	1148.00	1205.00	1161.00	1042.00	1137.00	1196.00	1145.00	1145.00	1379.00	1316.00	1208.00	1113.00	1005.00	1061.00	1118.00	1038.00	980.00	1025.00	1033.00	1022.00	972.00	893.00	865.00	845.00	837.00	859.00	893.00	935.00	996.00	1042.00	1072.00	1033.00	1002.00	969.00	972.00	943.00	931.00	912.00	891.00	914.00	892.00	906.00	938.00	979.00	1084.00	1089.00	996.00	918.00	863.00	852.00	838.00	828.00	814.00	786.00	791.00	796.00	775.00	750.00	743.00	749.00	761.00	763.00	771.00	782.00	799.00	822.00	1044.00	1024.00	956.00	903.00	945.00	1042.00	1158.00	1239.00	1180.00	971.00	907.00	843.00	878.00	942.00	928.00	861.00	799.00	778.00	755.00	758.00	757.00	757.00	742.00	735.00	725.00	715.00	705.00	685.00	671.00	659.00	656.00	660.00	670.00	672.00	673.00	678.00	691.00	696.00	706.00	725.00	775.00	791.00	792.00	797.00	822.00	913.00	967.00	977.00	1009.00	1116.00	1041.00	977.00	939.00	931.00	868.00	849.00	858.00	865.00	861.00	853.00	856.00	888.00	927.00	819.00	837.00	869.00	898.00	956.00	1025.00	1086.00	1116.00	1156.00	1180.00	1198.00	1062.00	1102.00	1266.00	1346.00	1346.00	1297.00	1300.00	1202.00	1137.00	1105.00	1088.00	1135.00	1085.00	1033.00	1035.00	998.00	887.00	891.00	912.00	905.00	874.00	863.00	857.00	849.00	835.00	794.00	786.00	781.00	778.00	877.00	907.00	859.00	851.00	823.00	823.00	824.00	821.00	825.00	820.00	808.00	825.00	836.00	832.00	830.00	834.00	840.00	850.00
849.00	907.00	963.00	983.00	1028.00	1051.00	1057.00	1070.00	971.00	987.00	1040.00	1098.00	1169.00	1133.00	983.00	926.00	885.00	864.00	939.00	901.00	786.00	773.00	790.00	838.00	889.00	908.00	949.00	1165.00	1180.00	1202.00	1289.00	1276.00	1097.00	1045.00	1032.00	989.00	1133.00	1244.00	1326.00	1296.00	1234.00	913.00	891.00	956.00	941.00	863.00	820.00	812.00	808.00	783.00	779.00	787.00	803.00	801.00	811.00	817.00	826.00	841.00	851.00	841.00	846.00	839.00	834.00	855.00	866.00	878.00	891.00	903.00	934.00	959.00	978.00	984.00	1035.00	1065.00	1026.00	1015.00	1102.00	1318.00	1279.00	1169.00	1087.00	958.00	942.00	947.00	919.00	916.00	914.00	901.00	888.00	877.00	860.00	849.00	842.00	833.00	840.00	851.00	863.00	888.00	917.00	961.00	971.00	953.00	927.00	905.00	914.00	914.00	902.00	879.00	859.00	890.00	926.00	960.00	1009.00	1154.00	1167.00	1060.00	950.00	858.00	839.00	826.00	819.00	811.00	773.00	760.00	753.00	744.00	738.00	735.00	734.00	742.00	742.00	747.00	761.00	780.00	797.00	881.00	853.00	856.00	921.00	1105.00	1186.00	1264.00	1206.00	1103.00	946.00	892.00	854.00	916.00	1016.00	1013.00	963.00	885.00	840.00	841.00	868.00	849.00	801.00	732.00	718.00	708.00	703.00	696.00	668.00	656.00	649.00	645.00	680.00	711.00	719.00	708.00	705.00	686.00	683.00	687.00	695.00	724.00	734.00	781.00	827.00	882.00	1033.00	1129.00	1165.00	1175.00	1252.00	1200.00	1140.00	1093.00	1003.00	941.00	930.00	943.00	956.00	915.00	898.00	895.00	915.00	909.00	851.00	855.00	860.00	876.00	916.00	957.00	986.00	1006.00	1046.00	1158.00	1225.00	1218.00	1221.00	1315.00	1345.00	1300.00	1212.00	1142.00	1164.00	1117.00	1094.00	1071.00	1226.00	1277.00	1245.00	1214.00	1120.00	1002.00	931.00	867.00	851.00	835.00	827.00	817.00	811.00	806.00	796.00	786.00	784.00	809.00	949.00	950.00	927.00	899.00	882.00	934.00	887.00	839.00	857.00	875.00	853.00	888.00	924.00	889.00	853.00	844.00	836.00	837.00
849.00	907.00	963.00	983.00	1028.00	1051.00	1057.00	1070.00	971.00	987.00	1040.00	1098.00	1169.00	1133.00	983.00	926.00	885.00	864.00	939.00	901.00	786.00	773.00	790.00	838.00	889.00	908.00	949.00	1165.00	1180.00	1202.00	1289.00	1276.00	1097.00	1045.00	1032.00	989.00	1133.00	1244.00	1326.00	1296.00	1234.00	913.00	891.00	956.00	941.00	863.00	820.00	812.00	808.00	783.00	779.00	787.00	803.00	801.00	811.00	817.00	826.00	841.00	851.00	841.00	846.00	839.00	834.00	855.00	866.00	878.00	891.00	903.00	934.00	959.00	978.00	984.00	1035.00	1065.00	1026.00	1015.00	1102.00	1318.00	1279.00	1169.00	1087.00	958.00	942.00	947.00	919.00	916.00	914.00	901.00	888.00	877.00	860.00	849.00	842.00	833.00	840.00	851.00	863.00	888.00	917.00	961.00	971.00	953.00	927.00	905.00	914.00	914.00	902.00	879.00	859.00	890.00	926.00	960.00	1009.00	1154.00	1167.00	1060.00	950.00	858.00	839.00	826.00	819.00	811.00	773.00	760.00	753.00	744.00	738.00	735.00	734.00	742.00	742.00	747.00	761.00	780.00	797.00	881.00	853.00	856.00	921.00	1105.00	1186.00	1264.00	1206.00	1103.00	946.00	892.00	854.00	916.00	1016.00	1013.00	963.00	885.00	840.00	841.00	868.00	849.00	801.00	732.00	718.00	708.00	703.00	696.00	668.00	656.00	649.00	645.00	680.00	711.00	719.00	708.00	705.00	686.00	683.00	687.00	695.00	724.00	734.00	781.00	827.00	882.00	1033.00	1129.00	1165.00	1175.00	1252.00	1200.00	1140.00	1093.00	1003.00	941.00	930.00	943.00	956.00	915.00	898.00	895.00	915.00	909.00	851.00	855.00	860.00	876.00	916.00	957.00	986.00	1006.00	1046.00	1158.00	1225.00	1218.00	1221.00	1315.00	1345.00	1300.00	1212.00	1142.00	1164.00	1117.00	1094.00	1071.00	1226.00	1277.00	1245.00	1214.00	1120.00	1002.00	931.00	867.00	851.00	835.00	827.00	817.00	811.00	806.00	796.00	786.00	784.00	809.00	949.00	950.00	927.00	899.00	882.00	934.00	887.00	839.00	857.00	875.00	853.00	888.00	924.00	889.00	853.00	844.00	836.00	837.00
860.00	879.00	880.00	900.00	920.00	970.00	1055.00	1121.00	1064.00	1149.00	1177.00	1244.00	1215.00	1130.00	976.00	920.00	889.00	889.00	869.00	837.00	792.00	789.00	835.00	830.00	839.00	870.00	914.00	984.00	1015.00	1067.00	1117.00	1163.00	1136.00	1112.00	1065.00	1015.00	1192.00	1278.00	1230.00	1123.00	1033.00	1001.00	1097.00	1143.00	1068.00	897.00	871.00	883.00	878.00	867.00	795.00	788.00	805.00	820.00	851.00	867.00	898.00	926.00	923.00	898.00	900.00	898.00	893.00	859.00	851.00	863.00	873.00	889.00	909.00	914.00	913.00	918.00	924.00	931.00	938.00	972.00	1018.00	1085.00	1090.00	1027.00	960.00	908.00	900.00	892.00	884.00	873.00	855.00	847.00	841.00	836.00	836.00	834.00	831.00	825.00	827.00	825.00	825.00	833.00	845.00	877.00	880.00	878.00	872.00	862.00	848.00	860.00	871.00	873.00	848.00	886.00	921.00	970.00	1040.00	1194.00	1108.00	1003.00	902.00	823.00	809.00	787.00	770.00	761.00	744.00	744.00	744.00	747.00	748.00	753.00	743.00	730.00	728.00	730.00	737.00	756.00	770.00	815.00	836.00	903.00	1012.00	1193.00	1266.00	1218.00	1098.00	1002.00	882.00	851.00	841.00	913.00	976.00	961.00	950.00	931.00	956.00	1027.00	1004.00	900.00	801.00	716.00	707.00	700.00	686.00	674.00	654.00	646.00	644.00	648.00	753.00	776.00	773.00	764.00	761.00	720.00	699.00	703.00	695.00	697.00	700.00	728.00	761.00	818.00	1007.00	1047.00	1035.00	1032.00	1143.00	1075.00	1019.00	1030.00	1148.00	1023.00	1065.00	1097.00	1079.00	1004.00	986.00	967.00	955.00	916.00	911.00	908.00	894.00	908.00	998.00	1065.00	1132.00	1103.00	1038.00	1164.00	1226.00	1338.00	1433.00	1340.00	1240.00	1166.00	1099.00	1065.00	1106.00	1056.00	1034.00	1005.00	1076.00	1188.00	1197.00	1123.00	1043.00	920.00	877.00	847.00	841.00	852.00	844.00	833.00	825.00	823.00	800.00	788.00	790.00	811.00	907.00	915.00	937.00	971.00	1031.00	960.00	876.00	843.00	908.00	895.00	935.00	995.00	995.00	911.00	896.00	874.00	859.00	852.00
860.00	879.00	880.00	900.00	920.00	970.00	1055.00	1121.00	1064.00	1149.00	1177.00	1244.00	1215.00	1130.00	976.00	920.00	889.00	889.00	869.00	837.00	792.00	789.00	835.00	830.00	839.00	870.00	914.00	984.00	1015.00	1067.00	1117.00	1163.00	1136.00	1112.00	1065.00	1015.00	1192.00	1278.00	1230.00	1123.00	1033.00	1001.00	1097.00	1143.00	1068.00	897.00	871.00	883.00	878.00	867.00	795.00	788.00	805.00	820.00	851.00	867.00	898.00	926.00	923.00	898.00	900.00	898.00	893.00	859.00	851.00	863.00	873.00	889.00	909.00	914.00	913.00	918.00	924.00	931.00	938.00	972.00	1018.00	1085.00	1090.00	1027.00	960.00	908.00	900.00	892.00	884.00	873.00	855.00	847.00	841.00	836.00	836.00	834.00	831.00	825.00	827.00	825.00	825.00	833.00	845.00	877.00	880.00	878.00	872.00	862.00	848.00	860.00	871.00	873.00	848.00	886.00	921.00	970.00	1040.00	1194.00	1108.00	1003.00	902.00	823.00	809.00	787.00	770.00	761.00	744.00	744.00	744.00	747.00	748.00	753.00	743.00	730.00	728.00	730.00	737.00	756.00	770.00	815.00	836.00	903.00	1012.00	1193.00	1266.00	1218.00	1098.00	1002.00	882.00	851.00	841.00	913.00	976.00	961.00	950.00	931.00	956.00	1027.00	1004.00	900.00	801.00	716.00	707.00	700.00	686.00	674.00	654.00	646.00	644.00	648.00	753.00	776.00	773.00	764.00	761.00	720.00	699.00	703.00	695.00	697.00	700.00	728.00	761.00	818.00	1007.00	1047.00	1035.00	1032.00	1143.00	1075.00	1019.00	1030.00	1148.00	1023.00	1065.00	1097.00	1079.00	1004.00	986.00	967.00	955.00	916.00	911.00	908.00	894.00	908.00	998.00	1065.00	1132.00	1103.00	1038.00	1164.00	1226.00	1338.00	1433.00	1340.00	1240.00	1166.00	1099.00	1065.00	1106.00	1056.00	1034.00	1005.00	1076.00	1188.00	1197.00	1123.00	1043.00	920.00	877.00	847.00	841.00	852.00	844.00	833.00	825.00	823.00	800.00	788.00	790.00	811.00	907.00	915.00	937.00	971.00	1031.00	960.00	876.00	843.00	908.00	895.00	935.00	995.00	995.00	911.00	896.00	874.00	859.00	852.00
896.00	934.00	1013.00	1046.00	1007.00	979.00	1006.00	1024.00	1043.00	1304.00	1360.00	1315.00	1244.00	1148.00	967.00	912.00	870.00	876.00	895.00	884.00	798.00	808.00	892.00	914.00	956.00	1023.00	1040.00	974.00	972.00	993.00	1026.00	1137.00	1263.00	1210.00	1119.00	1096.00	1248.00	1256.00	1203.00	1153.00	1204.00	1221.00	1174.00	1086.00	1003.00	986.00	957.00	919.00	879.00	848.00	781.00	824.00	837.00	856.00	911.00	966.00	1015.00	1022.00	982.00	996.00	967.00	946.00	900.00	871.00	897.00	892.00	884.00	883.00	885.00	891.00	894.00	898.00	897.00	900.00	902.00	897.00	891.00	898.00	906.00	896.00	883.00	877.00	872.00	866.00	861.00	854.00	838.00	835.00	833.00	832.00	827.00	826.00	824.00	820.00	816.00	812.00	811.00	812.00	817.00	823.00	820.00	815.00	813.00	813.00	805.00	806.00	811.00	820.00	828.00	865.00	912.00	994.00	1074.00	1061.00	919.00	861.00	819.00	779.00	767.00	755.00	747.00	756.00	801.00	798.00	800.00	784.00	774.00	765.00	758.00	746.00	737.00	729.00	728.00	737.00	753.00	803.00	812.00	867.00	955.00	1098.00	1182.00	1179.00	1066.00	977.00	851.00	818.00	832.00	879.00	988.00	950.00	898.00	869.00	880.00	1008.00	944.00	850.00	755.00	708.00	697.00	678.00	666.00	658.00	649.00	647.00	653.00	663.00	818.00	824.00	807.00	785.00	765.00	715.00	730.00	752.00	757.00	760.00	753.00	733.00	721.00	716.00	779.00	822.00	845.00	875.00	941.00	920.00	855.00	890.00	1023.00	926.00	982.00	1082.00	1172.00	1179.00	1109.00	1041.00	971.00	919.00	962.00	955.00	947.00	952.00	1096.00	1197.00	1284.00	1247.00	1187.00	1280.00	1369.00	1395.00	1393.00	1347.00	1277.00	1198.00	1109.00	1030.00	1052.00	992.00	968.00	945.00	950.00	982.00	985.00	947.00	902.00	915.00	939.00	933.00	912.00	900.00	884.00	868.00	849.00	834.00	804.00	790.00	791.00	795.00	822.00	839.00	917.00	1003.00	1081.00	917.00	868.00	896.00	897.00	893.00	961.00	1019.00	1004.00	941.00	901.00	899.00	895.00	881.00
896.00	934.00	1013.00	1046.00	1007.00	979.00	1006.00	1024.00	1043.00	1304.00	1360.00	1315.00	1244.00	1148.00	967.00	912.00	870.00	876.00	895.00	884.00	798.00	808.00	892.00	914.00	956.00	1023.00	1040.00	974.00	972.00	993.00	1026.00	1137.00	1263.00	1210.00	1119.00	1096.00	1248.00	1256.00	1203.00	1153.00	1204.00	1221.00	1174.00	1086.00	1003.00	986.00	957.00	919.00	879.00	848.00	781.00	824.00	837.00	856.00	911.00	966.00	1015.00	1022.00	982.00	996.00	967.00	946.00	900.00	871.00	897.00	892.00	884.00	883.00	885.00	891.00	894.00	898.00	897.00	900.00	902.00	897.00	891.00	898.00	906.00	896.00	883.00	877.00	872.00	866.00	861.00	854.00	838.00	835.00	833.00	832.00	827.00	826.00	824.00	820.00	816.00	812.00	811.00	812.00	817.00	823.00	820.00	815.00	813.00	813.00	805.00	806.00	811.00	820.00	828.00	865.00	912.00	994.00	1074.00	1061.00	919.00	861.00	819.00	779.00	767.00	755.00	747.00	756.00	801.00	798.00	800.00	784.00	774.00	765.00	758.00	746.00	737.00	729.00	728.00	737.00	753.00	803.00	812.00	867.00	955.00	1098.00	1182.00	1179.00	1066.00	977.00	851.00	818.00	832.00	879.00	988.00	950.00	898.00	869.00	880.00	1008.00	944.00	850.00	755.00	708.00	697.00	678.00	666.00	658.00	649.00	647.00	653.00	663.00	818.00	824.00	807.00	785.00	765.00	715.00	730.00	752.00	757.00	760.00	753.00	733.00	721.00	716.00	779.00	822.00	845.00	875.00	941.00	920.00	855.00	890.00	1023.00	926.00	982.00	1082.00	1172.00	1179.00	1109.00	1041.00	971.00	919.00	962.00	955.00	947.00	952.00	1096.00	1197.00	1284.00	1247.00	1187.00	1280.00	1369.00	1395.00	1393.00	1347.00	1277.00	1198.00	1109.00	1030.00	1052.00	992.00	968.00	945.00	950.00	982.00	985.00	947.00	902.00	915.00	939.00	933.00	912.00	900.00	884.00	868.00	849.00	834.00	804.00	790.00	791.00	795.00	822.00	839.00	917.00	1003.00	1081.00	917.00	868.00	896.00	897.00	893.00	961.00	1019.00	1004.00	941.00	901.00	899.00	895.00	881.00
1036.00	1050.00	1027.00	978.00	920.00	905.00	935.00	966.00	1002.00	1183.00	1215.00	1270.00	1210.00	1119.00	949.00	904.00	901.00	949.00	981.00	954.00	827.00	800.00	855.00	1002.00	1040.00	1116.00	1146.00	1088.00	1057.00	1080.00	1126.00	1292.00	1269.00	1208.00	1130.00	1099.00	1254.00	1336.00	1343.00	1321.00	1313.00	1111.00	1033.00	963.00	932.00	893.00	859.00	829.00	806.00	796.00	824.00	854.00	873.00	910.00	1039.00	1108.00	1179.00	1133.00	1090.00	1101.00	1085.00	1057.00	916.00	878.00	897.00	908.00	919.00	922.00	921.00	914.00	901.00	893.00	881.00	877.00	874.00	871.00	867.00	861.00	860.00	862.00	861.00	857.00	855.00	851.00	847.00	843.00	842.00	841.00	843.00	841.00	842.00	844.00	840.00	835.00	823.00	813.00	809.00	806.00	803.00	800.00	797.00	794.00	794.00	795.00	786.00	785.00	786.00	789.00	794.00	822.00	888.00	959.00	976.00	844.00	788.00	769.00	761.00	757.00	755.00	764.00	791.00	853.00	947.00	880.00	830.00	800.00	788.00	769.00	759.00	766.00	777.00	775.00	764.00	738.00	726.00	773.00	781.00	795.00	829.00	986.00	1101.00	1179.00	1068.00	967.00	844.00	806.00	803.00	842.00	954.00	962.00	902.00	846.00	820.00	851.00	794.00	736.00	715.00	694.00	681.00	671.00	666.00	661.00	656.00	655.00	659.00	674.00	807.00	782.00	764.00	748.00	739.00	734.00	760.00	792.00	827.00	841.00	823.00	775.00	791.00	785.00	740.00	727.00	745.00	764.00	788.00	780.00	773.00	780.00	820.00	829.00	893.00	944.00	1027.00	1191.00	1219.00	1154.00	1047.00	964.00	1012.00	1019.00	1029.00	1075.00	1084.00	1117.00	1255.00	1373.00	1422.00	1423.00	1386.00	1306.00	1256.00	1187.00	1154.00	1124.00	1085.00	1030.00	953.00	937.00	925.00	915.00	909.00	932.00	926.00	977.00	947.00	988.00	1061.00	1018.00	970.00	964.00	905.00	886.00	869.00	854.00	811.00	793.00	798.00	801.00	835.00	876.00	934.00	1028.00	1069.00	924.00	920.00	970.00	938.00	899.00	963.00	1033.00	1015.00	944.00	957.00	941.00	919.00	892.00
996.00	984.00	916.00	861.00	846.00	898.00	940.00	994.00	1081.00	1158.00	1222.00	1215.00	1143.00	1075.00	933.00	938.00	967.00	1047.00	1143.00	1028.00	863.00	816.00	823.00	932.00	976.00	985.00	1008.00	1057.00	1119.00	1109.00	1091.00	1176.00	1104.00	1080.00	1039.00	998.00	1119.00	1177.00	1196.00	1123.00	1121.00	957.00	929.00	905.00	883.00	821.00	799.00	808.00	828.00	850.00	867.00	945.00	980.00	961.00	1086.00	1178.00	1297.00	1318.00	1302.00	1259.00	1184.00	1084.00	912.00	896.00	933.00	987.00	1076.00	1123.00	1014.00	1015.00	991.00	958.00	914.00	903.00	901.00	897.00	889.00	867.00	862.00	858.00	857.00	853.00	852.00	850.00	849.00	847.00	851.00	853.00	858.00	864.00	861.00	861.00	858.00	853.00	846.00	828.00	825.00	821.00	817.00	820.00	813.00	805.00	802.00	798.00	791.00	786.00	782.00	779.00	776.00	779.00	784.00	782.00	777.00	768.00	768.00	771.00	775.00	781.00	804.00	815.00	846.00	881.00	967.00	926.00	841.00	777.00	771.00	761.00	757.00	765.00	854.00	897.00	874.00	813.00	746.00	734.00	739.00	748.00	770.00	942.00	1069.00	1158.00	1066.00	957.00	826.00	797.00	769.00	799.00	862.00	863.00	817.00	787.00	778.00	740.00	711.00	694.00	688.00	680.00	676.00	673.00	669.00	667.00	663.00	663.00	664.00	677.00	719.00	720.00	722.00	727.00	735.00	759.00	787.00	827.00	890.00	902.00	930.00	846.00	896.00	948.00	822.00	740.00	784.00	875.00	974.00	965.00	950.00	920.00	884.00	833.00	798.00	804.00	860.00	1044.00	1131.00	1186.00	1129.00	1033.00	1064.00	1098.00	1137.00	1195.00	1259.00	1206.00	1276.00	1382.00	1452.00	1391.00	1327.00	1218.00	1193.00	1129.00	1100.00	1064.00	1027.00	991.00	1017.00	986.00	965.00	940.00	1029.00	1111.00	1113.00	1132.00	1042.00	932.00	1017.00	1067.00	1038.00	1011.00	937.00	901.00	879.00	861.00	806.00	797.00	802.00	805.00	830.00	857.00	918.00	943.00	954.00	954.00	976.00	992.00	946.00	926.00	979.00	1038.00	1019.00	998.00	976.00	948.00	924.00	899.00
996.00	984.00	916.00	861.00	846.00	898.00	940.00	994.00	1081.00	1158.00	1222.00	1215.00	1143.00	1075.00	933.00	938.00	967.00	1047.00	1143.00	1028.00	863.00	816.00	823.00	932.00	976.00	985.00	1008.00	1057.00	1119.00	1109.00	1091.00	1176.00	1104.00	1080.00	1039.00	998.00	1119.00	1177.00	1196.00	1123.00	1121.00	957.00	929.00	905.00	883.00	821.00	799.00	808.00	828.00	850.00	867.00	945.00	980.00	961.00	1086.00	1178.00	1297.00	1318.00	1302.00	1259.00	1184.00	1084.00	912.00	896.00	933.00	987.00	1076.00	1123.00	1014.00	1015.00	991.00	958.00	914.00	903.00	901.00	897.00	889.00	867.00	862.00	858.00	857.00	853.00	852.00	850.00	849.00	847.00	851.00	853.00	858.00	864.00	861.00	861.00	858.00	853.00	846.00	828.00	825.00	821.00	817.00	820.00	813.00	805.00	802.00	798.00	791.00	786.00	782.00	779.00	776.00	779.00	784.00	782.00	777.00	768.00	768.00	771.00	775.00	781.00	804.00	815.00	846.00	881.00	967.00	926.00	841.00	777.00	771.00	761.00	757.00	765.00	854.00	897.00	874.00	813.00	746.00	734.00	739.00	748.00	770.00	942.00	1069.00	1158.00	1066.00	957.00	826.00	797.00	769.00	799.00	862.00	863.00	817.00	787.00	778.00	740.00	711.00	694.00	688.00	680.00	676.00	673.00	669.00	667.00	663.00	663.00	664.00	677.00	719.00	720.00	722.00	727.00	735.00	759.00	787.00	827.00	890.00	902.00	930.00	846.00	896.00	948.00	822.00	740.00	784.00	875.00	974.00	965.00	950.00	920.00	884.00	833.00	798.00	804.00	860.00	1044.00	1131.00	1186.00	1129.00	1033.00	1064.00	1098.00	1137.00	1195.00	1259.00	1206.00	1276.00	1382.00	1452.00	1391.00	1327.00	1218.00	1193.00	1129.00	1100.00	1064.00	1027.00	991.00	1017.00	986.00	965.00	940.00	1029.00	1111.00	1113.00	1132.00	1042.00	932.00	1017.00	1067.00	1038.00	1011.00	937.00	901.00	879.00	861.00	806.00	797.00	802.00	805.00	830.00	857.00	918.00	943.00	954.00	954.00	976.00	992.00	946.00	926.00	979.00	1038.00	1019.00	998.00	976.00	948.00	924.00	899.00
996.00	984.00	916.00	861.00	846.00	898.00	940.00	994.00	1081.00	1158.00	1222.00	1215.00	1143.00	1075.00	933.00	938.00	967.00	1047.00	1143.00	1028.00	863.00	816.00	823.00	932.00	976.00	985.00	1008.00	1057.00	1119.00	1109.00	1091.00	1176.00	1104.00	1080.00	1039.00	998.00	1119.00	1177.00	1196.00	1123.00	1121.00	957.00	929.00	905.00	883.00	821.00	799.00	808.00	828.00	850.00	867.00	945.00	980.00	961.00	1086.00	1178.00	1297.00	1318.00	1302.00	1259.00	1184.00	1084.00	912.00	896.00	933.00	987.00	1076.00	1123.00	1014.00	1015.00	991.00	958.00	914.00	903.00	901.00	897.00	889.00	867.00	862.00	858.00	857.00	853.00	852.00	850.00	849.00	847.00	851.00	853.00	858.00	864.00	861.00	861.00	858.00	853.00	846.00	828.00	825.00	821.00	817.00	820.00	813.00	805.00	802.00	798.00	791.00	786.00	782.00	779.00	776.00	779.00	784.00	782.00	777.00	768.00	768.00	771.00	775.00	781.00	804.00	815.00	846.00	881.00	967.00	926.00	841.00	777.00	771.00	761.00	757.00	765.00	854.00	897.00	874.00	813.00	746.00	734.00	739.00	748.00	770.00	942.00	1069.00	1158.00	1066.00	957.00	826.00	797.00	769.00	799.00	862.00	863.00	817.00	787.00	778.00	740.00	711.00	694.00	688.00	680.00	676.00	673.00	669.00	667.00	663.00	663.00	664.00	677.00	719.00	720.00	722.00	727.00	735.00	759.00	787.00	827.00	890.00	902.00	930.00	846.00	896.00	948.00	822.00	740.00	784.00	875.00	974.00	965.00	950.00	920.00	884.00	833.00	798.00	804.00	860.00	1044.00	1131.00	1186.00	1129.00	1033.00	1064.00	1098.00	1137.00	1195.00	1259.00	1206.00	1276.00	1382.00	1452.00	1391.00	1327.00	1218.00	1193.00	1129.00	1100.00	1064.00	1027.00	991.00	1017.00	986.00	965.00	940.00	1029.00	1111.00	1113.00	1132.00	1042.00	932.00	1017.00	1067.00	1038.00	1011.00	937.00	901.00	879.00	861.00	806.00	797.00	802.00	805.00	830.00	857.00	918.00	943.00	954.00	954.00	976.00	992.00	946.00	926.00	979.00	1038.00	1019.00	998.00	976.00	948.00	924.00	899.00
906.00	837.00	811.00	822.00	843.00	873.00	911.00	963.00	1026.00	1135.00	1239.00	1241.00	1153.00	1059.00	979.00	1019.00	1084.00	1186.00	1160.00	1047.00	878.00	828.00	842.00	913.00	931.00	949.00	962.00	1029.00	1045.00	1024.00	1000.00	1096.00	1180.00	1176.00	1123.00	1083.00	966.00	988.00	1030.00	1015.00	963.00	875.00	876.00	879.00	864.00	802.00	819.00	856.00	877.00	898.00	950.00	1128.00	1210.00	1173.00	1244.00	1324.00	1361.00	1311.00	1214.00	1121.00	1091.00	1021.00	903.00	933.00	1008.00	1118.00	1232.00	1320.00	1243.00	1184.00	1081.00	1029.00	1088.00	1087.00	1086.00	1047.00	1020.00	916.00	885.00	871.00	868.00	864.00	865.00	868.00	862.00	857.00	858.00	880.00	893.00	892.00	885.00	893.00	906.00	920.00	926.00	941.00	924.00	906.00	885.00	874.00	856.00	851.00	845.00	841.00	823.00	820.00	810.00	802.00	784.00	786.00	785.00	783.00	785.00	788.00	816.00	825.00	835.00	833.00	840.00	853.00	866.00	874.00	856.00	842.00	811.00	758.00	744.00	739.00	736.00	735.00	780.00	805.00	810.00	778.00	738.00	714.00	713.00	713.00	715.00	841.00	963.00	1045.00	963.00	865.00	774.00	761.00	737.00	743.00	750.00	742.00	735.00	734.00	738.00	694.00	684.00	679.00	679.00	679.00	676.00	672.00	670.00	669.00	673.00	682.00	695.00	711.00	772.00	764.00	754.00	778.00	780.00	760.00	778.00	837.00	934.00	1085.00	1106.00	976.00	972.00	975.00	834.00	782.00	755.00	807.00	897.00	934.00	990.00	1037.00	1092.00	1018.00	943.00	862.00	802.00	906.00	998.00	1092.00	1177.00	1164.00	1096.00	1128.00	1187.00	1245.00	1357.00	1385.00	1392.00	1412.00	1379.00	1259.00	1218.00	1144.00	1121.00	1076.00	1052.00	1023.00	1007.00	1036.00	1056.00	1022.00	989.00	966.00	1171.00	1272.00	1246.00	1148.00	1041.00	952.00	960.00	1005.00	1035.00	1029.00	954.00	912.00	886.00	868.00	804.00	798.00	800.00	810.00	892.00	966.00	930.00	917.00	918.00	922.00	943.00	977.00	965.00	935.00	978.00	1040.00	1086.00	1022.00	998.00	968.00	908.00	927.00
788.00	789.00	821.00	865.00	903.00	1004.00	1000.00	974.00	979.00	1152.00	1257.00	1259.00	1179.00	1089.00	1092.00	1092.00	1117.00	1239.00	1161.00	1059.00	907.00	862.00	841.00	975.00	1040.00	1045.00	1035.00	1010.00	1015.00	1005.00	974.00	1083.00	1261.00	1290.00	1244.00	1165.00	1009.00	947.00	920.00	907.00	886.00	841.00	838.00	835.00	831.00	810.00	831.00	865.00	893.00	939.00	1079.00	1152.00	1248.00	1336.00	1291.00	1246.00	1195.00	1164.00	1147.00	1090.00	1025.00	954.00	916.00	977.00	1020.00	1088.00	1200.00	1322.00	1351.00	1284.00	1226.00	1232.00	1308.00	1310.00	1252.00	1173.00	1100.00	956.00	913.00	901.00	899.00	894.00	890.00	875.00	869.00	867.00	906.00	975.00	1025.00	983.00	917.00	947.00	993.00	1060.00	1067.00	1208.00	1180.00	1105.00	1010.00	1023.00	1015.00	972.00	933.00	915.00	892.00	867.00	844.00	814.00	856.00	858.00	841.00	824.00	817.00	819.00	845.00	862.00	871.00	871.00	873.00	879.00	884.00	876.00	821.00	799.00	776.00	743.00	729.00	724.00	719.00	716.00	713.00	715.00	716.00	716.00	718.00	716.00	710.00	703.00	696.00	718.00	779.00	801.00	767.00	738.00	727.00	725.00	717.00	711.00	703.00	696.00	692.00	693.00	689.00	676.00	674.00	674.00	676.00	678.00	676.00	674.00	673.00	674.00	691.00	701.00	710.00	727.00	882.00	836.00	837.00	888.00	887.00	818.00	797.00	819.00	879.00	1023.00	1033.00	1076.00	1048.00	1014.00	875.00	803.00	760.00	798.00	929.00	981.00	1014.00	1055.00	1090.00	1025.00	975.00	943.00	931.00	818.00	896.00	982.00	1058.00	1126.00	1107.00	1126.00	1167.00	1211.00	1293.00	1324.00	1356.00	1347.00	1299.00	1220.00	1194.00	1143.00	1120.00	1057.00	1035.00	1057.00	1098.00	1109.00	1035.00	1014.00	1018.00	1038.00	1262.00	1218.00	1134.00	1052.00	1005.00	1062.00	1017.00	970.00	998.00	1042.00	975.00	917.00	880.00	861.00	802.00	802.00	807.00	821.00	918.00	903.00	882.00	887.00	880.00	902.00	935.00	956.00	989.00	976.00	973.00	996.00	1038.00	1060.00	1008.00	948.00	909.00	919.00
788.00	789.00	821.00	865.00	903.00	1004.00	1000.00	974.00	979.00	1152.00	1257.00	1259.00	1179.00	1089.00	1092.00	1092.00	1117.00	1239.00	1161.00	1059.00	907.00	862.00	841.00	975.00	1040.00	1045.00	1035.00	1010.00	1015.00	1005.00	974.00	1083.00	1261.00	1290.00	1244.00	1165.00	1009.00	947.00	920.00	907.00	886.00	841.00	838.00	835.00	831.00	810.00	831.00	865.00	893.00	939.00	1079.00	1152.00	1248.00	1336.00	1291.00	1246.00	1195.00	1164.00	1147.00	1090.00	1025.00	954.00	916.00	977.00	1020.00	1088.00	1200.00	1322.00	1351.00	1284.00	1226.00	1232.00	1308.00	1310.00	1252.00	1173.00	1100.00	956.00	913.00	901.00	899.00	894.00	890.00	875.00	869.00	867.00	906.00	975.00	1025.00	983.00	917.00	947.00	993.00	1060.00	1067.00	1208.00	1180.00	1105.00	1010.00	1023.00	1015.00	972.00	933.00	915.00	892.00	867.00	844.00	814.00	856.00	858.00	841.00	824.00	817.00	819.00	845.00	862.00	871.00	871.00	873.00	879.00	884.00	876.00	821.00	799.00	776.00	743.00	729.00	724.00	719.00	716.00	713.00	715.00	716.00	716.00	718.00	716.00	710.00	703.00	696.00	718.00	779.00	801.00	767.00	738.00	727.00	725.00	717.00	711.00	703.00	696.00	692.00	693.00	689.00	676.00	674.00	674.00	676.00	678.00	676.00	674.00	673.00	674.00	691.00	701.00	710.00	727.00	882.00	836.00	837.00	888.00	887.00	818.00	797.00	819.00	879.00	1023.00	1033.00	1076.00	1048.00	1014.00	875.00	803.00	760.00	798.00	929.00	981.00	1014.00	1055.00	1090.00	1025.00	975.00	943.00	931.00	818.00	896.00	982.00	1058.00	1126.00	1107.00	1126.00	1167.00	1211.00	1293.00	1324.00	1356.00	1347.00	1299.00	1220.00	1194.00	1143.00	1120.00	1057.00	1035.00	1057.00	1098.00	1109.00	1035.00	1014.00	1018.00	1038.00	1262.00	1218.00	1134.00	1052.00	1005.00	1062.00	1017.00	970.00	998.00	1042.00	975.00	917.00	880.00	861.00	802.00	802.00	807.00	821.00	918.00	903.00	882.00	887.00	880.00	902.00	935.00	956.00	989.00	976.00	973.00	996.00	1038.00	1060.00	1008.00	948.00	909.00	919.00
815.00	836.00	863.00	891.00	926.00	1066.00	1105.00	1172.00	1137.00	1060.00	1097.00	1123.00	1140.00	1187.00	1158.00	1180.00	1252.00	1344.00	1150.00	1056.00	943.00	892.00	854.00	938.00	1014.00	1045.00	1041.00	1047.00	1064.00	1029.00	969.00	1010.00	1176.00	1203.00	1181.00	1123.00	991.00	947.00	921.00	898.00	877.00	829.00	819.00	814.00	821.00	841.00	859.00	905.00	983.00	1032.00	1190.00	1362.00	1389.00	1353.00	1154.00	1081.00	1057.00	1047.00	1027.00	988.00	959.00	937.00	953.00	1084.00	1181.00	1207.00	1259.00	1315.00	1502.00	1488.00	1454.00	1442.00	1257.00	1168.00	1087.00	1049.00	1035.00	962.00	943.00	936.00	927.00	903.00	892.00	876.00	882.00	912.00	1026.00	1099.00	1059.00	993.00	939.00	982.00	1030.00	1079.00	1209.00	1407.00	1346.00	1244.00	1230.00	1193.00	1128.00	1041.00	1004.00	995.00	929.00	860.00	811.00	817.00	972.00	960.00	906.00	876.00	869.00	865.00	864.00	877.00	898.00	910.00	908.00	907.00	903.00	881.00	815.00	784.00	759.00	739.00	730.00	723.00	720.00	720.00	723.00	720.00	719.00	719.00	720.00	712.00	708.00	705.00	700.00	692.00	692.00	693.00	694.00	696.00	701.00	702.00	701.00	699.00	692.00	690.00	686.00	684.00	686.00	691.00	690.00	684.00	685.00	679.00	680.00	677.00	680.00	686.00	709.00	716.00	724.00	739.00	897.00	901.00	926.00	953.00	943.00	886.00	865.00	855.00	854.00	924.00	973.00	1020.00	976.00	907.00	790.00	774.00	788.00	806.00	839.00	854.00	876.00	902.00	970.00	1029.00	1017.00	984.00	954.00	848.00	821.00	880.00	946.00	997.00	1029.00	1071.00	1158.00	1241.00	1301.00	1293.00	1286.00	1264.00	1233.00	1191.00	1154.00	1108.00	1091.00	1062.00	1082.00	1116.00	1128.00	1092.00	1055.00	1059.00	1094.00	1138.00	1285.00	1186.00	1091.00	1059.00	1143.00	1153.00	1072.00	993.00	1012.00	1101.00	1012.00	940.00	878.00	839.00	811.00	813.00	818.00	820.00	845.00	850.00	875.00	903.00	899.00	935.00	944.00	955.00	962.00	956.00	985.00	990.00	990.00	968.00	932.00	937.00	955.00	992.00
815.00	836.00	863.00	891.00	926.00	1066.00	1105.00	1172.00	1137.00	1060.00	1097.00	1123.00	1140.00	1187.00	1158.00	1180.00	1252.00	1344.00	1150.00	1056.00	943.00	892.00	854.00	938.00	1014.00	1045.00	1041.00	1047.00	1064.00	1029.00	969.00	1010.00	1176.00	1203.00	1181.00	1123.00	991.00	947.00	921.00	898.00	877.00	829.00	819.00	814.00	821.00	841.00	859.00	905.00	983.00	1032.00	1190.00	1362.00	1389.00	1353.00	1154.00	1081.00	1057.00	1047.00	1027.00	988.00	959.00	937.00	953.00	1084.00	1181.00	1207.00	1259.00	1315.00	1502.00	1488.00	1454.00	1442.00	1257.00	1168.00	1087.00	1049.00	1035.00	962.00	943.00	936.00	927.00	903.00	892.00	876.00	882.00	912.00	1026.00	1099.00	1059.00	993.00	939.00	982.00	1030.00	1079.00	1209.00	1407.00	1346.00	1244.00	1230.00	1193.00	1128.00	1041.00	1004.00	995.00	929.00	860.00	811.00	817.00	972.00	960.00	906.00	876.00	869.00	865.00	864.00	877.00	898.00	910.00	908.00	907.00	903.00	881.00	815.00	784.00	759.00	739.00	730.00	723.00	720.00	720.00	723.00	720.00	719.00	719.00	720.00	712.00	708.00	705.00	700.00	692.00	692.00	693.00	694.00	696.00	701.00	702.00	701.00	699.00	692.00	690.00	686.00	684.00	686.00	691.00	690.00	684.00	685.00	679.00	680.00	677.00	680.00	686.00	709.00	716.00	724.00	739.00	897.00	901.00	926.00	953.00	943.00	886.00	865.00	855.00	854.00	924.00	973.00	1020.00	976.00	907.00	790.00	774.00	788.00	806.00	839.00	854.00	876.00	902.00	970.00	1029.00	1017.00	984.00	954.00	848.00	821.00	880.00	946.00	997.00	1029.00	1071.00	1158.00	1241.00	1301.00	1293.00	1286.00	1264.00	1233.00	1191.00	1154.00	1108.00	1091.00	1062.00	1082.00	1116.00	1128.00	1092.00	1055.00	1059.00	1094.00	1138.00	1285.00	1186.00	1091.00	1059.00	1143.00	1153.00	1072.00	993.00	1012.00	1101.00	1012.00	940.00	878.00	839.00	811.00	813.00	818.00	820.00	845.00	850.00	875.00	903.00	899.00	935.00	944.00	955.00	962.00	956.00	985.00	990.00	990.00	968.00	932.00	937.00	955.00	992.00
828.00	844.00	861.00	890.00	938.00	1075.00	1132.00	1114.00	1058.00	1003.00	1028.00	1065.00	1150.00	1257.00	1357.00	1388.00	1431.00	1381.00	1175.00	1138.00	999.00	912.00	863.00	914.00	962.00	987.00	1038.00	1179.00	1192.00	1108.00	1011.00	983.00	1088.00	1072.00	1043.00	1024.00	946.00	921.00	904.00	887.00	866.00	825.00	819.00	836.00	860.00	886.00	945.00	1041.00	1105.00	1158.00	1265.00	1445.00	1480.00	1357.00	1155.00	1101.00	1120.00	1180.00	1152.00	996.00	956.00	971.00	1081.00	1199.00	1286.00	1398.00	1401.00	1349.00	1351.00	1348.00	1296.00	1232.00	1166.00	1093.00	1040.00	1013.00	988.00	950.00	929.00	921.00	920.00	905.00	893.00	920.00	953.00	1019.00	1175.00	1184.00	1115.00	1097.00	971.00	989.00	1066.00	1137.00	1299.00	1465.00	1424.00	1336.00	1282.00	1156.00	1088.00	1007.00	946.00	936.00	854.00	818.00	828.00	910.00	1115.00	1128.00	1047.00	969.00	946.00	927.00	914.00	916.00	947.00	997.00	966.00	946.00	924.00	884.00	796.00	762.00	743.00	739.00	736.00	733.00	746.00	771.00	782.00	759.00	743.00	732.00	723.00	719.00	717.00	716.00	711.00	700.00	697.00	697.00	698.00	702.00	706.00	705.00	701.00	702.00	717.00	717.00	719.00	723.00	725.00	735.00	735.00	736.00	728.00	684.00	681.00	681.00	687.00	704.00	716.00	724.00	745.00	783.00	891.00	972.00	1046.00	1052.00	1055.00	944.00	922.00	888.00	846.00	885.00	946.00	967.00	889.00	816.00	819.00	842.00	869.00	873.00	873.00	875.00	881.00	905.00	931.00	930.00	930.00	915.00	890.00	824.00	828.00	855.00	877.00	906.00	995.00	1024.00	1100.00	1172.00	1217.00	1189.00	1197.00	1219.00	1203.00	1160.00	1140.00	1101.00	1109.00	1170.00	1167.00	1182.00	1236.00	1195.00	1174.00	1135.00	1145.00	1208.00	1290.00	1216.00	1144.00	1122.00	1169.00	1181.00	1080.00	1049.00	1054.00	1103.00	1018.00	954.00	877.00	837.00	818.00	815.00	816.00	820.00	841.00	864.00	879.00	869.00	862.00	874.00	896.00	906.00	946.00	978.00	1035.00	1049.00	1027.00	990.00	952.00	976.00	1014.00	1048.00
828.00	844.00	861.00	890.00	938.00	1075.00	1132.00	1114.00	1058.00	1003.00	1028.00	1065.00	1150.00	1257.00	1357.00	1388.00	1431.00	1381.00	1175.00	1138.00	999.00	912.00	863.00	914.00	962.00	987.00	1038.00	1179.00	1192.00	1108.00	1011.00	983.00	1088.00	1072.00	1043.00	1024.00	946.00	921.00	904.00	887.00	866.00	825.00	819.00	836.00	860.00	886.00	945.00	1041.00	1105.00	1158.00	1265.00	1445.00	1480.00	1357.00	1155.00	1101.00	1120.00	1180.00	1152.00	996.00	956.00	971.00	1081.00	1199.00	1286.00	1398.00	1401.00	1349.00	1351.00	1348.00	1296.00	1232.00	1166.00	1093.00	1040.00	1013.00	988.00	950.00	929.00	921.00	920.00	905.00	893.00	920.00	953.00	1019.00	1175.00	1184.00	1115.00	1097.00	971.00	989.00	1066.00	1137.00	1299.00	1465.00	1424.00	1336.00	1282.00	1156.00	1088.00	1007.00	946.00	936.00	854.00	818.00	828.00	910.00	1115.00	1128.00	1047.00	969.00	946.00	927.00	914.00	916.00	947.00	997.00	966.00	946.00	924.00	884.00	796.00	762.00	743.00	739.00	736.00	733.00	746.00	771.00	782.00	759.00	743.00	732.00	723.00	719.00	717.00	716.00	711.00	700.00	697.00	697.00	698.00	702.00	706.00	705.00	701.00	702.00	717.00	717.00	719.00	723.00	725.00	735.00	735.00	736.00	728.00	684.00	681.00	681.00	687.00	704.00	716.00	724.00	745.00	783.00	891.00	972.00	1046.00	1052.00	1055.00	944.00	922.00	888.00	846.00	885.00	946.00	967.00	889.00	816.00	819.00	842.00	869.00	873.00	873.00	875.00	881.00	905.00	931.00	930.00	930.00	915.00	890.00	824.00	828.00	855.00	877.00	906.00	995.00	1024.00	1100.00	1172.00	1217.00	1189.00	1197.00	1219.00	1203.00	1160.00	1140.00	1101.00	1109.00	1170.00	1167.00	1182.00	1236.00	1195.00	1174.00	1135.00	1145.00	1208.00	1290.00	1216.00	1144.00	1122.00	1169.00	1181.00	1080.00	1049.00	1054.00	1103.00	1018.00	954.00	877.00	837.00	818.00	815.00	816.00	820.00	841.00	864.00	879.00	869.00	862.00	874.00	896.00	906.00	946.00	978.00	1035.00	1049.00	1027.00	990.00	952.00	976.00	1014.00	1048.00
909.00	916.00	940.00	992.00	1069.00	1098.00	1026.00	974.00	940.00	988.00	1026.00	1053.00	1126.00	1192.00	1344.00	1418.00	1360.00	1274.00	1160.00	1110.00	994.00	932.00	893.00	888.00	909.00	943.00	971.00	1058.00	1056.00	1035.00	999.00	920.00	955.00	960.00	949.00	973.00	926.00	909.00	891.00	870.00	841.00	828.00	844.00	872.00	896.00	948.00	1012.00	1049.00	1120.00	1222.00	1346.00	1494.00	1371.00	1275.00	1156.00	1151.00	1235.00	1307.00	1226.00	1012.00	973.00	1004.00	1179.00	1409.00	1471.00	1438.00	1334.00	1243.00	1136.00	1133.00	1117.00	1073.00	996.00	980.00	989.00	984.00	969.00	950.00	944.00	950.00	946.00	910.00	908.00	991.00	1030.00	1059.00	1261.00	1342.00	1281.00	1183.00	1010.00	1017.00	1086.00	1166.00	1369.00	1452.00	1359.00	1264.00	1180.00	1063.00	1023.00	976.00	930.00	900.00	829.00	842.00	928.00	1025.00	1231.00	1191.00	1087.00	1016.00	989.00	954.00	933.00	943.00	990.00	1071.00	1031.00	978.00	920.00	846.00	757.00	744.00	737.00	739.00	747.00	772.00	810.00	838.00	824.00	811.00	785.00	747.00	738.00	735.00	736.00	734.00	728.00	725.00	730.00	723.00	717.00	718.00	715.00	717.00	720.00	721.00	722.00	724.00	726.00	729.00	732.00	730.00	725.00	714.00	697.00	682.00	686.00	692.00	700.00	710.00	725.00	735.00	775.00	850.00	966.00	1015.00	1021.00	1037.00	1097.00	1041.00	983.00	925.00	882.00	845.00	867.00	890.00	812.00	823.00	939.00	979.00	993.00	965.00	1027.00	1046.00	1052.00	1099.00	1043.00	959.00	921.00	890.00	864.00	867.00	838.00	828.00	852.00	898.00	1057.00	1050.00	1105.00	1139.00	1125.00	1110.00	1138.00	1141.00	1170.00	1202.00	1206.00	1165.00	1182.00	1294.00	1342.00	1328.00	1361.00	1375.00	1255.00	1172.00	1107.00	1106.00	1298.00	1310.00	1304.00	1303.00	1270.00	1187.00	1107.00	1069.00	1008.00	1042.00	965.00	907.00	859.00	836.00	823.00	819.00	818.00	819.00	862.00	863.00	874.00	879.00	895.00	903.00	908.00	905.00	945.00	978.00	994.00	1012.00	1014.00	1020.00	996.00	1026.00	1050.00	1087.00
909.00	916.00	940.00	992.00	1069.00	1098.00	1026.00	974.00	940.00	988.00	1026.00	1053.00	1126.00	1192.00	1344.00	1418.00	1360.00	1274.00	1160.00	1110.00	994.00	932.00	893.00	888.00	909.00	943.00	971.00	1058.00	1056.00	1035.00	999.00	920.00	955.00	960.00	949.00	973.00	926.00	909.00	891.00	870.00	841.00	828.00	844.00	872.00	896.00	948.00	1012.00	1049.00	1120.00	1222.00	1346.00	1494.00	1371.00	1275.00	1156.00	1151.00	1235.00	1307.00	1226.00	1012.00	973.00	1004.00	1179.00	1409.00	1471.00	1438.00	1334.00	1243.00	1136.00	1133.00	1117.00	1073.00	996.00	980.00	989.00	984.00	969.00	950.00	944.00	950.00	946.00	910.00	908.00	991.00	1030.00	1059.00	1261.00	1342.00	1281.00	1183.00	1010.00	1017.00	1086.00	1166.00	1369.00	1452.00	1359.00	1264.00	1180.00	1063.00	1023.00	976.00	930.00	900.00	829.00	842.00	928.00	1025.00	1231.00	1191.00	1087.00	1016.00	989.00	954.00	933.00	943.00	990.00	1071.00	1031.00	978.00	920.00	846.00	757.00	744.00	737.00	739.00	747.00	772.00	810.00	838.00	824.00	811.00	785.00	747.00	738.00	735.00	736.00	734.00	728.00	725.00	730.00	723.00	717.00	718.00	715.00	717.00	720.00	721.00	722.00	724.00	726.00	729.00	732.00	730.00	725.00	714.00	697.00	682.00	686.00	692.00	700.00	710.00	725.00	735.00	775.00	850.00	966.00	1015.00	1021.00	1037.00	1097.00	1041.00	983.00	925.00	882.00	845.00	867.00	890.00	812.00	823.00	939.00	979.00	993.00	965.00	1027.00	1046.00	1052.00	1099.00	1043.00	959.00	921.00	890.00	864.00	867.00	838.00	828.00	852.00	898.00	1057.00	1050.00	1105.00	1139.00	1125.00	1110.00	1138.00	1141.00	1170.00	1202.00	1206.00	1165.00	1182.00	1294.00	1342.00	1328.00	1361.00	1375.00	1255.00	1172.00	1107.00	1106.00	1298.00	1310.00	1304.00	1303.00	1270.00	1187.00	1107.00	1069.00	1008.00	1042.00	965.00	907.00	859.00	836.00	823.00	819.00	818.00	819.00	862.00	863.00	874.00	879.00	895.00	903.00	908.00	905.00	945.00	978.00	994.00	1012.00	1014.00	1020.00	996.00	1026.00	1050.00	1087.00
944.00	990.00	1061.00	1123.00	1114.00	1001.00	935.00	905.00	973.00	997.00	995.00	1027.00	1057.00	1104.00	1177.00	1200.00	1177.00	1122.00	1027.00	1010.00	971.00	942.00	909.00	904.00	899.00	917.00	945.00	988.00	997.00	1000.00	987.00	945.00	902.00	891.00	889.00	897.00	895.00	888.00	877.00	858.00	868.00	842.00	859.00	876.00	892.00	946.00	1003.00	1064.00	1122.00	1148.00	1258.00	1470.00	1451.00	1330.00	1266.00	1313.00	1326.00	1263.00	1169.00	1003.00	1003.00	1052.00	1256.00	1486.00	1450.00	1368.00	1298.00	1228.00	1066.00	1037.00	1020.00	1013.00	1054.00	1059.00	1044.00	1028.00	1013.00	989.00	979.00	964.00	940.00	933.00	1016.00	1071.00	1151.00	1215.00	1375.00	1421.00	1308.00	1225.00	1167.00	1104.00	1117.00	1191.00	1374.00	1401.00	1285.00	1183.00	1123.00	1136.00	1102.00	1040.00	967.00	903.00	857.00	948.00	1055.00	1176.00	1228.00	1131.00	1043.00	1005.00	981.00	953.00	946.00	973.00	1035.00	1068.00	978.00	884.00	810.00	769.00	745.00	744.00	747.00	756.00	789.00	813.00	843.00	857.00	873.00	863.00	820.00	787.00	776.00	763.00	769.00	774.00	796.00	826.00	823.00	793.00	766.00	750.00	738.00	736.00	732.00	732.00	734.00	736.00	735.00	734.00	733.00	729.00	724.00	702.00	686.00	687.00	694.00	702.00	717.00	746.00	779.00	774.00	765.00	779.00	892.00	894.00	901.00	934.00	986.00	1087.00	1098.00	1041.00	979.00	846.00	837.00	823.00	830.00	881.00	1035.00	1162.00	1225.00	1159.00	1133.00	1168.00	1221.00	1296.00	1280.00	1115.00	1031.00	966.00	920.00	905.00	884.00	853.00	834.00	865.00	962.00	981.00	1004.00	1025.00	1048.00	1082.00	1126.00	1156.00	1172.00	1213.00	1180.00	1187.00	1220.00	1372.00	1386.00	1313.00	1253.00	1299.00	1256.00	1164.00	1104.00	1044.00	1100.00	1159.00	1240.00	1314.00	1298.00	1138.00	1047.00	983.00	943.00	1025.00	938.00	874.00	855.00	841.00	828.00	822.00	823.00	825.00	877.00	911.00	956.00	954.00	974.00	956.00	962.00	937.00	940.00	979.00	1011.00	1066.00	1068.00	1038.00	1078.00	1096.00	1142.00	1243.00
909.00	963.00	985.00	957.00	927.00	886.00	887.00	962.00	1030.00	1048.00	972.00	1001.00	1041.00	1084.00	1112.00	1081.00	1071.00	1089.00	1139.00	1187.00	1094.00	996.00	939.00	956.00	928.00	959.00	1018.00	1136.00	1205.00	1240.00	1200.00	1073.00	921.00	909.00	926.00	939.00	944.00	933.00	921.00	878.00	885.00	857.00	857.00	854.00	872.00	912.00	936.00	967.00	1017.00	1105.00	1288.00	1443.00	1452.00	1406.00	1424.00	1444.00	1360.00	1258.00	1193.00	1035.00	1047.00	1094.00	1312.00	1488.00	1392.00	1280.00	1180.00	1106.00	1036.00	1023.00	1049.00	1127.00	1082.00	1044.00	1013.00	994.00	984.00	957.00	944.00	930.00	926.00	1048.00	1082.00	1156.00	1246.00	1352.00	1563.00	1509.00	1404.00	1316.00	1261.00	1252.00	1276.00	1253.00	1272.00	1428.00	1405.00	1363.00	1311.00	1297.00	1194.00	1075.00	967.00	897.00	927.00	1046.00	1159.00	1228.00	1102.00	1023.00	972.00	957.00	947.00	951.00	979.00	1019.00	1043.00	924.00	845.00	783.00	761.00	756.00	763.00	767.00	768.00	790.00	844.00	865.00	891.00	934.00	983.00	959.00	914.00	873.00	844.00	833.00	823.00	851.00	897.00	937.00	919.00	865.00	821.00	795.00	783.00	769.00	746.00	743.00	739.00	737.00	732.00	726.00	723.00	713.00	704.00	691.00	684.00	696.00	703.00	731.00	790.00	840.00	826.00	808.00	829.00	816.00	832.00	860.00	910.00	976.00	1029.00	1094.00	1149.00	1102.00	1039.00	901.00	853.00	830.00	840.00	850.00	958.00	1056.00	1107.00	1114.00	994.00	1037.00	1081.00	1115.00	1247.00	1267.00	1146.00	1044.00	979.00	916.00	919.00	881.00	848.00	873.00	930.00	966.00	980.00	1006.00	1035.00	1073.00	1101.00	1142.00	1194.00	1231.00	1190.00	1158.00	1147.00	1192.00	1198.00	1154.00	1199.00	1290.00	1332.00	1262.00	1174.00	1087.00	1002.00	1047.00	1085.00	1077.00	1085.00	1107.00	1033.00	967.00	931.00	913.00	879.00	865.00	856.00	844.00	829.00	823.00	827.00	841.00	847.00	847.00	880.00	906.00	919.00	947.00	964.00	961.00	948.00	958.00	982.00	1012.00	1025.00	1022.00	1066.00	1110.00	1194.00	1300.00
909.00	963.00	985.00	957.00	927.00	886.00	887.00	962.00	1030.00	1048.00	972.00	1001.00	1041.00	1084.00	1112.00	1081.00	1071.00	1089.00	1139.00	1187.00	1094.00	996.00	939.00	956.00	928.00	959.00	1018.00	1136.00	1205.00	1240.00	1200.00	1073.00	921.00	909.00	926.00	939.00	944.00	933.00	921.00	878.00	885.00	857.00	857.00	854.00	872.00	912.00	936.00	967.00	1017.00	1105.00	1288.00	1443.00	1452.00	1406.00	1424.00	1444.00	1360.00	1258.00	1193.00	1035.00	1047.00	1094.00	1312.00	1488.00	1392.00	1280.00	1180.00	1106.00	1036.00	1023.00	1049.00	1127.00	1082.00	1044.00	1013.00	994.00	984.00	957.00	944.00	930.00	926.00	1048.00	1082.00	1156.00	1246.00	1352.00	1563.00	1509.00	1404.00	1316.00	1261.00	1252.00	1276.00	1253.00	1272.00	1428.00	1405.00	1363.00	1311.00	1297.00	1194.00	1075.00	967.00	897.00	927.00	1046.00	1159.00	1228.00	1102.00	1023.00	972.00	957.00	947.00	951.00	979.00	1019.00	1043.00	924.00	845.00	783.00	761.00	756.00	763.00	767.00	768.00	790.00	844.00	865.00	891.00	934.00	983.00	959.00	914.00	873.00	844.00	833.00	823.00	851.00	897.00	937.00	919.00	865.00	821.00	795.00	783.00	769.00	746.00	743.00	739.00	737.00	732.00	726.00	723.00	713.00	704.00	691.00	684.00	696.00	703.00	731.00	790.00	840.00	826.00	808.00	829.00	816.00	832.00	860.00	910.00	976.00	1029.00	1094.00	1149.00	1102.00	1039.00	901.00	853.00	830.00	840.00	850.00	958.00	1056.00	1107.00	1114.00	994.00	1037.00	1081.00	1115.00	1247.00	1267.00	1146.00	1044.00	979.00	916.00	919.00	881.00	848.00	873.00	930.00	966.00	980.00	1006.00	1035.00	1073.00	1101.00	1142.00	1194.00	1231.00	1190.00	1158.00	1147.00	1192.00	1198.00	1154.00	1199.00	1290.00	1332.00	1262.00	1174.00	1087.00	1002.00	1047.00	1085.00	1077.00	1085.00	1107.00	1033.00	967.00	931.00	913.00	879.00	865.00	856.00	844.00	829.00	823.00	827.00	841.00	847.00	847.00	880.00	906.00	919.00	947.00	964.00	961.00	948.00	958.00	982.00	1012.00	1025.00	1022.00	1066.00	1110.00	1194.00	1300.00
826.00	827.00	833.00	842.00	861.00	891.00	896.00	894.00	900.00	945.00	957.00	989.00	1030.00	1087.00	1145.00	1131.00	1179.00	1258.00	1313.00	1309.00	1095.00	1001.00	1002.00	992.00	972.00	1044.00	1122.00	1289.00	1343.00	1278.00	1189.00	1069.00	937.00	1001.00	1073.00	1082.00	1001.00	963.00	943.00	905.00	881.00	904.00	888.00	860.00	858.00	873.00	890.00	909.00	939.00	998.00	1149.00	1282.00	1199.00	1160.00	1292.00	1422.00	1465.00	1379.00	1286.00	1109.00	1083.00	1096.00	1290.00	1434.00	1328.00	1213.00	1105.00	1042.00	1047.00	1108.00	1190.00	1183.00	995.00	971.00	956.00	946.00	937.00	933.00	941.00	964.00	991.00	1072.00	1152.00	1307.00	1361.00	1404.00	1350.00	1298.00	1251.00	1208.00	1101.00	1110.00	1142.00	1093.00	1213.00	1427.00	1520.00	1506.00	1415.00	1219.00	1123.00	1026.00	956.00	909.00	980.00	1060.00	1071.00	1045.00	958.00	926.00	912.00	899.00	905.00	951.00	973.00	953.00	911.00	798.00	771.00	763.00	765.00	769.00	780.00	783.00	787.00	835.00	900.00	922.00	997.00	1062.00	1105.00	1083.00	1031.00	966.00	905.00	902.00	885.00	910.00	976.00	1081.00	1081.00	1043.00	982.00	912.00	845.00	817.00	770.00	757.00	739.00	736.00	731.00	726.00	724.00	708.00	695.00	693.00	697.00	702.00	747.00	839.00	934.00	974.00	851.00	852.00	887.00	860.00	840.00	900.00	976.00	1035.00	1101.00	1176.00	1123.00	1057.00	992.00	900.00	862.00	868.00	898.00	907.00	930.00	926.00	932.00	937.00	970.00	1048.00	1130.00	1187.00	1278.00	1281.00	1152.00	1053.00	986.00	905.00	877.00	856.00	882.00	900.00	902.00	927.00	947.00	973.00	1039.00	1075.00	1124.00	1158.00	1171.00	1167.00	1209.00	1274.00	1254.00	1118.00	1077.00	1084.00	1135.00	1184.00	1240.00	1180.00	1091.00	1066.00	958.00	964.00	964.00	974.00	1008.00	1060.00	1011.00	1006.00	1061.00	929.00	878.00	862.00	854.00	842.00	827.00	827.00	840.00	879.00	892.00	884.00	855.00	866.00	906.00	969.00	979.00	980.00	974.00	990.00	993.00	994.00	991.00	1020.00	1095.00	1100.00	1099.00	1099.00
826.00	827.00	833.00	842.00	861.00	891.00	896.00	894.00	900.00	945.00	957.00	989.00	1030.00	1087.00	1145.00	1131.00	1179.00	1258.00	1313.00	1309.00	1095.00	1001.00	1002.00	992.00	972.00	1044.00	1122.00	1289.00	1343.00	1278.00	1189.00	1069.00	937.00	1001.00	1073.00	1082.00	1001.00	963.00	943.00	905.00	881.00	904.00	888.00	860.00	858.00	873.00	890.00	909.00	939.00	998.00	1149.00	1282.00	1199.00	1160.00	1292.00	1422.00	1465.00	1379.00	1286.00	1109.00	1083.00	1096.00	1290.00	1434.00	1328.00	1213.00	1105.00	1042.00	1047.00	1108.00	1190.00	1183.00	995.00	971.00	956.00	946.00	937.00	933.00	941.00	964.00	991.00	1072.00	1152.00	1307.00	1361.00	1404.00	1350.00	1298.00	1251.00	1208.00	1101.00	1110.00	1142.00	1093.00	1213.00	1427.00	1520.00	1506.00	1415.00	1219.00	1123.00	1026.00	956.00	909.00	980.00	1060.00	1071.00	1045.00	958.00	926.00	912.00	899.00	905.00	951.00	973.00	953.00	911.00	798.00	771.00	763.00	765.00	769.00	780.00	783.00	787.00	835.00	900.00	922.00	997.00	1062.00	1105.00	1083.00	1031.00	966.00	905.00	902.00	885.00	910.00	976.00	1081.00	1081.00	1043.00	982.00	912.00	845.00	817.00	770.00	757.00	739.00	736.00	731.00	726.00	724.00	708.00	695.00	693.00	697.00	702.00	747.00	839.00	934.00	974.00	851.00	852.00	887.00	860.00	840.00	900.00	976.00	1035.00	1101.00	1176.00	1123.00	1057.00	992.00	900.00	862.00	868.00	898.00	907.00	930.00	926.00	932.00	937.00	970.00	1048.00	1130.00	1187.00	1278.00	1281.00	1152.00	1053.00	986.00	905.00	877.00	856.00	882.00	900.00	902.00	927.00	947.00	973.00	1039.00	1075.00	1124.00	1158.00	1171.00	1167.00	1209.00	1274.00	1254.00	1118.00	1077.00	1084.00	1135.00	1184.00	1240.00	1180.00	1091.00	1066.00	958.00	964.00	964.00	974.00	1008.00	1060.00	1011.00	1006.00	1061.00	929.00	878.00	862.00	854.00	842.00	827.00	827.00	840.00	879.00	892.00	884.00	855.00	866.00	906.00	969.00	979.00	980.00	974.00	990.00	993.00	994.00	991.00	1020.00	1095.00	1100.00	1099.00	1099.00
887.00	903.00	949.00	999.00	1040.00	1095.00	1119.00	1054.00	973.00	973.00	1006.00	1037.00	1073.00	1083.00	1033.00	1049.00	1105.00	1098.00	1208.00	1310.00	1149.00	1054.00	1062.00	1021.00	1062.00	1156.00	1235.00	1412.00	1353.00	1238.00	1175.00	1078.00	989.00	1079.00	1142.00	1119.00	1007.00	968.00	935.00	883.00	901.00	982.00	960.00	942.00	908.00	872.00	879.00	892.00	907.00	924.00	1008.00	1064.00	1057.00	1114.00	1299.00	1395.00	1446.00	1357.00	1242.00	1181.00	1269.00	1240.00	1341.00	1295.00	1194.00	1100.00	1050.00	1036.00	1189.00	1262.00	1196.00	1097.00	964.00	952.00	941.00	937.00	945.00	962.00	1014.00	1064.00	1118.00	1134.00	1138.00	1142.00	1161.00	1163.00	1131.00	1122.00	1089.00	1054.00	1052.00	1011.00	1014.00	1008.00	1115.00	1219.00	1292.00	1355.00	1320.00	1156.00	1039.00	947.00	900.00	873.00	906.00	915.00	919.00	921.00	885.00	864.00	851.00	841.00	869.00	872.00	796.00	780.00	768.00	761.00	764.00	770.00	777.00	781.00	791.00	795.00	811.00	911.00	1017.00	1033.00	1077.00	1183.00	1224.00	1155.00	1078.00	991.00	934.00	942.00	950.00	969.00	1043.00	1198.00	1235.00	1194.00	1097.00	1030.00	958.00	899.00	820.00	796.00	763.00	749.00	736.00	729.00	722.00	706.00	696.00	701.00	700.00	735.00	804.00	897.00	1010.00	1038.00	918.00	916.00	941.00	953.00	861.00	893.00	940.00	990.00	1063.00	1149.00	1086.00	1014.00	954.00	876.00	873.00	953.00	1021.00	1040.00	1185.00	1147.00	1054.00	946.00	1011.00	1059.00	1100.00	1166.00	1357.00	1183.00	1088.00	1019.00	972.00	904.00	873.00	877.00	914.00	944.00	901.00	917.00	953.00	980.00	1004.00	1030.00	1063.00	1072.00	1077.00	1161.00	1248.00	1422.00	1346.00	1172.00	1188.00	1187.00	1119.00	1056.00	1057.00	1023.00	998.00	1001.00	946.00	933.00	952.00	1021.00	1060.00	1049.00	1045.00	1094.00	1142.00	926.00	882.00	864.00	857.00	847.00	831.00	842.00	883.00	923.00	938.00	918.00	862.00	867.00	885.00	909.00	925.00	941.00	957.00	965.00	967.00	974.00	986.00	1053.00	1144.00	1102.00	1060.00	1034.00
887.00	903.00	949.00	999.00	1040.00	1095.00	1119.00	1054.00	973.00	973.00	1006.00	1037.00	1073.00	1083.00	1033.00	1049.00	1105.00	1098.00	1208.00	1310.00	1149.00	1054.00	1062.00	1021.00	1062.00	1156.00	1235.00	1412.00	1353.00	1238.00	1175.00	1078.00	989.00	1079.00	1142.00	1119.00	1007.00	968.00	935.00	883.00	901.00	982.00	960.00	942.00	908.00	872.00	879.00	892.00	907.00	924.00	1008.00	1064.00	1057.00	1114.00	1299.00	1395.00	1446.00	1357.00	1242.00	1181.00	1269.00	1240.00	1341.00	1295.00	1194.00	1100.00	1050.00	1036.00	1189.00	1262.00	1196.00	1097.00	964.00	952.00	941.00	937.00	945.00	962.00	1014.00	1064.00	1118.00	1134.00	1138.00	1142.00	1161.00	1163.00	1131.00	1122.00	1089.00	1054.00	1052.00	1011.00	1014.00	1008.00	1115.00	1219.00	1292.00	1355.00	1320.00	1156.00	1039.00	947.00	900.00	873.00	906.00	915.00	919.00	921.00	885.00	864.00	851.00	841.00	869.00	872.00	796.00	780.00	768.00	761.00	764.00	770.00	777.00	781.00	791.00	795.00	811.00	911.00	1017.00	1033.00	1077.00	1183.00	1224.00	1155.00	1078.00	991.00	934.00	942.00	950.00	969.00	1043.00	1198.00	1235.00	1194.00	1097.00	1030.00	958.00	899.00	820.00	796.00	763.00	749.00	736.00	729.00	722.00	706.00	696.00	701.00	700.00	735.00	804.00	897.00	1010.00	1038.00	918.00	916.00	941.00	953.00	861.00	893.00	940.00	990.00	1063.00	1149.00	1086.00	1014.00	954.00	876.00	873.00	953.00	1021.00	1040.00	1185.00	1147.00	1054.00	946.00	1011.00	1059.00	1100.00	1166.00	1357.00	1183.00	1088.00	1019.00	972.00	904.00	873.00	877.00	914.00	944.00	901.00	917.00	953.00	980.00	1004.00	1030.00	1063.00	1072.00	1077.00	1161.00	1248.00	1422.00	1346.00	1172.00	1188.00	1187.00	1119.00	1056.00	1057.00	1023.00	998.00	1001.00	946.00	933.00	952.00	1021.00	1060.00	1049.00	1045.00	1094.00	1142.00	926.00	882.00	864.00	857.00	847.00	831.00	842.00	883.00	923.00	938.00	918.00	862.00	867.00	885.00	909.00	925.00	941.00	957.00	965.00	967.00	974.00	986.00	1053.00	1144.00	1102.00	1060.00	1034.00
919.00	953.00	969.00	1006.00	1035.00	1082.00	1116.00	1052.00	1000.00	969.00	1007.00	1029.00	1051.00	1057.00	1018.00	975.00	948.00	978.00	1190.00	1285.00	1139.00	1100.00	1100.00	1114.00	1138.00	1145.00	1166.00	1226.00	1245.00	1234.00	1236.00	1104.00	1098.00	1155.00	1107.00	1031.00	949.00	922.00	886.00	895.00	928.00	1118.00	1173.00	1109.00	1022.00	903.00	894.00	890.00	903.00	916.00	945.00	1021.00	1028.00	1060.00	1185.00	1282.00	1358.00	1427.00	1452.00	1425.00	1472.00	1437.00	1367.00	1142.00	1072.00	1037.00	1062.00	1148.00	1290.00	1206.00	1113.00	1046.00	958.00	947.00	947.00	964.00	996.00	1052.00	1134.00	1165.00	1167.00	1085.00	1075.00	1034.00	1044.00	1042.00	1031.00	1019.00	1017.00	1004.00	988.00	989.00	967.00	984.00	1003.00	1020.00	1058.00	1098.00	1054.00	966.00	913.00	874.00	866.00	875.00	948.00	979.00	994.00	987.00	921.00	862.00	834.00	810.00	793.00	770.00	763.00	761.00	766.00	777.00	782.00	782.00	784.00	791.00	819.00	816.00	828.00	930.00	1051.00	1131.00	1205.00	1283.00	1258.00	1162.00	1085.00	1007.00	956.00	958.00	1026.00	1053.00	1084.00	1271.00	1352.00	1319.00	1246.00	1157.00	1008.00	954.00	866.00	833.00	787.00	761.00	742.00	732.00	726.00	711.00	699.00	698.00	694.00	828.00	925.00	979.00	1054.00	1067.00	1041.00	1038.00	1041.00	1003.00	914.00	977.00	1021.00	994.00	1021.00	1072.00	1023.00	971.00	937.00	888.00	914.00	1073.00	1191.00	1275.00	1309.00	1202.00	1095.00	1013.00	1036.00	1139.00	1247.00	1342.00	1250.00	1065.00	994.00	945.00	912.00	912.00	915.00	898.00	922.00	949.00	1008.00	954.00	958.00	944.00	983.00	1010.00	1030.00	1057.00	1093.00	1244.00	1349.00	1385.00	1363.00	1320.00	1357.00	1359.00	1270.00	1198.00	1052.00	999.00	981.00	969.00	958.00	955.00	934.00	928.00	951.00	973.00	966.00	992.00	1020.00	927.00	884.00	862.00	854.00	845.00	837.00	879.00	921.00	942.00	980.00	971.00	879.00	907.00	957.00	969.00	971.00	981.00	970.00	962.00	982.00	1011.00	1011.00	1023.00	1029.00	1046.00	1044.00	1002.00
996.00	1041.00	1025.00	1023.00	1040.00	1075.00	1111.00	1156.00	1134.00	1030.00	1033.00	1037.00	1030.00	1025.00	1059.00	1023.00	928.00	949.00	1169.00	1227.00	1086.00	1080.00	1060.00	1127.00	1197.00	1247.00	1248.00	1165.00	1127.00	1076.00	1055.00	997.00	1092.00	1067.00	998.00	950.00	906.00	893.00	908.00	932.00	977.00	1207.00	1295.00	1256.00	1169.00	1008.00	937.00	895.00	905.00	917.00	948.00	1114.00	1181.00	1179.00	1187.00	1200.00	1230.00	1314.00	1447.00	1344.00	1281.00	1239.00	1174.00	1064.00	1066.00	1125.00	1230.00	1331.00	1198.00	1127.00	1072.00	1020.00	958.00	976.00	1034.00	1106.00	1106.00	1154.00	1149.00	1095.00	1054.00	1031.00	1027.00	1009.00	1014.00	997.00	981.00	982.00	974.00	969.00	934.00	936.00	936.00	941.00	922.00	916.00	912.00	900.00	894.00	894.00	908.00	924.00	927.00	961.00	1124.00	1161.00	1122.00	1045.00	878.00	840.00	808.00	781.00	777.00	785.00	783.00	784.00	785.00	795.00	797.00	801.00	810.00	820.00	859.00	833.00	835.00	919.00	1031.00	1068.00	1130.00	1232.00	1218.00	1150.00	1081.00	1011.00	955.00	963.00	1035.00	1105.00	1120.00	1227.00	1324.00	1291.00	1200.00	1143.00	1048.00	1006.00	908.00	860.00	804.00	784.00	764.00	748.00	741.00	720.00	702.00	697.00	696.00	873.00	933.00	954.00	975.00	1009.00	1061.00	1053.00	1023.00	1001.00	976.00	1037.00	1096.00	1120.00	1126.00	1090.00	1044.00	1003.00	963.00	917.00	934.00	1091.00	1202.00	1293.00	1339.00	1224.00	1136.00	1061.00	1097.00	1213.00	1320.00	1318.00	1122.00	973.00	931.00	900.00	924.00	1009.00	964.00	963.00	1024.00	1062.00	1171.00	1142.00	1107.00	1080.00	1014.00	1015.00	1062.00	1107.00	1157.00	1349.00	1433.00	1382.00	1340.00	1197.00	1211.00	1246.00	1219.00	1160.00	1032.00	1008.00	992.00	979.00	1035.00	1007.00	1010.00	988.00	947.00	906.00	902.00	911.00	918.00	885.00	865.00	863.00	860.00	847.00	849.00	857.00	879.00	912.00	964.00	958.00	890.00	913.00	970.00	1018.00	1022.00	1020.00	1021.00	992.00	1001.00	999.00	987.00	957.00	977.00	972.00	965.00	963.00
996.00	1041.00	1025.00	1023.00	1040.00	1075.00	1111.00	1156.00	1134.00	1030.00	1033.00	1037.00	1030.00	1025.00	1059.00	1023.00	928.00	949.00	1169.00	1227.00	1086.00	1080.00	1060.00	1127.00	1197.00	1247.00	1248.00	1165.00	1127.00	1076.00	1055.00	997.00	1092.00	1067.00	998.00	950.00	906.00	893.00	908.00	932.00	977.00	1207.00	1295.00	1256.00	1169.00	1008.00	937.00	895.00	905.00	917.00	948.00	1114.00	1181.00	1179.00	1187.00	1200.00	1230.00	1314.00	1447.00	1344.00	1281.00	1239.00	1174.00	1064.00	1066.00	1125.00	1230.00	1331.00	1198.00	1127.00	1072.00	1020.00	958.00	976.00	1034.00	1106.00	1106.00	1154.00	1149.00	1095.00	1054.00	1031.00	1027.00	1009.00	1014.00	997.00	981.00	982.00	974.00	969.00	934.00	936.00	936.00	941.00	922.00	916.00	912.00	900.00	894.00	894.00	908.00	924.00	927.00	961.00	1124.00	1161.00	1122.00	1045.00	878.00	840.00	808.00	781.00	777.00	785.00	783.00	784.00	785.00	795.00	797.00	801.00	810.00	820.00	859.00	833.00	835.00	919.00	1031.00	1068.00	1130.00	1232.00	1218.00	1150.00	1081.00	1011.00	955.00	963.00	1035.00	1105.00	1120.00	1227.00	1324.00	1291.00	1200.00	1143.00	1048.00	1006.00	908.00	860.00	804.00	784.00	764.00	748.00	741.00	720.00	702.00	697.00	696.00	873.00	933.00	954.00	975.00	1009.00	1061.00	1053.00	1023.00	1001.00	976.00	1037.00	1096.00	1120.00	1126.00	1090.00	1044.00	1003.00	963.00	917.00	934.00	1091.00	1202.00	1293.00	1339.00	1224.00	1136.00	1061.00	1097.00	1213.00	1320.00	1318.00	1122.00	973.00	931.00	900.00	924.00	1009.00	964.00	963.00	1024.00	1062.00	1171.00	1142.00	1107.00	1080.00	1014.00	1015.00	1062.00	1107.00	1157.00	1349.00	1433.00	1382.00	1340.00	1197.00	1211.00	1246.00	1219.00	1160.00	1032.00	1008.00	992.00	979.00	1035.00	1007.00	1010.00	988.00	947.00	906.00	902.00	911.00	918.00	885.00	865.00	863.00	860.00	847.00	849.00	857.00	879.00	912.00	964.00	958.00	890.00	913.00	970.00	1018.00	1022.00	1020.00	1021.00	992.00	1001.00	999.00	987.00	957.00	977.00	972.00	965.00	963.00
996.00	1041.00	1025.00	1023.00	1040.00	1075.00	1111.00	1156.00	1134.00	1030.00	1033.00	1037.00	1030.00	1025.00	1059.00	1023.00	928.00	949.00	1169.00	1227.00	1086.00	1080.00	1060.00	1127.00	1197.00	1247.00	1248.00	1165.00	1127.00	1076.00	1055.00	997.00	1092.00	1067.00	998.00	950.00	906.00	893.00	908.00	932.00	977.00	1207.00	1295.00	1256.00	1169.00	1008.00	937.00	895.00	905.00	917.00	948.00	1114.00	1181.00	1179.00	1187.00	1200.00	1230.00	1314.00	1447.00	1344.00	1281.00	1239.00	1174.00	1064.00	1066.00	1125.00	1230.00	1331.00	1198.00	1127.00	1072.00	1020.00	958.00	976.00	1034.00	1106.00	1106.00	1154.00	1149.00	1095.00	1054.00	1031.00	1027.00	1009.00	1014.00	997.00	981.00	982.00	974.00	969.00	934.00	936.00	936.00	941.00	922.00	916.00	912.00	900.00	894.00	894.00	908.00	924.00	927.00	961.00	1124.00	1161.00	1122.00	1045.00	878.00	840.00	808.00	781.00	777.00	785.00	783.00	784.00	785.00	795.00	797.00	801.00	810.00	820.00	859.00	833.00	835.00	919.00	1031.00	1068.00	1130.00	1232.00	1218.00	1150.00	1081.00	1011.00	955.00	963.00	1035.00	1105.00	1120.00	1227.00	1324.00	1291.00	1200.00	1143.00	1048.00	1006.00	908.00	860.00	804.00	784.00	764.00	748.00	741.00	720.00	702.00	697.00	696.00	873.00	933.00	954.00	975.00	1009.00	1061.00	1053.00	1023.00	1001.00	976.00	1037.00	1096.00	1120.00	1126.00	1090.00	1044.00	1003.00	963.00	917.00	934.00	1091.00	1202.00	1293.00	1339.00	1224.00	1136.00	1061.00	1097.00	1213.00	1320.00	1318.00	1122.00	973.00	931.00	900.00	924.00	1009.00	964.00	963.00	1024.00	1062.00	1171.00	1142.00	1107.00	1080.00	1014.00	1015.00	1062.00	1107.00	1157.00	1349.00	1433.00	1382.00	1340.00	1197.00	1211.00	1246.00	1219.00	1160.00	1032.00	1008.00	992.00	979.00	1035.00	1007.00	1010.00	988.00	947.00	906.00	902.00	911.00	918.00	885.00	865.00	863.00	860.00	847.00	849.00	857.00	879.00	912.00	964.00	958.00	890.00	913.00	970.00	1018.00	1022.00	1020.00	1021.00	992.00	1001.00	999.00	987.00	957.00	977.00	972.00	965.00	963.00
1042.00	1063.00	1099.00	1122.00	1110.00	1142.00	1206.00	1222.00	1166.00	1009.00	1000.00	976.00	996.00	1015.00	930.00	908.00	916.00	1010.00	1211.00	1191.00	1029.00	1003.00	994.00	1089.00	1144.00	1192.00	1246.00	1322.00	1259.00	1213.00	1119.00	999.00	974.00	959.00	941.00	925.00	899.00	921.00	952.00	991.00	1037.00	1302.00	1380.00	1321.00	1226.00	1018.00	944.00	914.00	910.00	930.00	960.00	1036.00	1077.00	1120.00	1210.00	1275.00	1339.00	1398.00	1497.00	1263.00	1199.00	1231.00	1235.00	1151.00	1215.00	1325.00	1400.00	1361.00	1193.00	1112.00	1042.00	1018.00	966.00	1016.00	1120.00	1227.00	1248.00	1113.00	1080.00	1061.00	1073.00	1136.00	1120.00	1089.00	1083.00	1058.00	1090.00	1089.00	1061.00	1032.00	954.00	928.00	912.00	914.00	922.00	950.00	986.00	1016.00	1020.00	957.00	1018.00	1084.00	1035.00	1013.00	1193.00	1100.00	1006.00	947.00	830.00	806.00	784.00	781.00	788.00	800.00	800.00	798.00	801.00	816.00	824.00	838.00	864.00	890.00	915.00	861.00	839.00	972.00	1124.00	1180.00	1225.00	1289.00	1172.00	1105.00	1073.00	1054.00	1010.00	929.00	966.00	991.00	1054.00	1259.00	1317.00	1223.00	1114.00	1025.00	947.00	926.00	880.00	850.00	806.00	789.00	775.00	762.00	751.00	731.00	708.00	698.00	708.00	854.00	840.00	883.00	919.00	919.00	946.00	955.00	963.00	966.00	1048.00	1084.00	1101.00	1124.00	1084.00	1043.00	984.00	958.00	956.00	988.00	981.00	997.00	1044.00	1129.00	1323.00	1320.00	1226.00	1126.00	1220.00	1331.00	1320.00	1212.00	1033.00	930.00	967.00	943.00	920.00	996.00	1027.00	1075.00	1153.00	1243.00	1312.00	1337.00	1312.00	1306.00	1140.00	1064.00	1094.00	1172.00	1255.00	1414.00	1489.00	1473.00	1383.00	1229.00	1162.00	1149.00	1118.00	1065.00	1028.00	1019.00	1034.00	1085.00	1147.00	1127.00	1084.00	1025.00	976.00	921.00	918.00	932.00	930.00	893.00	878.00	865.00	855.00	845.00	884.00	873.00	852.00	857.00	929.00	953.00	983.00	994.00	974.00	930.00	932.00	932.00	953.00	944.00	931.00	928.00	937.00	947.00	958.00	956.00	961.00	970.00
1042.00	1063.00	1099.00	1122.00	1110.00	1142.00	1206.00	1222.00	1166.00	1009.00	1000.00	976.00	996.00	1015.00	930.00	908.00	916.00	1010.00	1211.00	1191.00	1029.00	1003.00	994.00	1089.00	1144.00	1192.00	1246.00	1322.00	1259.00	1213.00	1119.00	999.00	974.00	959.00	941.00	925.00	899.00	921.00	952.00	991.00	1037.00	1302.00	1380.00	1321.00	1226.00	1018.00	944.00	914.00	910.00	930.00	960.00	1036.00	1077.00	1120.00	1210.00	1275.00	1339.00	1398.00	1497.00	1263.00	1199.00	1231.00	1235.00	1151.00	1215.00	1325.00	1400.00	1361.00	1193.00	1112.00	1042.00	1018.00	966.00	1016.00	1120.00	1227.00	1248.00	1113.00	1080.00	1061.00	1073.00	1136.00	1120.00	1089.00	1083.00	1058.00	1090.00	1089.00	1061.00	1032.00	954.00	928.00	912.00	914.00	922.00	950.00	986.00	1016.00	1020.00	957.00	1018.00	1084.00	1035.00	1013.00	1193.00	1100.00	1006.00	947.00	830.00	806.00	784.00	781.00	788.00	800.00	800.00	798.00	801.00	816.00	824.00	838.00	864.00	890.00	915.00	861.00	839.00	972.00	1124.00	1180.00	1225.00	1289.00	1172.00	1105.00	1073.00	1054.00	1010.00	929.00	966.00	991.00	1054.00	1259.00	1317.00	1223.00	1114.00	1025.00	947.00	926.00	880.00	850.00	806.00	789.00	775.00	762.00	751.00	731.00	708.00	698.00	708.00	854.00	840.00	883.00	919.00	919.00	946.00	955.00	963.00	966.00	1048.00	1084.00	1101.00	1124.00	1084.00	1043.00	984.00	958.00	956.00	988.00	981.00	997.00	1044.00	1129.00	1323.00	1320.00	1226.00	1126.00	1220.00	1331.00	1320.00	1212.00	1033.00	930.00	967.00	943.00	920.00	996.00	1027.00	1075.00	1153.00	1243.00	1312.00	1337.00	1312.00	1306.00	1140.00	1064.00	1094.00	1172.00	1255.00	1414.00	1489.00	1473.00	1383.00	1229.00	1162.00	1149.00	1118.00	1065.00	1028.00	1019.00	1034.00	1085.00	1147.00	1127.00	1084.00	1025.00	976.00	921.00	918.00	932.00	930.00	893.00	878.00	865.00	855.00	845.00	884.00	873.00	852.00	857.00	929.00	953.00	983.00	994.00	974.00	930.00	932.00	932.00	953.00	944.00	931.00	928.00	937.00	947.00	958.00	956.00	961.00	970.00
1020.00	1037.00	1072.00	1047.00	1062.00	1125.00	1211.00	1175.00	1100.00	1019.00	1017.00	1043.00	986.00	914.00	870.00	893.00	975.00	1060.00	1095.00	1067.00	973.00	961.00	1008.00	1088.00	1138.00	1109.00	1069.00	1106.00	1107.00	1115.00	1048.00	1028.00	970.00	940.00	921.00	909.00	932.00	947.00	990.00	1055.00	1153.00	1348.00	1291.00	1184.00	1082.00	970.00	949.00	941.00	922.00	940.00	1012.00	1054.00	1128.00	1177.00	1256.00	1282.00	1339.00	1408.00	1493.00	1464.00	1403.00	1396.00	1287.00	1291.00	1368.00	1453.00	1419.00	1310.00	1122.00	1062.00	1042.00	1024.00	980.00	1044.00	1109.00	1123.00	1108.00	1082.00	1095.00	1121.00	1154.00	1162.00	1112.00	1072.00	1064.00	1075.00	1095.00	1065.00	1015.00	975.00	928.00	924.00	939.00	955.00	1002.00	1134.00	1217.00	1248.00	1163.00	1061.00	1163.00	1219.00	1169.00	1134.00	1061.00	966.00	894.00	855.00	808.00	796.00	787.00	787.00	793.00	820.00	842.00	858.00	863.00	938.00	940.00	877.00	926.00	946.00	929.00	869.00	861.00	951.00	995.00	1032.00	1110.00	1213.00	1314.00	1247.00	1157.00	1082.00	1016.00	891.00	907.00	936.00	985.00	1116.00	1204.00	1192.00	1094.00	1002.00	926.00	930.00	923.00	897.00	836.00	811.00	786.00	771.00	764.00	746.00	714.00	701.00	715.00	768.00	771.00	789.00	804.00	814.00	841.00	856.00	871.00	880.00	987.00	1008.00	1002.00	978.00	954.00	969.00	994.00	1025.00	1070.00	1160.00	1122.00	1142.00	1069.00	1044.00	1218.00	1291.00	1273.00	1316.00	1401.00	1346.00	1231.00	1133.00	978.00	1025.00	1028.00	947.00	944.00	1069.00	1134.00	1181.00	1212.00	1245.00	1276.00	1309.00	1307.00	1304.00	1188.00	1148.00	1216.00	1278.00	1288.00	1357.00	1448.00	1477.00	1388.00	1301.00	1255.00	1177.00	1113.00	1112.00	1095.00	1112.00	1166.00	1157.00	1036.00	992.00	968.00	955.00	970.00	993.00	1010.00	1030.00	994.00	902.00	883.00	868.00	857.00	847.00	900.00	925.00	905.00	877.00	859.00	880.00	976.00	1035.00	1075.00	1098.00	1073.00	1013.00	1044.00	1002.00	978.00	966.00	952.00	1013.00	1075.00	1085.00	1051.00	1025.00
1020.00	1037.00	1072.00	1047.00	1062.00	1125.00	1211.00	1175.00	1100.00	1019.00	1017.00	1043.00	986.00	914.00	870.00	893.00	975.00	1060.00	1095.00	1067.00	973.00	961.00	1008.00	1088.00	1138.00	1109.00	1069.00	1106.00	1107.00	1115.00	1048.00	1028.00	970.00	940.00	921.00	909.00	932.00	947.00	990.00	1055.00	1153.00	1348.00	1291.00	1184.00	1082.00	970.00	949.00	941.00	922.00	940.00	1012.00	1054.00	1128.00	1177.00	1256.00	1282.00	1339.00	1408.00	1493.00	1464.00	1403.00	1396.00	1287.00	1291.00	1368.00	1453.00	1419.00	1310.00	1122.00	1062.00	1042.00	1024.00	980.00	1044.00	1109.00	1123.00	1108.00	1082.00	1095.00	1121.00	1154.00	1162.00	1112.00	1072.00	1064.00	1075.00	1095.00	1065.00	1015.00	975.00	928.00	924.00	939.00	955.00	1002.00	1134.00	1217.00	1248.00	1163.00	1061.00	1163.00	1219.00	1169.00	1134.00	1061.00	966.00	894.00	855.00	808.00	796.00	787.00	787.00	793.00	820.00	842.00	858.00	863.00	938.00	940.00	877.00	926.00	946.00	929.00	869.00	861.00	951.00	995.00	1032.00	1110.00	1213.00	1314.00	1247.00	1157.00	1082.00	1016.00	891.00	907.00	936.00	985.00	1116.00	1204.00	1192.00	1094.00	1002.00	926.00	930.00	923.00	897.00	836.00	811.00	786.00	771.00	764.00	746.00	714.00	701.00	715.00	768.00	771.00	789.00	804.00	814.00	841.00	856.00	871.00	880.00	987.00	1008.00	1002.00	978.00	954.00	969.00	994.00	1025.00	1070.00	1160.00	1122.00	1142.00	1069.00	1044.00	1218.00	1291.00	1273.00	1316.00	1401.00	1346.00	1231.00	1133.00	978.00	1025.00	1028.00	947.00	944.00	1069.00	1134.00	1181.00	1212.00	1245.00	1276.00	1309.00	1307.00	1304.00	1188.00	1148.00	1216.00	1278.00	1288.00	1357.00	1448.00	1477.00	1388.00	1301.00	1255.00	1177.00	1113.00	1112.00	1095.00	1112.00	1166.00	1157.00	1036.00	992.00	968.00	955.00	970.00	993.00	1010.00	1030.00	994.00	902.00	883.00	868.00	857.00	847.00	900.00	925.00	905.00	877.00	859.00	880.00	976.00	1035.00	1075.00	1098.00	1073.00	1013.00	1044.00	1002.00	978.00	966.00	952.00	1013.00	1075.00	1085.00	1051.00	1025.00
962.00	1018.00	1009.00	958.00	978.00	1016.00	1030.00	1003.00	988.00	982.00	912.00	967.00	920.00	858.00	881.00	894.00	906.00	907.00	920.00	937.00	918.00	951.00	965.00	1045.00	1059.00	1050.00	1025.00	997.00	979.00	965.00	961.00	1003.00	945.00	917.00	920.00	937.00	977.00	1010.00	1045.00	1114.00	1198.00	1323.00	1211.00	1099.00	1018.00	1061.00	1048.00	986.00	942.00	944.00	1034.00	1083.00	1075.00	1094.00	1219.00	1311.00	1408.00	1522.00	1639.00	1654.00	1601.00	1491.00	1355.00	1378.00	1364.00	1311.00	1259.00	1234.00	1124.00	1080.00	1104.00	1076.00	1007.00	1016.00	1044.00	1039.00	1043.00	1087.00	1107.00	1148.00	1193.00	1176.00	1165.00	1105.00	1089.00	1058.00	999.00	986.00	967.00	952.00	939.00	955.00	980.00	1008.00	1126.00	1294.00	1406.00	1372.00	1263.00	1194.00	1278.00	1355.00	1303.00	1213.00	938.00	881.00	843.00	830.00	801.00	793.00	789.00	792.00	803.00	852.00	942.00	991.00	1053.00	1146.00	1083.00	973.00	984.00	1021.00	909.00	865.00	906.00	1086.00	1179.00	1135.00	1099.00	1153.00	1352.00	1298.00	1200.00	1112.00	1018.00	872.00	878.00	900.00	922.00	1008.00	1068.00	1127.00	1107.00	1099.00	1105.00	1062.00	957.00	928.00	835.00	822.00	812.00	803.00	794.00	722.00	704.00	721.00	767.00	837.00	826.00	817.00	825.00	844.00	813.00	836.00	860.00	877.00	885.00	897.00	906.00	922.00	955.00	1047.00	1108.00	1177.00	1265.00	1405.00	1367.00	1291.00	1258.00	1178.00	1130.00	1142.00	1226.00	1345.00	1427.00	1310.00	1202.00	1109.00	976.00	1116.00	1029.00	955.00	993.00	1170.00	1268.00	1370.00	1364.00	1301.00	1117.00	1143.00	1160.00	1119.00	1102.00	1122.00	1149.00	1161.00	1220.00	1381.00	1447.00	1447.00	1419.00	1283.00	1209.00	1191.00	1164.00	1154.00	1136.00	1204.00	1175.00	1109.00	986.00	1037.00	1100.00	1093.00	1101.00	1077.00	1031.00	998.00	980.00	921.00	889.00	869.00	857.00	851.00	920.00	960.00	964.00	950.00	899.00	878.00	877.00	900.00	941.00	1080.00	1115.00	1112.00	1103.00	1046.00	1048.00	1040.00	997.00	1087.00	1191.00	1186.00	1154.00	1138.00
926.00	929.00	890.00	916.00	911.00	906.00	905.00	889.00	871.00	846.00	825.00	835.00	829.00	836.00	872.00	904.00	914.00	918.00	920.00	924.00	984.00	1028.00	1046.00	1106.00	1139.00	1140.00	1142.00	1143.00	1055.00	988.00	962.00	946.00	928.00	934.00	943.00	965.00	1050.00	1144.00	1200.00	1165.00	1184.00	1248.00	1135.00	1049.00	1043.00	1159.00	1159.00	1074.00	1002.00	963.00	1005.00	1159.00	1172.00	1111.00	1211.00	1316.00	1412.00	1517.00	1571.00	1403.00	1437.00	1455.00	1384.00	1281.00	1250.00	1234.00	1244.00	1235.00	1142.00	1119.00	1083.00	1037.00	1033.00	1042.00	1056.00	1065.00	1083.00	1133.00	1168.00	1219.00	1300.00	1286.00	1211.00	1107.00	1080.00	1082.00	1040.00	1002.00	969.00	944.00	969.00	983.00	1012.00	1067.00	1257.00	1358.00	1334.00	1299.00	1311.00	1280.00	1316.00	1335.00	1235.00	1119.00	890.00	843.00	818.00	816.00	797.00	793.00	795.00	808.00	833.00	916.00	1066.00	1157.00	1227.00	1297.00	1169.00	1064.00	1045.00	1043.00	921.00	883.00	926.00	1067.00	1197.00	1296.00	1247.00	1137.00	1152.00	1187.00	1142.00	1055.00	976.00	862.00	867.00	894.00	910.00	953.00	1010.00	1105.00	1231.00	1250.00	1085.00	1004.00	886.00	811.00	788.00	780.00	778.00	779.00	767.00	718.00	743.00	790.00	818.00	906.00	921.00	918.00	919.00	933.00	894.00	866.00	890.00	918.00	937.00	950.00	959.00	1018.00	1084.00	1232.00	1316.00	1373.00	1354.00	1371.00	1395.00	1344.00	1347.00	1315.00	1260.00	1275.00	1296.00	1368.00	1453.00	1326.00	1209.00	1115.00	1009.00	1107.00	1010.00	986.00	1065.00	1249.00	1308.00	1280.00	1279.00	1250.00	1133.00	1079.00	1059.00	1066.00	1174.00	1172.00	1111.00	1112.00	1170.00	1287.00	1262.00	1276.00	1290.00	1148.00	1084.00	1089.00	1080.00	1076.00	1136.00	1144.00	1092.00	1054.00	1021.00	1041.00	1075.00	1104.00	1118.00	1086.00	1066.00	1076.00	1094.00	953.00	905.00	873.00	865.00	895.00	939.00	957.00	973.00	990.00	971.00	946.00	895.00	873.00	878.00	931.00	976.00	1034.00	1078.00	1097.00	1100.00	1072.00	1032.00	1126.00	1207.00	1221.00	1197.00	1145.00
926.00	929.00	890.00	916.00	911.00	906.00	905.00	889.00	871.00	846.00	825.00	835.00	829.00	836.00	872.00	904.00	914.00	918.00	920.00	924.00	984.00	1028.00	1046.00	1106.00	1139.00	1140.00	1142.00	1143.00	1055.00	988.00	962.00	946.00	928.00	934.00	943.00	965.00	1050.00	1144.00	1200.00	1165.00	1184.00	1248.00	1135.00	1049.00	1043.00	1159.00	1159.00	1074.00	1002.00	963.00	1005.00	1159.00	1172.00	1111.00	1211.00	1316.00	1412.00	1517.00	1571.00	1403.00	1437.00	1455.00	1384.00	1281.00	1250.00	1234.00	1244.00	1235.00	1142.00	1119.00	1083.00	1037.00	1033.00	1042.00	1056.00	1065.00	1083.00	1133.00	1168.00	1219.00	1300.00	1286.00	1211.00	1107.00	1080.00	1082.00	1040.00	1002.00	969.00	944.00	969.00	983.00	1012.00	1067.00	1257.00	1358.00	1334.00	1299.00	1311.00	1280.00	1316.00	1335.00	1235.00	1119.00	890.00	843.00	818.00	816.00	797.00	793.00	795.00	808.00	833.00	916.00	1066.00	1157.00	1227.00	1297.00	1169.00	1064.00	1045.00	1043.00	921.00	883.00	926.00	1067.00	1197.00	1296.00	1247.00	1137.00	1152.00	1187.00	1142.00	1055.00	976.00	862.00	867.00	894.00	910.00	953.00	1010.00	1105.00	1231.00	1250.00	1085.00	1004.00	886.00	811.00	788.00	780.00	778.00	779.00	767.00	718.00	743.00	790.00	818.00	906.00	921.00	918.00	919.00	933.00	894.00	866.00	890.00	918.00	937.00	950.00	959.00	1018.00	1084.00	1232.00	1316.00	1373.00	1354.00	1371.00	1395.00	1344.00	1347.00	1315.00	1260.00	1275.00	1296.00	1368.00	1453.00	1326.00	1209.00	1115.00	1009.00	1107.00	1010.00	986.00	1065.00	1249.00	1308.00	1280.00	1279.00	1250.00	1133.00	1079.00	1059.00	1066.00	1174.00	1172.00	1111.00	1112.00	1170.00	1287.00	1262.00	1276.00	1290.00	1148.00	1084.00	1089.00	1080.00	1076.00	1136.00	1144.00	1092.00	1054.00	1021.00	1041.00	1075.00	1104.00	1118.00	1086.00	1066.00	1076.00	1094.00	953.00	905.00	873.00	865.00	895.00	939.00	957.00	973.00	990.00	971.00	946.00	895.00	873.00	878.00	931.00	976.00	1034.00	1078.00	1097.00	1100.00	1072.00	1032.00	1126.00	1207.00	1221.00	1197.00	1145.00
841.00	813.00	835.00	844.00	827.00	834.00	831.00	816.00	799.00	837.00	847.00	857.00	867.00	878.00	936.00	968.00	963.00	959.00	949.00	955.00	1066.00	1071.00	1149.00	1327.00	1372.00	1356.00	1314.00	1152.00	1068.00	997.00	958.00	936.00	972.00	989.00	988.00	964.00	1106.00	1218.00	1321.00	1382.00	1390.00	1199.00	1095.00	1086.00	1155.00	1224.00	1256.00	1243.00	1153.00	1051.00	983.00	1150.00	1247.00	1251.00	1184.00	1233.00	1314.00	1439.00	1490.00	1282.00	1227.00	1236.00	1312.00	1369.00	1399.00	1401.00	1339.00	1237.00	1076.00	1041.00	1023.00	1013.00	1051.00	1077.00	1084.00	1089.00	1108.00	1144.00	1182.00	1231.00	1291.00	1271.00	1201.00	1107.00	1065.00	1031.00	997.00	982.00	966.00	966.00	995.00	1028.00	1072.00	1160.00	1297.00	1141.00	1102.00	1047.00	1041.00	1030.00	1069.00	1108.00	1069.00	995.00	844.00	816.00	807.00	803.00	800.00	802.00	814.00	842.00	886.00	976.00	1137.00	1248.00	1367.00	1265.00	1160.00	1087.00	1054.00	1023.00	926.00	897.00	949.00	1143.00	1272.00	1297.00	1191.00	1103.00	1019.00	996.00	975.00	951.00	924.00	869.00	849.00	875.00	893.00	936.00	979.00	1048.00	1138.00	1171.00	1030.00	963.00	816.00	763.00	734.00	727.00	725.00	723.00	723.00	748.00	773.00	794.00	811.00	884.00	898.00	910.00	927.00	941.00	942.00	926.00	919.00	941.00	1044.00	1100.00	1124.00	1205.00	1311.00	1282.00	1249.00	1261.00	1218.00	1191.00	1219.00	1153.00	1159.00	1175.00	1229.00	1300.00	1407.00	1524.00	1420.00	1298.00	1197.00	1108.00	1112.00	1050.00	997.00	1041.00	1143.00	1317.00	1322.00	1227.00	1147.00	1143.00	1134.00	1094.00	1046.00	1042.00	1132.00	1194.00	1170.00	1084.00	1073.00	1141.00	1189.00	1201.00	1141.00	1049.00	1025.00	1053.00	1099.00	1101.00	1112.00	1136.00	1158.00	1158.00	1109.00	1110.00	1128.00	1152.00	1204.00	1206.00	1159.00	1111.00	1091.00	936.00	874.00	867.00	910.00	933.00	964.00	975.00	987.00	999.00	1047.00	1044.00	971.00	932.00	900.00	884.00	891.00	909.00	936.00	1006.00	1021.00	1032.00	1064.00	1182.00	1268.00	1244.00	1220.00	1148.00
841.00	813.00	835.00	844.00	827.00	834.00	831.00	816.00	799.00	837.00	847.00	857.00	867.00	878.00	936.00	968.00	963.00	959.00	949.00	955.00	1066.00	1071.00	1149.00	1327.00	1372.00	1356.00	1314.00	1152.00	1068.00	997.00	958.00	936.00	972.00	989.00	988.00	964.00	1106.00	1218.00	1321.00	1382.00	1390.00	1199.00	1095.00	1086.00	1155.00	1224.00	1256.00	1243.00	1153.00	1051.00	983.00	1150.00	1247.00	1251.00	1184.00	1233.00	1314.00	1439.00	1490.00	1282.00	1227.00	1236.00	1312.00	1369.00	1399.00	1401.00	1339.00	1237.00	1076.00	1041.00	1023.00	1013.00	1051.00	1077.00	1084.00	1089.00	1108.00	1144.00	1182.00	1231.00	1291.00	1271.00	1201.00	1107.00	1065.00	1031.00	997.00	982.00	966.00	966.00	995.00	1028.00	1072.00	1160.00	1297.00	1141.00	1102.00	1047.00	1041.00	1030.00	1069.00	1108.00	1069.00	995.00	844.00	816.00	807.00	803.00	800.00	802.00	814.00	842.00	886.00	976.00	1137.00	1248.00	1367.00	1265.00	1160.00	1087.00	1054.00	1023.00	926.00	897.00	949.00	1143.00	1272.00	1297.00	1191.00	1103.00	1019.00	996.00	975.00	951.00	924.00	869.00	849.00	875.00	893.00	936.00	979.00	1048.00	1138.00	1171.00	1030.00	963.00	816.00	763.00	734.00	727.00	725.00	723.00	723.00	748.00	773.00	794.00	811.00	884.00	898.00	910.00	927.00	941.00	942.00	926.00	919.00	941.00	1044.00	1100.00	1124.00	1205.00	1311.00	1282.00	1249.00	1261.00	1218.00	1191.00	1219.00	1153.00	1159.00	1175.00	1229.00	1300.00	1407.00	1524.00	1420.00	1298.00	1197.00	1108.00	1112.00	1050.00	997.00	1041.00	1143.00	1317.00	1322.00	1227.00	1147.00	1143.00	1134.00	1094.00	1046.00	1042.00	1132.00	1194.00	1170.00	1084.00	1073.00	1141.00	1189.00	1201.00	1141.00	1049.00	1025.00	1053.00	1099.00	1101.00	1112.00	1136.00	1158.00	1158.00	1109.00	1110.00	1128.00	1152.00	1204.00	1206.00	1159.00	1111.00	1091.00	936.00	874.00	867.00	910.00	933.00	964.00	975.00	987.00	999.00	1047.00	1044.00	971.00	932.00	900.00	884.00	891.00	909.00	936.00	1006.00	1021.00	1032.00	1064.00	1182.00	1268.00	1244.00	1220.00	1148.00
770.00	762.00	768.00	772.00	771.00	783.00	782.00	780.00	800.00	816.00	822.00	823.00	825.00	828.00	880.00	883.00	870.00	879.00	880.00	888.00	936.00	964.00	1021.00	1185.00	1262.00	1236.00	1159.00	1059.00	1011.00	969.00	939.00	954.00	1014.00	1035.00	1029.00	992.00	1075.00	1183.00	1271.00	1355.00	1460.00	1318.00	1194.00	1126.00	1170.00	1276.00	1318.00	1361.00	1276.00	1155.00	1002.00	1108.00	1229.00	1356.00	1379.00	1384.00	1412.00	1434.00	1419.00	1230.00	1207.00	1232.00	1166.00	1127.00	1163.00	1193.00	1166.00	1119.00	1043.00	1026.00	1027.00	1056.00	1136.00	1115.00	1122.00	1125.00	1125.00	1104.00	1144.00	1174.00	1137.00	1122.00	1144.00	1113.00	1076.00	1045.00	1011.00	992.00	1007.00	1027.00	1018.00	1052.00	1117.00	1230.00	1198.00	1174.00	1110.00	1096.00	1167.00	1015.00	992.00	931.00	896.00	868.00	809.00	807.00	807.00	809.00	821.00	831.00	848.00	912.00	974.00	1006.00	1189.00	1298.00	1418.00	1303.00	1216.00	1174.00	1112.00	1051.00	921.00	912.00	984.00	1127.00	1165.00	1135.00	1092.00	1056.00	993.00	952.00	939.00	919.00	906.00	860.00	831.00	839.00	863.00	913.00	931.00	950.00	960.00	966.00	926.00	842.00	742.00	723.00	722.00	732.00	741.00	753.00	764.00	790.00	797.00	809.00	830.00	883.00	899.00	917.00	931.00	944.00	998.00	1016.00	1033.00	1089.00	1261.00	1316.00	1359.00	1384.00	1416.00	1241.00	1158.00	1103.00	1095.00	1071.00	1076.00	1156.00	1150.00	1201.00	1358.00	1412.00	1505.00	1552.00	1371.00	1268.00	1185.00	1121.00	1161.00	1028.00	1045.00	1091.00	1126.00	1232.00	1298.00	1286.00	1269.00	1254.00	1130.00	1107.00	1084.00	1077.00	1031.00	1068.00	1107.00	1061.00	1040.00	1119.00	1178.00	1096.00	1094.00	1005.00	1062.00	1120.00	1106.00	1040.00	1149.00	1202.00	1252.00	1262.00	1092.00	1103.00	1176.00	1265.00	1250.00	1239.00	1208.00	1117.00	1035.00	904.00	870.00	865.00	906.00	968.00	960.00	952.00	959.00	973.00	1019.00	1065.00	1121.00	1074.00	1019.00	935.00	916.00	912.00	903.00	904.00	914.00	934.00	969.00	1069.00	1199.00	1248.00	1236.00	1173.00
770.00	762.00	768.00	772.00	771.00	783.00	782.00	780.00	800.00	816.00	822.00	823.00	825.00	828.00	880.00	883.00	870.00	879.00	880.00	888.00	936.00	964.00	1021.00	1185.00	1262.00	1236.00	1159.00	1059.00	1011.00	969.00	939.00	954.00	1014.00	1035.00	1029.00	992.00	1075.00	1183.00	1271.00	1355.00	1460.00	1318.00	1194.00	1126.00	1170.00	1276.00	1318.00	1361.00	1276.00	1155.00	1002.00	1108.00	1229.00	1356.00	1379.00	1384.00	1412.00	1434.00	1419.00	1230.00	1207.00	1232.00	1166.00	1127.00	1163.00	1193.00	1166.00	1119.00	1043.00	1026.00	1027.00	1056.00	1136.00	1115.00	1122.00	1125.00	1125.00	1104.00	1144.00	1174.00	1137.00	1122.00	1144.00	1113.00	1076.00	1045.00	1011.00	992.00	1007.00	1027.00	1018.00	1052.00	1117.00	1230.00	1198.00	1174.00	1110.00	1096.00	1167.00	1015.00	992.00	931.00	896.00	868.00	809.00	807.00	807.00	809.00	821.00	831.00	848.00	912.00	974.00	1006.00	1189.00	1298.00	1418.00	1303.00	1216.00	1174.00	1112.00	1051.00	921.00	912.00	984.00	1127.00	1165.00	1135.00	1092.00	1056.00	993.00	952.00	939.00	919.00	906.00	860.00	831.00	839.00	863.00	913.00	931.00	950.00	960.00	966.00	926.00	842.00	742.00	723.00	722.00	732.00	741.00	753.00	764.00	790.00	797.00	809.00	830.00	883.00	899.00	917.00	931.00	944.00	998.00	1016.00	1033.00	1089.00	1261.00	1316.00	1359.00	1384.00	1416.00	1241.00	1158.00	1103.00	1095.00	1071.00	1076.00	1156.00	1150.00	1201.00	1358.00	1412.00	1505.00	1552.00	1371.00	1268.00	1185.00	1121.00	1161.00	1028.00	1045.00	1091.00	1126.00	1232.00	1298.00	1286.00	1269.00	1254.00	1130.00	1107.00	1084.00	1077.00	1031.00	1068.00	1107.00	1061.00	1040.00	1119.00	1178.00	1096.00	1094.00	1005.00	1062.00	1120.00	1106.00	1040.00	1149.00	1202.00	1252.00	1262.00	1092.00	1103.00	1176.00	1265.00	1250.00	1239.00	1208.00	1117.00	1035.00	904.00	870.00	865.00	906.00	968.00	960.00	952.00	959.00	973.00	1019.00	1065.00	1121.00	1074.00	1019.00	935.00	916.00	912.00	903.00	904.00	914.00	934.00	969.00	1069.00	1199.00	1248.00	1236.00	1173.00
846.00	862.00	873.00	874.00	871.00	871.00	848.00	813.00	819.00	844.00	852.00	865.00	877.00	876.00	912.00	900.00	870.00	878.00	916.00	936.00	904.00	914.00	950.00	994.00	1029.00	1065.00	1034.00	978.00	958.00	943.00	946.00	964.00	1027.00	1051.00	1057.00	1013.00	1059.00	1097.00	1166.00	1244.00	1321.00	1388.00	1310.00	1256.00	1211.00	1301.00	1392.00	1381.00	1272.00	1173.00	1036.00	1108.00	1204.00	1321.00	1571.00	1598.00	1525.00	1420.00	1316.00	1168.00	1117.00	1085.00	1094.00	1047.00	1031.00	1053.00	1071.00	1066.00	1053.00	1072.00	1100.00	1100.00	1103.00	1109.00	1124.00	1096.00	1083.00	1044.00	1083.00	1093.00	1054.00	1041.00	1064.00	1124.00	1109.00	1096.00	1030.00	1038.00	1079.00	1134.00	1072.00	1107.00	1189.00	1288.00	1264.00	1340.00	1279.00	1287.00	1316.00	1129.00	1023.00	937.00	878.00	834.00	817.00	817.00	819.00	819.00	836.00	876.00	914.00	942.00	961.00	958.00	1155.00	1280.00	1400.00	1315.00	1254.00	1181.00	1110.00	1048.00	935.00	932.00	1023.00	1255.00	1309.00	1214.00	1137.00	1062.00	964.00	942.00	909.00	895.00	909.00	863.00	835.00	820.00	822.00	861.00	873.00	881.00	874.00	860.00	815.00	778.00	725.00	720.00	740.00	758.00	775.00	767.00	778.00	827.00	845.00	846.00	849.00	899.00	925.00	946.00	972.00	1010.00	1161.00	1225.00	1230.00	1304.00	1288.00	1237.00	1207.00	1211.00	1258.00	1263.00	1193.00	1117.00	1046.00	1097.00	1132.00	1158.00	1182.00	1262.00	1425.00	1560.00	1602.00	1493.00	1289.00	1218.00	1175.00	1160.00	1117.00	1104.00	1185.00	1160.00	1103.00	1150.00	1188.00	1268.00	1356.00	1334.00	1185.00	1174.00	1215.00	1181.00	1116.00	1030.00	1008.00	1021.00	1030.00	1066.00	1076.00	1087.00	1033.00	1006.00	1070.00	1068.00	1001.00	1001.00	1129.00	1197.00	1268.00	1275.00	1038.00	1039.00	1149.00	1231.00	1144.00	1183.00	1231.00	1143.00	1049.00	891.00	871.00	867.00	901.00	966.00	1027.00	1027.00	995.00	975.00	980.00	1002.00	1104.00	1182.00	1175.00	1028.00	972.00	967.00	948.00	921.00	914.00	910.00	914.00	931.00	975.00	1014.00	1051.00	1077.00
846.00	862.00	873.00	874.00	871.00	871.00	848.00	813.00	819.00	844.00	852.00	865.00	877.00	876.00	912.00	900.00	870.00	878.00	916.00	936.00	904.00	914.00	950.00	994.00	1029.00	1065.00	1034.00	978.00	958.00	943.00	946.00	964.00	1027.00	1051.00	1057.00	1013.00	1059.00	1097.00	1166.00	1244.00	1321.00	1388.00	1310.00	1256.00	1211.00	1301.00	1392.00	1381.00	1272.00	1173.00	1036.00	1108.00	1204.00	1321.00	1571.00	1598.00	1525.00	1420.00	1316.00	1168.00	1117.00	1085.00	1094.00	1047.00	1031.00	1053.00	1071.00	1066.00	1053.00	1072.00	1100.00	1100.00	1103.00	1109.00	1124.00	1096.00	1083.00	1044.00	1083.00	1093.00	1054.00	1041.00	1064.00	1124.00	1109.00	1096.00	1030.00	1038.00	1079.00	1134.00	1072.00	1107.00	1189.00	1288.00	1264.00	1340.00	1279.00	1287.00	1316.00	1129.00	1023.00	937.00	878.00	834.00	817.00	817.00	819.00	819.00	836.00	876.00	914.00	942.00	961.00	958.00	1155.00	1280.00	1400.00	1315.00	1254.00	1181.00	1110.00	1048.00	935.00	932.00	1023.00	1255.00	1309.00	1214.00	1137.00	1062.00	964.00	942.00	909.00	895.00	909.00	863.00	835.00	820.00	822.00	861.00	873.00	881.00	874.00	860.00	815.00	778.00	725.00	720.00	740.00	758.00	775.00	767.00	778.00	827.00	845.00	846.00	849.00	899.00	925.00	946.00	972.00	1010.00	1161.00	1225.00	1230.00	1304.00	1288.00	1237.00	1207.00	1211.00	1258.00	1263.00	1193.00	1117.00	1046.00	1097.00	1132.00	1158.00	1182.00	1262.00	1425.00	1560.00	1602.00	1493.00	1289.00	1218.00	1175.00	1160.00	1117.00	1104.00	1185.00	1160.00	1103.00	1150.00	1188.00	1268.00	1356.00	1334.00	1185.00	1174.00	1215.00	1181.00	1116.00	1030.00	1008.00	1021.00	1030.00	1066.00	1076.00	1087.00	1033.00	1006.00	1070.00	1068.00	1001.00	1001.00	1129.00	1197.00	1268.00	1275.00	1038.00	1039.00	1149.00	1231.00	1144.00	1183.00	1231.00	1143.00	1049.00	891.00	871.00	867.00	901.00	966.00	1027.00	1027.00	995.00	975.00	980.00	1002.00	1104.00	1182.00	1175.00	1028.00	972.00	967.00	948.00	921.00	914.00	910.00	914.00	931.00	975.00	1014.00	1051.00	1077.00
1002.00	961.00	967.00	1019.00	1058.00	971.00	890.00	862.00	872.00	913.00	924.00	914.00	895.00	930.00	985.00	967.00	958.00	964.00	905.00	943.00	932.00	952.00	971.00	970.00	963.00	964.00	958.00	951.00	948.00	952.00	958.00	971.00	1030.00	1064.00	1101.00	1106.00	1039.00	1042.00	1075.00	1118.00	1181.00	1420.00	1499.00	1479.00	1399.00	1339.00	1407.00	1321.00	1222.00	1132.00	1052.00	1183.00	1278.00	1392.00	1554.00	1452.00	1348.00	1279.00	1215.00	1125.00	1078.00	1052.00	1024.00	1001.00	1011.00	1021.00	1047.00	1073.00	1129.00	1090.00	1065.00	1046.00	1051.00	1064.00	1054.00	1044.00	1023.00	1016.00	1016.00	1050.00	1007.00	982.00	1004.00	1055.00	1032.00	1053.00	1065.00	1062.00	1079.00	1111.00	1078.00	1075.00	1119.00	1173.00	1343.00	1253.00	1252.00	1223.00	1145.00	983.00	916.00	851.00	822.00	820.00	828.00	829.00	831.00	834.00	885.00	961.00	1061.00	1150.00	1184.00	1022.00	1127.00	1251.00	1328.00	1205.00	1168.00	1175.00	1155.00	1093.00	948.00	949.00	1035.00	1255.00	1321.00	1209.00	1112.00	1036.00	957.00	938.00	903.00	873.00	868.00	878.00	849.00	838.00	833.00	805.00	808.00	815.00	814.00	806.00	775.00	757.00	736.00	729.00	755.00	783.00	803.00	812.00	799.00	820.00	831.00	841.00	850.00	888.00	907.00	932.00	981.00	1078.00	1249.00	1348.00	1436.00	1435.00	1233.00	1207.00	1124.00	1066.00	1099.00	1148.00	1061.00	1005.00	1037.00	1076.00	1103.00	1208.00	1216.00	1272.00	1481.00	1593.00	1530.00	1425.00	1254.00	1217.00	1239.00	1177.00	1098.00	1120.00	1193.00	1178.00	1107.00	1080.00	1092.00	1128.00	1197.00	1202.00	1058.00	1075.00	1076.00	1044.00	1047.00	1024.00	985.00	1010.00	1018.00	984.00	970.00	964.00	958.00	958.00	959.00	956.00	947.00	976.00	1013.00	1050.00	1070.00	1069.00	973.00	959.00	1038.00	1096.00	1067.00	1034.00	1118.00	1119.00	1060.00	892.00	884.00	893.00	931.00	978.00	1033.00	1066.00	1058.00	1034.00	1009.00	1024.00	1080.00	1091.00	1100.00	1072.00	1063.00	1105.00	1059.00	990.00	974.00	955.00	936.00	922.00	920.00	921.00	921.00	923.00
1224.00	1149.00	1113.00	1167.00	1223.00	1036.00	961.00	931.00	919.00	980.00	1008.00	980.00	977.00	1033.00	1108.00	1052.00	1055.00	1002.00	1009.00	1010.00	960.00	955.00	985.00	980.00	961.00	956.00	954.00	964.00	965.00	963.00	966.00	980.00	1058.00	1101.00	1125.00	1173.00	1230.00	1196.00	1150.00	1103.00	1088.00	1284.00	1387.00	1500.00	1573.00	1448.00	1396.00	1288.00	1180.00	1128.00	1109.00	1207.00	1302.00	1408.00	1449.00	1323.00	1223.00	1167.00	1145.00	1151.00	1175.00	1170.00	1100.00	1031.00	1013.00	982.00	977.00	1014.00	1070.00	1105.00	1121.00	1101.00	1054.00	1088.00	1053.00	1002.00	996.00	969.00	1005.00	1021.00	979.00	949.00	968.00	967.00	985.00	1036.00	1025.00	979.00	996.00	1036.00	998.00	1003.00	1054.00	1130.00	1196.00	1056.00	1008.00	989.00	942.00	867.00	839.00	824.00	825.00	831.00	838.00	844.00	852.00	863.00	948.00	1032.00	1123.00	1220.00	1312.00	1161.00	1166.00	1251.00	1373.00	1386.00	1363.00	1341.00	1293.00	1203.00	973.00	952.00	1029.00	1244.00	1161.00	1090.00	1030.00	993.00	945.00	955.00	948.00	920.00	887.00	852.00	847.00	856.00	867.00	846.00	817.00	802.00	793.00	786.00	774.00	767.00	739.00	726.00	723.00	743.00	770.00	798.00	824.00	872.00	877.00	875.00	884.00	916.00	912.00	915.00	950.00	1023.00	1145.00	1223.00	1341.00	1419.00	1170.00	1108.00	1070.00	1040.00	1016.00	999.00	987.00	1040.00	1135.00	1187.00	1174.00	1140.00	1194.00	1266.00	1440.00	1540.00	1460.00	1351.00	1195.00	1193.00	1201.00	1144.00	1173.00	1101.00	1084.00	1075.00	1054.00	1068.00	1077.00	1046.00	1035.00	1032.00	1021.00	1009.00	1007.00	1018.00	1033.00	1035.00	1023.00	1011.00	1009.00	1069.00	1057.00	1015.00	987.00	992.00	983.00	980.00	989.00	966.00	953.00	940.00	926.00	925.00	931.00	924.00	918.00	920.00	922.00	916.00	923.00	914.00	912.00	915.00	893.00	910.00	954.00	1016.00	1087.00	1115.00	1129.00	1115.00	1057.00	1074.00	1228.00	1215.00	1152.00	1230.00	1249.00	1271.00	1203.00	1115.00	1077.00	1018.00	977.00	972.00	952.00	953.00	949.00	939.00
1224.00	1149.00	1113.00	1167.00	1223.00	1036.00	961.00	931.00	919.00	980.00	1008.00	980.00	977.00	1033.00	1108.00	1052.00	1055.00	1002.00	1009.00	1010.00	960.00	955.00	985.00	980.00	961.00	956.00	954.00	964.00	965.00	963.00	966.00	980.00	1058.00	1101.00	1125.00	1173.00	1230.00	1196.00	1150.00	1103.00	1088.00	1284.00	1387.00	1500.00	1573.00	1448.00	1396.00	1288.00	1180.00	1128.00	1109.00	1207.00	1302.00	1408.00	1449.00	1323.00	1223.00	1167.00	1145.00	1151.00	1175.00	1170.00	1100.00	1031.00	1013.00	982.00	977.00	1014.00	1070.00	1105.00	1121.00	1101.00	1054.00	1088.00	1053.00	1002.00	996.00	969.00	1005.00	1021.00	979.00	949.00	968.00	967.00	985.00	1036.00	1025.00	979.00	996.00	1036.00	998.00	1003.00	1054.00	1130.00	1196.00	1056.00	1008.00	989.00	942.00	867.00	839.00	824.00	825.00	831.00	838.00	844.00	852.00	863.00	948.00	1032.00	1123.00	1220.00	1312.00	1161.00	1166.00	1251.00	1373.00	1386.00	1363.00	1341.00	1293.00	1203.00	973.00	952.00	1029.00	1244.00	1161.00	1090.00	1030.00	993.00	945.00	955.00	948.00	920.00	887.00	852.00	847.00	856.00	867.00	846.00	817.00	802.00	793.00	786.00	774.00	767.00	739.00	726.00	723.00	743.00	770.00	798.00	824.00	872.00	877.00	875.00	884.00	916.00	912.00	915.00	950.00	1023.00	1145.00	1223.00	1341.00	1419.00	1170.00	1108.00	1070.00	1040.00	1016.00	999.00	987.00	1040.00	1135.00	1187.00	1174.00	1140.00	1194.00	1266.00	1440.00	1540.00	1460.00	1351.00	1195.00	1193.00	1201.00	1144.00	1173.00	1101.00	1084.00	1075.00	1054.00	1068.00	1077.00	1046.00	1035.00	1032.00	1021.00	1009.00	1007.00	1018.00	1033.00	1035.00	1023.00	1011.00	1009.00	1069.00	1057.00	1015.00	987.00	992.00	983.00	980.00	989.00	966.00	953.00	940.00	926.00	925.00	931.00	924.00	918.00	920.00	922.00	916.00	923.00	914.00	912.00	915.00	893.00	910.00	954.00	1016.00	1087.00	1115.00	1129.00	1115.00	1057.00	1074.00	1228.00	1215.00	1152.00	1230.00	1249.00	1271.00	1203.00	1115.00	1077.00	1018.00	977.00	972.00	952.00	953.00	949.00	939.00
1224.00	1149.00	1113.00	1167.00	1223.00	1036.00	961.00	931.00	919.00	980.00	1008.00	980.00	977.00	1033.00	1108.00	1052.00	1055.00	1002.00	1009.00	1010.00	960.00	955.00	985.00	980.00	961.00	956.00	954.00	964.00	965.00	963.00	966.00	980.00	1058.00	1101.00	1125.00	1173.00	1230.00	1196.00	1150.00	1103.00	1088.00	1284.00	1387.00	1500.00	1573.00	1448.00	1396.00	1288.00	1180.00	1128.00	1109.00	1207.00	1302.00	1408.00	1449.00	1323.00	1223.00	1167.00	1145.00	1151.00	1175.00	1170.00	1100.00	1031.00	1013.00	982.00	977.00	1014.00	1070.00	1105.00	1121.00	1101.00	1054.00	1088.00	1053.00	1002.00	996.00	969.00	1005.00	1021.00	979.00	949.00	968.00	967.00	985.00	1036.00	1025.00	979.00	996.00	1036.00	998.00	1003.00	1054.00	1130.00	1196.00	1056.00	1008.00	989.00	942.00	867.00	839.00	824.00	825.00	831.00	838.00	844.00	852.00	863.00	948.00	1032.00	1123.00	1220.00	1312.00	1161.00	1166.00	1251.00	1373.00	1386.00	1363.00	1341.00	1293.00	1203.00	973.00	952.00	1029.00	1244.00	1161.00	1090.00	1030.00	993.00	945.00	955.00	948.00	920.00	887.00	852.00	847.00	856.00	867.00	846.00	817.00	802.00	793.00	786.00	774.00	767.00	739.00	726.00	723.00	743.00	770.00	798.00	824.00	872.00	877.00	875.00	884.00	916.00	912.00	915.00	950.00	1023.00	1145.00	1223.00	1341.00	1419.00	1170.00	1108.00	1070.00	1040.00	1016.00	999.00	987.00	1040.00	1135.00	1187.00	1174.00	1140.00	1194.00	1266.00	1440.00	1540.00	1460.00	1351.00	1195.00	1193.00	1201.00	1144.00	1173.00	1101.00	1084.00	1075.00	1054.00	1068.00	1077.00	1046.00	1035.00	1032.00	1021.00	1009.00	1007.00	1018.00	1033.00	1035.00	1023.00	1011.00	1009.00	1069.00	1057.00	1015.00	987.00	992.00	983.00	980.00	989.00	966.00	953.00	940.00	926.00	925.00	931.00	924.00	918.00	920.00	922.00	916.00	923.00	914.00	912.00	915.00	893.00	910.00	954.00	1016.00	1087.00	1115.00	1129.00	1115.00	1057.00	1074.00	1228.00	1215.00	1152.00	1230.00	1249.00	1271.00	1203.00	1115.00	1077.00	1018.00	977.00	972.00	952.00	953.00	949.00	939.00
1330.00	1285.00	1283.00	1318.00	1281.00	1078.00	996.00	956.00	918.00	934.00	924.00	944.00	1027.00	1115.00	1186.00	1098.00	1092.00	1093.00	1141.00	1146.00	1043.00	984.00	993.00	1064.00	1054.00	1050.00	1027.00	1012.00	983.00	975.00	978.00	1004.00	1058.00	1116.00	1175.00	1219.00	1350.00	1432.00	1418.00	1323.00	1224.00	1199.00	1303.00	1405.00	1507.00	1353.00	1274.00	1216.00	1183.00	1189.00	1313.00	1424.00	1443.00	1511.00	1424.00	1316.00	1242.00	1244.00	1317.00	1392.00	1438.00	1378.00	1168.00	1063.00	1033.00	993.00	976.00	969.00	1002.00	1010.00	1019.00	1013.00	1005.00	1051.00	1045.00	1007.00	969.00	944.00	970.00	1000.00	994.00	958.00	930.00	947.00	988.00	1007.00	987.00	953.00	939.00	993.00	948.00	956.00	994.00	996.00	962.00	924.00	889.00	871.00	853.00	831.00	832.00	840.00	846.00	847.00	853.00	859.00	875.00	877.00	990.00	1092.00	1193.00	1283.00	1329.00	1183.00	1159.00	1259.00	1377.00	1368.00	1283.00	1220.00	1176.00	1134.00	988.00	972.00	1018.00	1189.00	1106.00	1060.00	1006.00	954.00	911.00	899.00	895.00	888.00	891.00	841.00	825.00	839.00	846.00	821.00	798.00	785.00	783.00	785.00	797.00	802.00	766.00	736.00	705.00	703.00	711.00	733.00	790.00	1003.00	987.00	930.00	913.00	905.00	940.00	987.00	1058.00	1057.00	1099.00	1231.00	1348.00	1388.00	1202.00	1122.00	1063.00	1033.00	1003.00	966.00	1045.00	1141.00	1226.00	1252.00	1300.00	1296.00	1270.00	1318.00	1520.00	1510.00	1390.00	1290.00	1157.00	1178.00	1145.00	1120.00	1138.00	1125.00	1095.00	1074.00	1071.00	1050.00	1099.00	1102.00	1073.00	1113.00	1119.00	1048.00	1022.00	1050.00	1102.00	1163.00	1212.00	1225.00	1205.00	1185.00	1107.00	1015.00	1037.00	1036.00	1018.00	1084.00	1082.00	1043.00	942.00	937.00	941.00	963.00	1012.00	981.00	948.00	978.00	953.00	962.00	1019.00	1034.00	1030.00	935.00	886.00	901.00	922.00	963.00	1043.00	1064.00	1061.00	1055.00	1060.00	1078.00	1230.00	1323.00	1342.00	1374.00	1309.00	1238.00	1178.00	1089.00	1051.00	1029.00	1080.00	1083.00	1025.00	999.00	992.00	976.00
1091.00	1118.00	1199.00	1208.00	1119.00	969.00	942.00	934.00	929.00	904.00	866.00	919.00	1012.00	1115.00	1176.00	1075.00	1073.00	1162.00	1287.00	1348.00	1164.00	1082.00	1054.00	1184.00	1272.00	1320.00	1267.00	1104.00	1028.00	993.00	996.00	1008.00	1041.00	1068.00	1093.00	1138.00	1300.00	1398.00	1481.00	1437.00	1336.00	1285.00	1338.00	1416.00	1439.00	1378.00	1340.00	1310.00	1318.00	1362.00	1447.00	1455.00	1502.00	1579.00	1489.00	1446.00	1415.00	1419.00	1425.00	1450.00	1400.00	1310.00	1207.00	1107.00	1047.00	1017.00	1059.00	1054.00	988.00	999.00	1002.00	987.00	931.00	933.00	961.00	976.00	1010.00	960.00	946.00	935.00	922.00	924.00	921.00	910.00	915.00	913.00	923.00	920.00	904.00	925.00	923.00	904.00	900.00	912.00	889.00	857.00	844.00	838.00	838.00	845.00	858.00	872.00	869.00	867.00	871.00	871.00	892.00	916.00	937.00	986.00	1058.00	1117.00	1097.00	1043.00	1123.00	1224.00	1334.00	1435.00	1350.00	1342.00	1287.00	1185.00	984.00	1008.00	1098.00	1339.00	1250.00	1140.00	1052.00	991.00	925.00	895.00	868.00	857.00	857.00	819.00	814.00	817.00	816.00	792.00	822.00	891.00	948.00	953.00	1003.00	1013.00	888.00	811.00	730.00	718.00	715.00	724.00	749.00	884.00	871.00	849.00	853.00	860.00	931.00	1037.00	1167.00	1264.00	1269.00	1324.00	1344.00	1296.00	1063.00	1015.00	988.00	964.00	944.00	1018.00	1087.00	1137.00	1138.00	1109.00	1150.00	1183.00	1188.00	1256.00	1477.00	1443.00	1329.00	1213.00	1099.00	1180.00	1119.00	1096.00	1181.00	1185.00	1129.00	1188.00	1154.00	1085.00	1154.00	1160.00	1187.00	1254.00	1093.00	1044.00	1057.00	1062.00	1207.00	1224.00	1248.00	1304.00	1234.00	1073.00	1109.00	1097.00	1123.00	1140.00	1072.00	1052.00	993.00	957.00	957.00	994.00	1062.00	1097.00	1075.00	1001.00	996.00	1081.00	1025.00	1081.00	1099.00	1185.00	1235.00	962.00	893.00	905.00	971.00	979.00	950.00	950.00	987.00	1049.00	1079.00	1088.00	1130.00	1208.00	1299.00	1324.00	1248.00	1207.00	1162.00	1165.00	1149.00	1099.00	1092.00	1199.00	1081.00	1056.00	1125.00	1149.00
1091.00	1118.00	1199.00	1208.00	1119.00	969.00	942.00	934.00	929.00	904.00	866.00	919.00	1012.00	1115.00	1176.00	1075.00	1073.00	1162.00	1287.00	1348.00	1164.00	1082.00	1054.00	1184.00	1272.00	1320.00	1267.00	1104.00	1028.00	993.00	996.00	1008.00	1041.00	1068.00	1093.00	1138.00	1300.00	1398.00	1481.00	1437.00	1336.00	1285.00	1338.00	1416.00	1439.00	1378.00	1340.00	1310.00	1318.00	1362.00	1447.00	1455.00	1502.00	1579.00	1489.00	1446.00	1415.00	1419.00	1425.00	1450.00	1400.00	1310.00	1207.00	1107.00	1047.00	1017.00	1059.00	1054.00	988.00	999.00	1002.00	987.00	931.00	933.00	961.00	976.00	1010.00	960.00	946.00	935.00	922.00	924.00	921.00	910.00	915.00	913.00	923.00	920.00	904.00	925.00	923.00	904.00	900.00	912.00	889.00	857.00	844.00	838.00	838.00	845.00	858.00	872.00	869.00	867.00	871.00	871.00	892.00	916.00	937.00	986.00	1058.00	1117.00	1097.00	1043.00	1123.00	1224.00	1334.00	1435.00	1350.00	1342.00	1287.00	1185.00	984.00	1008.00	1098.00	1339.00	1250.00	1140.00	1052.00	991.00	925.00	895.00	868.00	857.00	857.00	819.00	814.00	817.00	816.00	792.00	822.00	891.00	948.00	953.00	1003.00	1013.00	888.00	811.00	730.00	718.00	715.00	724.00	749.00	884.00	871.00	849.00	853.00	860.00	931.00	1037.00	1167.00	1264.00	1269.00	1324.00	1344.00	1296.00	1063.00	1015.00	988.00	964.00	944.00	1018.00	1087.00	1137.00	1138.00	1109.00	1150.00	1183.00	1188.00	1256.00	1477.00	1443.00	1329.00	1213.00	1099.00	1180.00	1119.00	1096.00	1181.00	1185.00	1129.00	1188.00	1154.00	1085.00	1154.00	1160.00	1187.00	1254.00	1093.00	1044.00	1057.00	1062.00	1207.00	1224.00	1248.00	1304.00	1234.00	1073.00	1109.00	1097.00	1123.00	1140.00	1072.00	1052.00	993.00	957.00	957.00	994.00	1062.00	1097.00	1075.00	1001.00	996.00	1081.00	1025.00	1081.00	1099.00	1185.00	1235.00	962.00	893.00	905.00	971.00	979.00	950.00	950.00	987.00	1049.00	1079.00	1088.00	1130.00	1208.00	1299.00	1324.00	1248.00	1207.00	1162.00	1165.00	1149.00	1099.00	1092.00	1199.00	1081.00	1056.00	1125.00	1149.00
1030.00	1116.00	1105.00	1028.00	968.00	899.00	860.00	856.00	835.00	836.00	858.00	917.00	1002.00	1091.00	1098.00	999.00	1036.00	1144.00	1350.00	1453.00	1321.00	1243.00	1157.00	1170.00	1274.00	1392.00	1382.00	1187.00	1101.00	1034.00	1015.00	1045.00	1064.00	1097.00	1102.00	1077.00	1145.00	1218.00	1274.00	1315.00	1368.00	1520.00	1567.00	1564.00	1456.00	1287.00	1218.00	1204.00	1221.00	1260.00	1241.00	1292.00	1382.00	1469.00	1369.00	1281.00	1246.00	1229.00	1208.00	1179.00	1160.00	1132.00	1197.00	1118.00	1052.00	1039.00	1065.00	1088.00	1116.00	1133.00	1117.00	1085.00	944.00	917.00	906.00	920.00	929.00	918.00	900.00	892.00	886.00	881.00	884.00	875.00	874.00	873.00	867.00	867.00	867.00	868.00	859.00	858.00	861.00	858.00	850.00	851.00	855.00	848.00	851.00	864.00	877.00	894.00	900.00	909.00	883.00	881.00	934.00	1018.00	1051.00	1008.00	967.00	966.00	969.00	1014.00	1153.00	1248.00	1358.00	1446.00	1386.00	1310.00	1225.00	1133.00	1010.00	1051.00	1169.00	1378.00	1243.00	1126.00	1043.00	971.00	908.00	899.00	890.00	916.00	900.00	835.00	825.00	820.00	806.00	847.00	874.00	932.00	947.00	936.00	923.00	929.00	937.00	899.00	777.00	763.00	759.00	747.00	743.00	736.00	741.00	757.00	775.00	860.00	908.00	988.00	1103.00	1230.00	1411.00	1320.00	1224.00	1158.00	991.00	959.00	935.00	923.00	950.00	1014.00	1028.00	1044.00	1077.00	1195.00	1200.00	1273.00	1250.00	1284.00	1469.00	1385.00	1281.00	1172.00	1052.00	1124.00	1069.00	1070.00	1259.00	1247.00	1265.00	1309.00	1222.00	1145.00	1192.00	1222.00	1227.00	1194.00	1063.00	1079.00	1147.00	1132.00	1197.00	1267.00	1331.00	1347.00	1292.00	1165.00	1215.00	1267.00	1274.00	1129.00	1023.00	965.00	963.00	972.00	989.00	1061.00	1165.00	1224.00	1153.00	1059.00	1028.00	1125.00	1164.00	1203.00	1244.00	1281.00	1240.00	964.00	909.00	917.00	976.00	1031.00	1048.00	1032.00	1016.00	985.00	1026.00	1032.00	1045.00	1088.00	1140.00	1284.00	1294.00	1265.00	1237.00	1288.00	1233.00	1151.00	1162.00	1293.00	1160.00	1098.00	1174.00	1237.00
944.00	1007.00	931.00	875.00	851.00	825.00	800.00	815.00	817.00	851.00	853.00	865.00	875.00	907.00	993.00	1044.00	1122.00	1184.00	1269.00	1382.00	1355.00	1249.00	1152.00	1090.00	1202.00	1330.00	1420.00	1245.00	1144.00	1067.00	1031.00	1075.00	1146.00	1195.00	1224.00	1196.00	1159.00	1159.00	1164.00	1186.00	1200.00	1374.00	1449.00	1436.00	1334.00	1213.00	1168.00	1146.00	1179.00	1200.00	1133.00	1303.00	1336.00	1313.00	1302.00	1287.00	1243.00	1198.00	1130.00	1076.00	1044.00	1029.00	1051.00	1066.00	1028.00	1005.00	1007.00	1022.00	1019.00	1019.00	1010.00	998.00	981.00	951.00	921.00	897.00	897.00	895.00	901.00	915.00	917.00	906.00	910.00	894.00	882.00	876.00	872.00	872.00	868.00	870.00	862.00	859.00	861.00	859.00	866.00	875.00	872.00	874.00	887.00	898.00	902.00	920.00	937.00	935.00	894.00	914.00	984.00	1095.00	1240.00	1162.00	1137.00	1095.00	1034.00	1024.00	1169.00	1279.00	1398.00	1389.00	1314.00	1274.00	1246.00	1152.00	1046.00	1112.00	1193.00	1370.00	1246.00	1141.00	1066.00	1022.00	959.00	937.00	944.00	942.00	915.00	887.00	856.00	839.00	834.00	903.00	931.00	986.00	1001.00	984.00	937.00	907.00	858.00	843.00	808.00	803.00	795.00	771.00	754.00	742.00	740.00	738.00	743.00	830.00	886.00	971.00	1072.00	1189.00	1392.00	1314.00	1220.00	1135.00	957.00	934.00	913.00	917.00	991.00	1111.00	1140.00	1171.00	1177.00	1168.00	1133.00	1263.00	1282.00	1334.00	1473.00	1363.00	1256.00	1156.00	1013.00	1056.00	1037.00	1022.00	1139.00	1157.00	1266.00	1298.00	1244.00	1137.00	1114.00	1106.00	1107.00	1123.00	1114.00	1113.00	1141.00	1221.00	1248.00	1249.00	1240.00	1250.00	1229.00	1295.00	1294.00	1190.00	1138.00	1014.00	976.00	974.00	980.00	986.00	1101.00	1073.00	1069.00	1115.00	1207.00	1093.00	1075.00	1164.00	1232.00	1291.00	1311.00	1289.00	1246.00	964.00	908.00	936.00	1015.00	1075.00	1134.00	1125.00	1092.00	1107.00	1037.00	1008.00	1027.00	1036.00	1038.00	1086.00	1111.00	1107.00	1127.00	1187.00	1254.00	1263.00	1317.00	1337.00	1188.00	1188.00	1215.00	1159.00
944.00	1007.00	931.00	875.00	851.00	825.00	800.00	815.00	817.00	851.00	853.00	865.00	875.00	907.00	993.00	1044.00	1122.00	1184.00	1269.00	1382.00	1355.00	1249.00	1152.00	1090.00	1202.00	1330.00	1420.00	1245.00	1144.00	1067.00	1031.00	1075.00	1146.00	1195.00	1224.00	1196.00	1159.00	1159.00	1164.00	1186.00	1200.00	1374.00	1449.00	1436.00	1334.00	1213.00	1168.00	1146.00	1179.00	1200.00	1133.00	1303.00	1336.00	1313.00	1302.00	1287.00	1243.00	1198.00	1130.00	1076.00	1044.00	1029.00	1051.00	1066.00	1028.00	1005.00	1007.00	1022.00	1019.00	1019.00	1010.00	998.00	981.00	951.00	921.00	897.00	897.00	895.00	901.00	915.00	917.00	906.00	910.00	894.00	882.00	876.00	872.00	872.00	868.00	870.00	862.00	859.00	861.00	859.00	866.00	875.00	872.00	874.00	887.00	898.00	902.00	920.00	937.00	935.00	894.00	914.00	984.00	1095.00	1240.00	1162.00	1137.00	1095.00	1034.00	1024.00	1169.00	1279.00	1398.00	1389.00	1314.00	1274.00	1246.00	1152.00	1046.00	1112.00	1193.00	1370.00	1246.00	1141.00	1066.00	1022.00	959.00	937.00	944.00	942.00	915.00	887.00	856.00	839.00	834.00	903.00	931.00	986.00	1001.00	984.00	937.00	907.00	858.00	843.00	808.00	803.00	795.00	771.00	754.00	742.00	740.00	738.00	743.00	830.00	886.00	971.00	1072.00	1189.00	1392.00	1314.00	1220.00	1135.00	957.00	934.00	913.00	917.00	991.00	1111.00	1140.00	1171.00	1177.00	1168.00	1133.00	1263.00	1282.00	1334.00	1473.00	1363.00	1256.00	1156.00	1013.00	1056.00	1037.00	1022.00	1139.00	1157.00	1266.00	1298.00	1244.00	1137.00	1114.00	1106.00	1107.00	1123.00	1114.00	1113.00	1141.00	1221.00	1248.00	1249.00	1240.00	1250.00	1229.00	1295.00	1294.00	1190.00	1138.00	1014.00	976.00	974.00	980.00	986.00	1101.00	1073.00	1069.00	1115.00	1207.00	1093.00	1075.00	1164.00	1232.00	1291.00	1311.00	1289.00	1246.00	964.00	908.00	936.00	1015.00	1075.00	1134.00	1125.00	1092.00	1107.00	1037.00	1008.00	1027.00	1036.00	1038.00	1086.00	1111.00	1107.00	1127.00	1187.00	1254.00	1263.00	1317.00	1337.00	1188.00	1188.00	1215.00	1159.00
944.00	1007.00	931.00	875.00	851.00	825.00	800.00	815.00	817.00	851.00	853.00	865.00	875.00	907.00	993.00	1044.00	1122.00	1184.00	1269.00	1382.00	1355.00	1249.00	1152.00	1090.00	1202.00	1330.00	1420.00	1245.00	1144.00	1067.00	1031.00	1075.00	1146.00	1195.00	1224.00	1196.00	1159.00	1159.00	1164.00	1186.00	1200.00	1374.00	1449.00	1436.00	1334.00	1213.00	1168.00	1146.00	1179.00	1200.00	1133.00	1303.00	1336.00	1313.00	1302.00	1287.00	1243.00	1198.00	1130.00	1076.00	1044.00	1029.00	1051.00	1066.00	1028.00	1005.00	1007.00	1022.00	1019.00	1019.00	1010.00	998.00	981.00	951.00	921.00	897.00	897.00	895.00	901.00	915.00	917.00	906.00	910.00	894.00	882.00	876.00	872.00	872.00	868.00	870.00	862.00	859.00	861.00	859.00	866.00	875.00	872.00	874.00	887.00	898.00	902.00	920.00	937.00	935.00	894.00	914.00	984.00	1095.00	1240.00	1162.00	1137.00	1095.00	1034.00	1024.00	1169.00	1279.00	1398.00	1389.00	1314.00	1274.00	1246.00	1152.00	1046.00	1112.00	1193.00	1370.00	1246.00	1141.00	1066.00	1022.00	959.00	937.00	944.00	942.00	915.00	887.00	856.00	839.00	834.00	903.00	931.00	986.00	1001.00	984.00	937.00	907.00	858.00	843.00	808.00	803.00	795.00	771.00	754.00	742.00	740.00	738.00	743.00	830.00	886.00	971.00	1072.00	1189.00	1392.00	1314.00	1220.00	1135.00	957.00	934.00	913.00	917.00	991.00	1111.00	1140.00	1171.00	1177.00	1168.00	1133.00	1263.00	1282.00	1334.00	1473.00	1363.00	1256.00	1156.00	1013.00	1056.00	1037.00	1022.00	1139.00	1157.00	1266.00	1298.00	1244.00	1137.00	1114.00	1106.00	1107.00	1123.00	1114.00	1113.00	1141.00	1221.00	1248.00	1249.00	1240.00	1250.00	1229.00	1295.00	1294.00	1190.00	1138.00	1014.00	976.00	974.00	980.00	986.00	1101.00	1073.00	1069.00	1115.00	1207.00	1093.00	1075.00	1164.00	1232.00	1291.00	1311.00	1289.00	1246.00	964.00	908.00	936.00	1015.00	1075.00	1134.00	1125.00	1092.00	1107.00	1037.00	1008.00	1027.00	1036.00	1038.00	1086.00	1111.00	1107.00	1127.00	1187.00	1254.00	1263.00	1317.00	1337.00	1188.00	1188.00	1215.00	1159.00
823.00	842.00	817.00	798.00	787.00	786.00	814.00	901.00	969.00	1004.00	979.00	969.00	910.00	943.00	1160.00	1213.00	1153.00	1055.00	1158.00	1237.00	1247.00	1149.00	1056.00	1036.00	1142.00	1271.00	1360.00	1277.00	1179.00	1092.00	1063.00	1126.00	1203.00	1259.00	1322.00	1387.00	1454.00	1426.00	1383.00	1347.00	1356.00	1468.00	1510.00	1423.00	1273.00	1222.00	1195.00	1134.00	1106.00	1096.00	1068.00	1107.00	1110.00	1100.00	1074.00	1055.00	1039.00	1029.00	1028.00	1025.00	1010.00	1000.00	985.00	983.00	982.00	970.00	956.00	949.00	951.00	957.00	954.00	956.00	933.00	911.00	904.00	907.00	916.00	906.00	914.00	931.00	931.00	903.00	894.00	881.00	877.00	879.00	894.00	886.00	888.00	898.00	887.00	893.00	900.00	902.00	917.00	935.00	933.00	934.00	949.00	970.00	1011.00	1006.00	976.00	941.00	907.00	928.00	990.00	1107.00	1303.00	1324.00	1267.00	1164.00	1077.00	1062.00	1194.00	1270.00	1395.00	1494.00	1435.00	1363.00	1263.00	1146.00	1097.00	1182.00	1303.00	1476.00	1301.00	1205.00	1115.00	1047.00	986.00	990.00	981.00	962.00	971.00	927.00	909.00	871.00	872.00	982.00	1076.00	1186.00	1231.00	1229.00	1139.00	1100.00	1025.00	993.00	868.00	819.00	795.00	770.00	759.00	755.00	751.00	743.00	739.00	827.00	903.00	1017.00	1138.00	1262.00	1342.00	1243.00	1146.00	1056.00	929.00	905.00	895.00	909.00	945.00	996.00	1013.00	1038.00	1076.00	1098.00	1098.00	1186.00	1208.00	1296.00	1467.00	1357.00	1254.00	1151.00	1005.00	998.00	1023.00	984.00	1050.00	1098.00	1150.00	1249.00	1250.00	1250.00	1192.00	1173.00	1151.00	1179.00	1189.00	1212.00	1193.00	1203.00	1233.00	1241.00	1219.00	1169.00	1108.00	1167.00	1142.00	1011.00	990.00	1028.00	1074.00	1110.00	1079.00	1017.00	1124.00	1222.00	1229.00	1169.00	1156.00	1150.00	1153.00	1150.00	1146.00	1091.00	1083.00	1079.00	1094.00	958.00	913.00	946.00	1032.00	1102.00	1156.00	1169.00	1155.00	1167.00	1162.00	1169.00	1031.00	1006.00	1006.00	1023.00	1037.00	1063.00	1093.00	1133.00	1197.00	1296.00	1400.00	1345.00	1338.00	1272.00	1178.00	1083.00
763.00	757.00	756.00	758.00	765.00	883.00	928.00	964.00	1032.00	1160.00	1104.00	1006.00	928.00	936.00	1113.00	1128.00	1012.00	945.00	1146.00	1155.00	1124.00	1046.00	967.00	959.00	1018.00	1061.00	1113.00	1160.00	1129.00	1089.00	1075.00	1145.00	1231.00	1328.00	1438.00	1549.00	1508.00	1405.00	1315.00	1271.00	1355.00	1561.00	1484.00	1411.00	1371.00	1459.00	1365.00	1233.00	1126.00	1077.00	1053.00	1037.00	1029.00	1021.00	1009.00	1008.00	1008.00	1006.00	1000.00	980.00	974.00	971.00	963.00	958.00	953.00	945.00	940.00	938.00	934.00	937.00	933.00	925.00	920.00	931.00	932.00	939.00	937.00	925.00	943.00	945.00	933.00	901.00	893.00	890.00	887.00	900.00	901.00	901.00	914.00	919.00	930.00	948.00	972.00	992.00	1102.00	1112.00	1108.00	1128.00	1122.00	1051.00	1152.00	1109.00	1003.00	934.00	950.00	947.00	959.00	1012.00	1101.00	1124.00	1103.00	1106.00	1071.00	1137.00	1318.00	1420.00	1512.00	1486.00	1403.00	1312.00	1207.00	1109.00	1194.00	1296.00	1361.00	1527.00	1309.00	1203.00	1118.00	1059.00	1000.00	979.00	974.00	984.00	1000.00	970.00	933.00	926.00	929.00	1043.00	1157.00	1279.00	1336.00	1291.00	1127.00	1076.00	994.00	958.00	865.00	820.00	793.00	772.00	764.00	761.00	758.00	750.00	740.00	835.00	919.00	1025.00	1150.00	1274.00	1301.00	1196.00	1090.00	1003.00	905.00	888.00	890.00	910.00	948.00	1053.00	1078.00	1097.00	1102.00	1073.00	1109.00	1144.00	1153.00	1262.00	1438.00	1334.00	1234.00	1136.00	990.00	966.00	978.00	974.00	1115.00	1278.00	1244.00	1272.00	1314.00	1337.00	1351.00	1338.00	1295.00	1264.00	1255.00	1243.00	1217.00	1175.00	1100.00	1144.00	1183.00	1144.00	1085.00	1038.00	1024.00	1000.00	1013.00	1164.00	1257.00	1242.00	1154.00	1071.00	1065.00	1139.00	1226.00	1288.00	1305.00	1272.00	1235.00	1273.00	1232.00	1222.00	1167.00	1126.00	1062.00	932.00	927.00	968.00	1037.00	1085.00	1110.00	1115.00	1113.00	1130.00	1179.00	1162.00	1063.00	1060.00	1086.00	1036.00	1036.00	1048.00	1068.00	1109.00	1153.00	1239.00	1347.00	1474.00	1336.00	1247.00	1149.00	1064.00
763.00	757.00	756.00	758.00	765.00	883.00	928.00	964.00	1032.00	1160.00	1104.00	1006.00	928.00	936.00	1113.00	1128.00	1012.00	945.00	1146.00	1155.00	1124.00	1046.00	967.00	959.00	1018.00	1061.00	1113.00	1160.00	1129.00	1089.00	1075.00	1145.00	1231.00	1328.00	1438.00	1549.00	1508.00	1405.00	1315.00	1271.00	1355.00	1561.00	1484.00	1411.00	1371.00	1459.00	1365.00	1233.00	1126.00	1077.00	1053.00	1037.00	1029.00	1021.00	1009.00	1008.00	1008.00	1006.00	1000.00	980.00	974.00	971.00	963.00	958.00	953.00	945.00	940.00	938.00	934.00	937.00	933.00	925.00	920.00	931.00	932.00	939.00	937.00	925.00	943.00	945.00	933.00	901.00	893.00	890.00	887.00	900.00	901.00	901.00	914.00	919.00	930.00	948.00	972.00	992.00	1102.00	1112.00	1108.00	1128.00	1122.00	1051.00	1152.00	1109.00	1003.00	934.00	950.00	947.00	959.00	1012.00	1101.00	1124.00	1103.00	1106.00	1071.00	1137.00	1318.00	1420.00	1512.00	1486.00	1403.00	1312.00	1207.00	1109.00	1194.00	1296.00	1361.00	1527.00	1309.00	1203.00	1118.00	1059.00	1000.00	979.00	974.00	984.00	1000.00	970.00	933.00	926.00	929.00	1043.00	1157.00	1279.00	1336.00	1291.00	1127.00	1076.00	994.00	958.00	865.00	820.00	793.00	772.00	764.00	761.00	758.00	750.00	740.00	835.00	919.00	1025.00	1150.00	1274.00	1301.00	1196.00	1090.00	1003.00	905.00	888.00	890.00	910.00	948.00	1053.00	1078.00	1097.00	1102.00	1073.00	1109.00	1144.00	1153.00	1262.00	1438.00	1334.00	1234.00	1136.00	990.00	966.00	978.00	974.00	1115.00	1278.00	1244.00	1272.00	1314.00	1337.00	1351.00	1338.00	1295.00	1264.00	1255.00	1243.00	1217.00	1175.00	1100.00	1144.00	1183.00	1144.00	1085.00	1038.00	1024.00	1000.00	1013.00	1164.00	1257.00	1242.00	1154.00	1071.00	1065.00	1139.00	1226.00	1288.00	1305.00	1272.00	1235.00	1273.00	1232.00	1222.00	1167.00	1126.00	1062.00	932.00	927.00	968.00	1037.00	1085.00	1110.00	1115.00	1113.00	1130.00	1179.00	1162.00	1063.00	1060.00	1086.00	1036.00	1036.00	1048.00	1068.00	1109.00	1153.00	1239.00	1347.00	1474.00	1336.00	1247.00	1149.00	1064.00
780.00	780.00	779.00	828.00	808.00	885.00	969.00	1051.00	1121.00	1144.00	1056.00	975.00	871.00	859.00	915.00	928.00	883.00	896.00	949.00	947.00	928.00	917.00	908.00	957.00	1004.00	1046.00	1041.00	1049.00	1062.00	1079.00	1092.00	1135.00	1222.00	1292.00	1355.00	1393.00	1437.00	1343.00	1238.00	1201.00	1320.00	1364.00	1294.00	1263.00	1316.00	1501.00	1392.00	1261.00	1144.00	1110.00	1106.00	1093.00	1076.00	1074.00	1060.00	1066.00	1061.00	1052.00	1057.00	1001.00	1010.00	1018.00	1004.00	1002.00	992.00	974.00	968.00	964.00	946.00	944.00	934.00	931.00	955.00	964.00	975.00	963.00	948.00	942.00	938.00	926.00	923.00	914.00	903.00	894.00	904.00	920.00	916.00	924.00	945.00	960.00	987.00	1026.00	1075.00	1134.00	1317.00	1362.00	1330.00	1283.00	1204.00	1131.00	1104.00	1001.00	950.00	934.00	1132.00	1138.00	1075.00	1012.00	964.00	981.00	1000.00	1013.00	1043.00	1148.00	1324.00	1456.00	1563.00	1406.00	1343.00	1263.00	1170.00	1139.00	1355.00	1460.00	1560.00	1475.00	1256.00	1169.00	1094.00	1064.00	1025.00	994.00	963.00	949.00	969.00	956.00	938.00	955.00	957.00	1001.00	1075.00	1130.00	1102.00	1112.00	1041.00	1025.00	959.00	910.00	837.00	816.00	798.00	777.00	770.00	764.00	760.00	752.00	741.00	848.00	950.00	1067.00	1166.00	1272.00	1252.00	1132.00	1024.00	968.00	906.00	895.00	876.00	887.00	909.00	964.00	988.00	1014.00	1043.00	1042.00	1083.00	1051.00	1104.00	1210.00	1407.00	1325.00	1224.00	1117.00	973.00	941.00	954.00	977.00	1136.00	1237.00	1269.00	1274.00	1296.00	1234.00	1234.00	1285.00	1289.00	1230.00	1161.00	1142.00	1122.00	1094.00	1060.00	1053.00	1053.00	1074.00	1108.00	1161.00	1154.00	1016.00	1036.00	1245.00	1237.00	1138.00	1115.00	1145.00	1115.00	1079.00	1091.00	1134.00	1338.00	1399.00	1389.00	1334.00	1258.00	1171.00	1129.00	1082.00	1041.00	921.00	936.00	1006.00	1074.00	1099.00	1068.00	1091.00	1131.00	1149.00	1174.00	1187.00	1136.00	1091.00	1101.00	1123.00	1125.00	1147.00	1115.00	1097.00	1119.00	1195.00	1308.00	1438.00	1302.00	1229.00	1138.00	1055.00
780.00	780.00	779.00	828.00	808.00	885.00	969.00	1051.00	1121.00	1144.00	1056.00	975.00	871.00	859.00	915.00	928.00	883.00	896.00	949.00	947.00	928.00	917.00	908.00	957.00	1004.00	1046.00	1041.00	1049.00	1062.00	1079.00	1092.00	1135.00	1222.00	1292.00	1355.00	1393.00	1437.00	1343.00	1238.00	1201.00	1320.00	1364.00	1294.00	1263.00	1316.00	1501.00	1392.00	1261.00	1144.00	1110.00	1106.00	1093.00	1076.00	1074.00	1060.00	1066.00	1061.00	1052.00	1057.00	1001.00	1010.00	1018.00	1004.00	1002.00	992.00	974.00	968.00	964.00	946.00	944.00	934.00	931.00	955.00	964.00	975.00	963.00	948.00	942.00	938.00	926.00	923.00	914.00	903.00	894.00	904.00	920.00	916.00	924.00	945.00	960.00	987.00	1026.00	1075.00	1134.00	1317.00	1362.00	1330.00	1283.00	1204.00	1131.00	1104.00	1001.00	950.00	934.00	1132.00	1138.00	1075.00	1012.00	964.00	981.00	1000.00	1013.00	1043.00	1148.00	1324.00	1456.00	1563.00	1406.00	1343.00	1263.00	1170.00	1139.00	1355.00	1460.00	1560.00	1475.00	1256.00	1169.00	1094.00	1064.00	1025.00	994.00	963.00	949.00	969.00	956.00	938.00	955.00	957.00	1001.00	1075.00	1130.00	1102.00	1112.00	1041.00	1025.00	959.00	910.00	837.00	816.00	798.00	777.00	770.00	764.00	760.00	752.00	741.00	848.00	950.00	1067.00	1166.00	1272.00	1252.00	1132.00	1024.00	968.00	906.00	895.00	876.00	887.00	909.00	964.00	988.00	1014.00	1043.00	1042.00	1083.00	1051.00	1104.00	1210.00	1407.00	1325.00	1224.00	1117.00	973.00	941.00	954.00	977.00	1136.00	1237.00	1269.00	1274.00	1296.00	1234.00	1234.00	1285.00	1289.00	1230.00	1161.00	1142.00	1122.00	1094.00	1060.00	1053.00	1053.00	1074.00	1108.00	1161.00	1154.00	1016.00	1036.00	1245.00	1237.00	1138.00	1115.00	1145.00	1115.00	1079.00	1091.00	1134.00	1338.00	1399.00	1389.00	1334.00	1258.00	1171.00	1129.00	1082.00	1041.00	921.00	936.00	1006.00	1074.00	1099.00	1068.00	1091.00	1131.00	1149.00	1174.00	1187.00	1136.00	1091.00	1101.00	1123.00	1125.00	1147.00	1115.00	1097.00	1119.00	1195.00	1308.00	1438.00	1302.00	1229.00	1138.00	1055.00
1018.00	940.00	862.00	869.00	902.00	860.00	917.00	997.00	1078.00	1022.00	925.00	851.00	810.00	823.00	861.00	882.00	900.00	908.00	925.00	942.00	959.00	963.00	975.00	1067.00	1183.00	1291.00	1299.00	1219.00	1185.00	1180.00	1166.00	1149.00	1165.00	1164.00	1161.00	1165.00	1202.00	1166.00	1157.00	1206.00	1278.00	1217.00	1233.00	1277.00	1365.00	1405.00	1309.00	1214.00	1179.00	1198.00	1355.00	1366.00	1319.00	1286.00	1172.00	1114.00	1082.00	1069.00	1107.00	1037.00	1057.00	1091.00	1064.00	1029.00	998.00	965.00	953.00	955.00	978.00	981.00	980.00	996.00	1054.00	1023.00	985.00	1001.00	1017.00	1010.00	982.00	985.00	999.00	917.00	900.00	917.00	944.00	950.00	936.00	955.00	979.00	1006.00	1052.00	1093.00	1169.00	1251.00	1480.00	1548.00	1438.00	1344.00	1271.00	1158.00	1048.00	962.00	950.00	985.00	1253.00	1326.00	1256.00	1207.00	1037.00	977.00	993.00	1025.00	1056.00	1171.00	1381.00	1490.00	1578.00	1464.00	1389.00	1289.00	1188.00	1198.00	1352.00	1432.00	1545.00	1471.00	1265.00	1185.00	1153.00	1122.00	1052.00	1027.00	995.00	962.00	935.00	908.00	894.00	887.00	884.00	868.00	870.00	878.00	878.00	880.00	865.00	861.00	849.00	828.00	805.00	797.00	788.00	780.00	774.00	763.00	760.00	752.00	742.00	856.00	966.00	1078.00	1192.00	1291.00	1175.00	1065.00	994.00	962.00	924.00	910.00	875.00	861.00	885.00	984.00	1012.00	1034.00	1041.00	975.00	1001.00	987.00	1042.00	1143.00	1293.00	1299.00	1200.00	1074.00	934.00	947.00	1031.00	1029.00	1158.00	1104.00	1076.00	1144.00	1236.00	1281.00	1220.00	1221.00	1204.00	1155.00	1213.00	1228.00	1191.00	1141.00	1094.00	1095.00	1094.00	1146.00	1202.00	1281.00	1198.00	1040.00	1040.00	1235.00	1263.00	1187.00	1226.00	1274.00	1150.00	1194.00	1175.00	1160.00	1302.00	1377.00	1338.00	1266.00	1206.00	1128.00	1122.00	1131.00	1069.00	946.00	995.00	1072.00	1139.00	1206.00	1258.00	1190.00	1133.00	1155.00	1162.00	1167.00	1114.00	1094.00	1075.00	1140.00	1209.00	1254.00	1243.00	1109.00	1100.00	1148.00	1242.00	1448.00	1308.00	1218.00	1117.00	1043.00
1005.00	919.00	867.00	914.00	924.00	903.00	917.00	932.00	952.00	888.00	811.00	801.00	837.00	891.00	1053.00	1114.00	1148.00	1137.00	1119.00	1129.00	955.00	914.00	949.00	1053.00	1146.00	1252.00	1359.00	1293.00	1268.00	1262.00	1188.00	1075.00	994.00	993.00	1015.00	1028.00	1049.00	1084.00	1126.00	1188.00	1184.00	1220.00	1267.00	1310.00	1360.00	1308.00	1249.00	1274.00	1355.00	1395.00	1504.00	1342.00	1263.00	1199.00	1125.00	1113.00	1087.00	1084.00	1061.00	1005.00	1036.00	1054.00	990.00	958.00	955.00	967.00	989.00	1026.00	1094.00	1083.00	1085.00	1150.00	1047.00	1009.00	1069.00	1102.00	1102.00	1023.00	989.00	974.00	944.00	903.00	917.00	961.00	982.00	989.00	954.00	995.00	1019.00	1041.00	1113.00	1169.00	1237.00	1342.00	1598.00	1457.00	1381.00	1333.00	1279.00	1090.00	996.00	963.00	989.00	1037.00	1313.00	1395.00	1392.00	1301.00	1077.00	999.00	1014.00	1043.00	1093.00	1238.00	1475.00	1584.00	1564.00	1410.00	1339.00	1244.00	1243.00	1324.00	1459.00	1557.00	1611.00	1402.00	1219.00	1171.00	1125.00	1100.00	1067.00	1020.00	993.00	965.00	938.00	894.00	880.00	872.00	871.00	902.00	929.00	943.00	928.00	888.00	848.00	837.00	822.00	830.00	836.00	813.00	801.00	791.00	784.00	768.00	759.00	750.00	744.00	831.00	933.00	1045.00	1155.00	1209.00	1080.00	1008.00	974.00	957.00	927.00	907.00	880.00	855.00	859.00	926.00	946.00	969.00	970.00	913.00	916.00	931.00	969.00	1005.00	1061.00	1088.00	1056.00	966.00	911.00	939.00	974.00	981.00	1010.00	1008.00	1024.00	1055.00	1110.00	1258.00	1244.00	1196.00	1210.00	1276.00	1376.00	1322.00	1225.00	1144.00	1219.00	1212.00	1225.00	1178.00	1145.00	1147.00	1115.00	1051.00	1057.00	1189.00	1293.00	1333.00	1365.00	1343.00	1236.00	1315.00	1341.00	1280.00	1376.00	1284.00	1211.00	1161.00	1118.00	1095.00	1063.00	1029.00	985.00	974.00	1005.00	1052.00	1110.00	1174.00	1215.00	1271.00	1256.00	1253.00	1234.00	1227.00	1156.00	1114.00	1089.00	1107.00	1144.00	1184.00	1217.00	1201.00	1160.00	1140.00	1170.00	1316.00	1227.00	1143.00	1066.00	1061.00
1005.00	919.00	867.00	914.00	924.00	903.00	917.00	932.00	952.00	888.00	811.00	801.00	837.00	891.00	1053.00	1114.00	1148.00	1137.00	1119.00	1129.00	955.00	914.00	949.00	1053.00	1146.00	1252.00	1359.00	1293.00	1268.00	1262.00	1188.00	1075.00	994.00	993.00	1015.00	1028.00	1049.00	1084.00	1126.00	1188.00	1184.00	1220.00	1267.00	1310.00	1360.00	1308.00	1249.00	1274.00	1355.00	1395.00	1504.00	1342.00	1263.00	1199.00	1125.00	1113.00	1087.00	1084.00	1061.00	1005.00	1036.00	1054.00	990.00	958.00	955.00	967.00	989.00	1026.00	1094.00	1083.00	1085.00	1150.00	1047.00	1009.00	1069.00	1102.00	1102.00	1023.00	989.00	974.00	944.00	903.00	917.00	961.00	982.00	989.00	954.00	995.00	1019.00	1041.00	1113.00	1169.00	1237.00	1342.00	1598.00	1457.00	1381.00	1333.00	1279.00	1090.00	996.00	963.00	989.00	1037.00	1313.00	1395.00	1392.00	1301.00	1077.00	999.00	1014.00	1043.00	1093.00	1238.00	1475.00	1584.00	1564.00	1410.00	1339.00	1244.00	1243.00	1324.00	1459.00	1557.00	1611.00	1402.00	1219.00	1171.00	1125.00	1100.00	1067.00	1020.00	993.00	965.00	938.00	894.00	880.00	872.00	871.00	902.00	929.00	943.00	928.00	888.00	848.00	837.00	822.00	830.00	836.00	813.00	801.00	791.00	784.00	768.00	759.00	750.00	744.00	831.00	933.00	1045.00	1155.00	1209.00	1080.00	1008.00	974.00	957.00	927.00	907.00	880.00	855.00	859.00	926.00	946.00	969.00	970.00	913.00	916.00	931.00	969.00	1005.00	1061.00	1088.00	1056.00	966.00	911.00	939.00	974.00	981.00	1010.00	1008.00	1024.00	1055.00	1110.00	1258.00	1244.00	1196.00	1210.00	1276.00	1376.00	1322.00	1225.00	1144.00	1219.00	1212.00	1225.00	1178.00	1145.00	1147.00	1115.00	1051.00	1057.00	1189.00	1293.00	1333.00	1365.00	1343.00	1236.00	1315.00	1341.00	1280.00	1376.00	1284.00	1211.00	1161.00	1118.00	1095.00	1063.00	1029.00	985.00	974.00	1005.00	1052.00	1110.00	1174.00	1215.00	1271.00	1256.00	1253.00	1234.00	1227.00	1156.00	1114.00	1089.00	1107.00	1144.00	1184.00	1217.00	1201.00	1160.00	1140.00	1170.00	1316.00	1227.00	1143.00	1066.00	1061.00
1005.00	919.00	867.00	914.00	924.00	903.00	917.00	932.00	952.00	888.00	811.00	801.00	837.00	891.00	1053.00	1114.00	1148.00	1137.00	1119.00	1129.00	955.00	914.00	949.00	1053.00	1146.00	1252.00	1359.00	1293.00	1268.00	1262.00	1188.00	1075.00	994.00	993.00	1015.00	1028.00	1049.00	1084.00	1126.00	1188.00	1184.00	1220.00	1267.00	1310.00	1360.00	1308.00	1249.00	1274.00	1355.00	1395.00	1504.00	1342.00	1263.00	1199.00	1125.00	1113.00	1087.00	1084.00	1061.00	1005.00	1036.00	1054.00	990.00	958.00	955.00	967.00	989.00	1026.00	1094.00	1083.00	1085.00	1150.00	1047.00	1009.00	1069.00	1102.00	1102.00	1023.00	989.00	974.00	944.00	903.00	917.00	961.00	982.00	989.00	954.00	995.00	1019.00	1041.00	1113.00	1169.00	1237.00	1342.00	1598.00	1457.00	1381.00	1333.00	1279.00	1090.00	996.00	963.00	989.00	1037.00	1313.00	1395.00	1392.00	1301.00	1077.00	999.00	1014.00	1043.00	1093.00	1238.00	1475.00	1584.00	1564.00	1410.00	1339.00	1244.00	1243.00	1324.00	1459.00	1557.00	1611.00	1402.00	1219.00	1171.00	1125.00	1100.00	1067.00	1020.00	993.00	965.00	938.00	894.00	880.00	872.00	871.00	902.00	929.00	943.00	928.00	888.00	848.00	837.00	822.00	830.00	836.00	813.00	801.00	791.00	784.00	768.00	759.00	750.00	744.00	831.00	933.00	1045.00	1155.00	1209.00	1080.00	1008.00	974.00	957.00	927.00	907.00	880.00	855.00	859.00	926.00	946.00	969.00	970.00	913.00	916.00	931.00	969.00	1005.00	1061.00	1088.00	1056.00	966.00	911.00	939.00	974.00	981.00	1010.00	1008.00	1024.00	1055.00	1110.00	1258.00	1244.00	1196.00	1210.00	1276.00	1376.00	1322.00	1225.00	1144.00	1219.00	1212.00	1225.00	1178.00	1145.00	1147.00	1115.00	1051.00	1057.00	1189.00	1293.00	1333.00	1365.00	1343.00	1236.00	1315.00	1341.00	1280.00	1376.00	1284.00	1211.00	1161.00	1118.00	1095.00	1063.00	1029.00	985.00	974.00	1005.00	1052.00	1110.00	1174.00	1215.00	1271.00	1256.00	1253.00	1234.00	1227.00	1156.00	1114.00	1089.00	1107.00	1144.00	1184.00	1217.00	1201.00	1160.00	1140.00	1170.00	1316.00	1227.00	1143.00	1066.00	1061.00
777.00	772.00	774.00	796.00	797.00	830.00	850.00	840.00	827.00	790.00	814.00	844.00	876.00	899.00	1056.00	1107.00	1112.00	1117.00	1114.00	1024.00	886.00	890.00	915.00	1009.00	1082.00	1185.00	1315.00	1314.00	1234.00	1143.00	1058.00	943.00	961.00	1023.00	1102.00	1112.00	1098.00	1120.00	1130.00	1111.00	1114.00	1166.00	1194.00	1199.00	1208.00	1212.00	1229.00	1255.00	1323.00	1436.00	1543.00	1331.00	1230.00	1156.00	1071.00	1110.00	1156.00	1173.00	1103.00	1049.00	1066.00	1001.00	966.00	991.00	1018.00	1043.00	1052.00	1088.00	1270.00	1263.00	1224.00	1180.00	1046.00	1062.00	1125.00	1128.00	1055.00	981.00	961.00	934.00	915.00	944.00	958.00	974.00	992.00	1010.00	990.00	991.00	1025.00	1054.00	1173.00	1257.00	1352.00	1470.00	1571.00	1395.00	1319.00	1242.00	1168.00	1030.00	989.00	986.00	1036.00	1126.00	1270.00	1372.00	1384.00	1269.00	1058.00	1026.00	1063.00	1091.00	1158.00	1319.00	1541.00	1610.00	1504.00	1371.00	1329.00	1289.00	1316.00	1397.00	1582.00	1626.00	1547.00	1347.00	1198.00	1153.00	1105.00	1098.00	983.00	957.00	935.00	929.00	925.00	900.00	894.00	917.00	978.00	1110.00	1164.00	1176.00	1146.00	1072.00	940.00	892.00	913.00	952.00	870.00	832.00	817.00	804.00	795.00	774.00	760.00	754.00	750.00	839.00	929.00	1019.00	1094.00	1092.00	987.00	959.00	944.00	930.00	905.00	890.00	869.00	842.00	839.00	879.00	895.00	900.00	895.00	873.00	873.00	876.00	886.00	895.00	918.00	917.00	907.00	907.00	914.00	942.00	972.00	986.00	1040.00	1018.00	1020.00	1058.00	1157.00	1366.00	1326.00	1243.00	1233.00	1273.00	1397.00	1294.00	1196.00	1188.00	1299.00	1374.00	1385.00	1280.00	1226.00	1160.00	1093.00	1074.00	1075.00	1121.00	1161.00	1199.00	1274.00	1363.00	1376.00	1377.00	1376.00	1319.00	1293.00	1315.00	1316.00	1330.00	1274.00	1279.00	1194.00	1099.00	992.00	1020.00	1091.00	1090.00	1056.00	1048.00	1068.00	1108.00	1153.00	1168.00	1179.00	1205.00	1193.00	1179.00	1132.00	1118.00	1139.00	1169.00	1210.00	1347.00	1365.00	1302.00	1259.00	1201.00	1124.00	1090.00	1059.00	1108.00
721.00	725.00	730.00	732.00	737.00	746.00	755.00	758.00	754.00	771.00	777.00	780.00	790.00	799.00	837.00	860.00	871.00	893.00	904.00	859.00	871.00	900.00	929.00	1039.00	1135.00	1263.00	1374.00	1201.00	1104.00	1024.00	974.00	929.00	1038.00	1148.00	1229.00	1266.00	1260.00	1216.00	1230.00	1236.00	1190.00	1151.00	1137.00	1157.00	1199.00	1340.00	1399.00	1400.00	1418.00	1475.00	1341.00	1213.00	1160.00	1140.00	1102.00	1049.00	1040.00	1037.00	1026.00	1046.00	1021.00	989.00	1010.00	1108.00	1138.00	1166.00	1205.00	1211.00	1234.00	1275.00	1266.00	1225.00	1160.00	1161.00	1126.00	1049.00	1001.00	964.00	937.00	922.00	931.00	1011.00	978.00	1013.00	1018.00	1013.00	1024.00	1010.00	1049.00	1100.00	1256.00	1367.00	1492.00	1545.00	1363.00	1222.00	1204.00	1179.00	1127.00	1012.00	998.00	1045.00	1139.00	1230.00	1447.00	1397.00	1296.00	1192.00	1050.00	1087.00	1121.00	1187.00	1227.00	1440.00	1651.00	1589.00	1473.00	1339.00	1320.00	1324.00	1353.00	1422.00	1586.00	1481.00	1372.00	1225.00	1109.00	1061.00	1060.00	1059.00	960.00	994.00	1080.00	1115.00	1089.00	915.00	955.00	1022.00	1116.00	1297.00	1349.00	1321.00	1223.00	1135.00	997.00	937.00	964.00	951.00	858.00	837.00	828.00	817.00	805.00	779.00	761.00	756.00	754.00	925.00	1034.00	1077.00	1045.00	984.00	890.00	883.00	888.00	889.00	869.00	859.00	842.00	829.00	829.00	848.00	847.00	846.00	844.00	857.00	870.00	923.00	987.00	1032.00	1105.00	1103.00	1080.00	1008.00	950.00	997.00	1022.00	1021.00	1024.00	991.00	1010.00	1051.00	1142.00	1366.00	1370.00	1325.00	1241.00	1228.00	1359.00	1295.00	1218.00	1263.00	1450.00	1485.00	1462.00	1396.00	1331.00	1138.00	1095.00	1131.00	1166.00	1134.00	1118.00	1153.00	1200.00	1300.00	1427.00	1372.00	1333.00	1333.00	1142.00	1180.00	1262.00	1304.00	1320.00	1284.00	1188.00	1081.00	978.00	1057.00	1193.00	1293.00	1286.00	1222.00	1099.00	1147.00	1143.00	1119.00	1142.00	1134.00	1142.00	1163.00	1171.00	1139.00	1169.00	1201.00	1267.00	1479.00	1459.00	1382.00	1311.00	1193.00	1130.00	1098.00	1074.00	1122.00
721.00	725.00	730.00	732.00	737.00	746.00	755.00	758.00	754.00	771.00	777.00	780.00	790.00	799.00	837.00	860.00	871.00	893.00	904.00	859.00	871.00	900.00	929.00	1039.00	1135.00	1263.00	1374.00	1201.00	1104.00	1024.00	974.00	929.00	1038.00	1148.00	1229.00	1266.00	1260.00	1216.00	1230.00	1236.00	1190.00	1151.00	1137.00	1157.00	1199.00	1340.00	1399.00	1400.00	1418.00	1475.00	1341.00	1213.00	1160.00	1140.00	1102.00	1049.00	1040.00	1037.00	1026.00	1046.00	1021.00	989.00	1010.00	1108.00	1138.00	1166.00	1205.00	1211.00	1234.00	1275.00	1266.00	1225.00	1160.00	1161.00	1126.00	1049.00	1001.00	964.00	937.00	922.00	931.00	1011.00	978.00	1013.00	1018.00	1013.00	1024.00	1010.00	1049.00	1100.00	1256.00	1367.00	1492.00	1545.00	1363.00	1222.00	1204.00	1179.00	1127.00	1012.00	998.00	1045.00	1139.00	1230.00	1447.00	1397.00	1296.00	1192.00	1050.00	1087.00	1121.00	1187.00	1227.00	1440.00	1651.00	1589.00	1473.00	1339.00	1320.00	1324.00	1353.00	1422.00	1586.00	1481.00	1372.00	1225.00	1109.00	1061.00	1060.00	1059.00	960.00	994.00	1080.00	1115.00	1089.00	915.00	955.00	1022.00	1116.00	1297.00	1349.00	1321.00	1223.00	1135.00	997.00	937.00	964.00	951.00	858.00	837.00	828.00	817.00	805.00	779.00	761.00	756.00	754.00	925.00	1034.00	1077.00	1045.00	984.00	890.00	883.00	888.00	889.00	869.00	859.00	842.00	829.00	829.00	848.00	847.00	846.00	844.00	857.00	870.00	923.00	987.00	1032.00	1105.00	1103.00	1080.00	1008.00	950.00	997.00	1022.00	1021.00	1024.00	991.00	1010.00	1051.00	1142.00	1366.00	1370.00	1325.00	1241.00	1228.00	1359.00	1295.00	1218.00	1263.00	1450.00	1485.00	1462.00	1396.00	1331.00	1138.00	1095.00	1131.00	1166.00	1134.00	1118.00	1153.00	1200.00	1300.00	1427.00	1372.00	1333.00	1333.00	1142.00	1180.00	1262.00	1304.00	1320.00	1284.00	1188.00	1081.00	978.00	1057.00	1193.00	1293.00	1286.00	1222.00	1099.00	1147.00	1143.00	1119.00	1142.00	1134.00	1142.00	1163.00	1171.00	1139.00	1169.00	1201.00	1267.00	1479.00	1459.00	1382.00	1311.00	1193.00	1130.00	1098.00	1074.00	1122.00
787.00	784.00	774.00	758.00	785.00	805.00	787.00	775.00	794.00	800.00	799.00	790.00	792.00	800.00	794.00	799.00	801.00	803.00	814.00	824.00	854.00	876.00	907.00	1020.00	1112.00	1229.00	1239.00	1093.00	994.00	935.00	908.00	999.00	1201.00	1315.00	1395.00	1462.00	1394.00	1424.00	1358.00	1276.00	1210.00	1090.00	1100.00	1115.00	1155.00	1275.00	1330.00	1397.00	1431.00	1355.00	1231.00	1168.00	1122.00	1086.00	1050.00	1029.00	1015.00	1008.00	1014.00	1009.00	1020.00	1020.00	1105.00	1239.00	1323.00	1328.00	1267.00	1210.00	1233.00	1304.00	1323.00	1253.00	1207.00	1152.00	1076.00	1045.00	1020.00	936.00	927.00	943.00	997.00	1019.00	987.00	1033.00	1053.00	1059.00	1037.00	1037.00	1066.00	1132.00	1328.00	1461.00	1583.00	1508.00	1277.00	1247.00	1206.00	1139.00	1062.00	1017.00	1042.00	1119.00	1223.00	1343.00	1410.00	1299.00	1203.00	1118.00	1120.00	1173.00	1234.00	1283.00	1390.00	1573.00	1582.00	1505.00	1425.00	1281.00	1267.00	1306.00	1391.00	1510.00	1627.00	1457.00	1322.00	1211.00	1140.00	1112.00	1157.00	1090.00	1030.00	1143.00	1206.00	1258.00	1176.00	961.00	1025.00	1116.00	1225.00	1396.00	1307.00	1217.00	1138.00	1082.00	988.00	959.00	911.00	925.00	886.00	867.00	843.00	826.00	814.00	796.00	778.00	764.00	762.00	825.00	846.00	859.00	851.00	808.00	800.00	822.00	837.00	842.00	848.00	831.00	820.00	816.00	820.00	837.00	848.00	861.00	873.00	899.00	929.00	1039.00	1125.00	1204.00	1314.00	1232.00	1131.00	1042.00	989.00	1058.00	1123.00	1152.00	1052.00	992.00	1006.00	1039.00	1124.00	1192.00	1271.00	1348.00	1267.00	1182.00	1330.00	1292.00	1318.00	1372.00	1535.00	1467.00	1369.00	1289.00	1221.00	1118.00	1139.00	1148.00	1208.00	1237.00	1193.00	1163.00	1209.00	1291.00	1292.00	1285.00	1307.00	1317.00	1109.00	1093.00	1130.00	1120.00	1093.00	1124.00	1130.00	1080.00	998.00	1049.00	1192.00	1321.00	1423.00	1391.00	1291.00	1365.00	1338.00	1231.00	1280.00	1242.00	1139.00	1142.00	1140.00	1158.00	1169.00	1195.00	1250.00	1436.00	1450.00	1375.00	1294.00	1300.00	1222.00	1145.00	1109.00	1093.00
881.00	888.00	847.00	799.00	854.00	897.00	864.00	822.00	806.00	864.00	876.00	861.00	827.00	835.00	857.00	853.00	848.00	842.00	819.00	812.00	829.00	842.00	861.00	937.00	1009.00	1056.00	1039.00	980.00	901.00	889.00	951.00	1110.00	1314.00	1403.00	1426.00	1381.00	1357.00	1410.00	1363.00	1305.00	1234.00	1086.00	1067.00	1074.00	1096.00	1146.00	1185.00	1210.00	1192.00	1169.00	1141.00	1097.00	1067.00	1049.00	1039.00	1025.00	1035.00	1063.00	1086.00	1106.00	1116.00	1085.00	1167.00	1337.00	1401.00	1330.00	1237.00	1161.00	1211.00	1224.00	1234.00	1227.00	1136.00	1105.00	1083.00	1042.00	979.00	938.00	950.00	987.00	1010.00	1014.00	1032.00	1106.00	1102.00	1136.00	1076.00	1085.00	1130.00	1179.00	1356.00	1482.00	1574.00	1497.00	1347.00	1315.00	1218.00	1114.00	1040.00	1066.00	1135.00	1243.00	1330.00	1394.00	1324.00	1213.00	1139.00	1157.00	1259.00	1303.00	1373.00	1482.00	1572.00	1657.00	1542.00	1482.00	1403.00	1236.00	1239.00	1303.00	1402.00	1509.00	1723.00	1591.00	1479.00	1390.00	1245.00	1191.00	1208.00	1147.00	1033.00	1156.00	1249.00	1286.00	1236.00	983.00	1039.00	1159.00	1296.00	1291.00	1179.00	1126.00	1098.00	1088.00	1028.00	967.00	1066.00	1125.00	939.00	882.00	855.00	842.00	830.00	804.00	810.00	806.00	798.00	783.00	775.00	765.00	758.00	751.00	755.00	766.00	787.00	801.00	800.00	799.00	814.00	833.00	853.00	870.00	882.00	894.00	907.00	945.00	981.00	1121.00	1228.00	1335.00	1330.00	1230.00	1143.00	1075.00	1038.00	1055.00	1028.00	1032.00	973.00	983.00	1005.00	1048.00	1067.00	1150.00	1232.00	1286.00	1228.00	1155.00	1328.00	1350.00	1450.00	1543.00	1565.00	1483.00	1396.00	1284.00	1184.00	1177.00	1268.00	1230.00	1191.00	1305.00	1315.00	1278.00	1281.00	1357.00	1376.00	1318.00	1242.00	1179.00	1105.00	1140.00	1154.00	1164.00	1171.00	1046.00	1034.00	1053.00	1019.00	1030.00	1108.00	1246.00	1373.00	1473.00	1479.00	1473.00	1417.00	1386.00	1362.00	1299.00	1220.00	1210.00	1188.00	1176.00	1184.00	1196.00	1214.00	1345.00	1427.00	1483.00	1477.00	1335.00	1230.00	1189.00	1137.00	1108.00
881.00	888.00	847.00	799.00	854.00	897.00	864.00	822.00	806.00	864.00	876.00	861.00	827.00	835.00	857.00	853.00	848.00	842.00	819.00	812.00	829.00	842.00	861.00	937.00	1009.00	1056.00	1039.00	980.00	901.00	889.00	951.00	1110.00	1314.00	1403.00	1426.00	1381.00	1357.00	1410.00	1363.00	1305.00	1234.00	1086.00	1067.00	1074.00	1096.00	1146.00	1185.00	1210.00	1192.00	1169.00	1141.00	1097.00	1067.00	1049.00	1039.00	1025.00	1035.00	1063.00	1086.00	1106.00	1116.00	1085.00	1167.00	1337.00	1401.00	1330.00	1237.00	1161.00	1211.00	1224.00	1234.00	1227.00	1136.00	1105.00	1083.00	1042.00	979.00	938.00	950.00	987.00	1010.00	1014.00	1032.00	1106.00	1102.00	1136.00	1076.00	1085.00	1130.00	1179.00	1356.00	1482.00	1574.00	1497.00	1347.00	1315.00	1218.00	1114.00	1040.00	1066.00	1135.00	1243.00	1330.00	1394.00	1324.00	1213.00	1139.00	1157.00	1259.00	1303.00	1373.00	1482.00	1572.00	1657.00	1542.00	1482.00	1403.00	1236.00	1239.00	1303.00	1402.00	1509.00	1723.00	1591.00	1479.00	1390.00	1245.00	1191.00	1208.00	1147.00	1033.00	1156.00	1249.00	1286.00	1236.00	983.00	1039.00	1159.00	1296.00	1291.00	1179.00	1126.00	1098.00	1088.00	1028.00	967.00	1066.00	1125.00	939.00	882.00	855.00	842.00	830.00	804.00	810.00	806.00	798.00	783.00	775.00	765.00	758.00	751.00	755.00	766.00	787.00	801.00	800.00	799.00	814.00	833.00	853.00	870.00	882.00	894.00	907.00	945.00	981.00	1121.00	1228.00	1335.00	1330.00	1230.00	1143.00	1075.00	1038.00	1055.00	1028.00	1032.00	973.00	983.00	1005.00	1048.00	1067.00	1150.00	1232.00	1286.00	1228.00	1155.00	1328.00	1350.00	1450.00	1543.00	1565.00	1483.00	1396.00	1284.00	1184.00	1177.00	1268.00	1230.00	1191.00	1305.00	1315.00	1278.00	1281.00	1357.00	1376.00	1318.00	1242.00	1179.00	1105.00	1140.00	1154.00	1164.00	1171.00	1046.00	1034.00	1053.00	1019.00	1030.00	1108.00	1246.00	1373.00	1473.00	1479.00	1473.00	1417.00	1386.00	1362.00	1299.00	1220.00	1210.00	1188.00	1176.00	1184.00	1196.00	1214.00	1345.00	1427.00	1483.00	1477.00	1335.00	1230.00	1189.00	1137.00	1108.00
881.00	888.00	847.00	799.00	854.00	897.00	864.00	822.00	806.00	864.00	876.00	861.00	827.00	835.00	857.00	853.00	848.00	842.00	819.00	812.00	829.00	842.00	861.00	937.00	1009.00	1056.00	1039.00	980.00	901.00	889.00	951.00	1110.00	1314.00	1403.00	1426.00	1381.00	1357.00	1410.00	1363.00	1305.00	1234.00	1086.00	1067.00	1074.00	1096.00	1146.00	1185.00	1210.00	1192.00	1169.00	1141.00	1097.00	1067.00	1049.00	1039.00	1025.00	1035.00	1063.00	1086.00	1106.00	1116.00	1085.00	1167.00	1337.00	1401.00	1330.00	1237.00	1161.00	1211.00	1224.00	1234.00	1227.00	1136.00	1105.00	1083.00	1042.00	979.00	938.00	950.00	987.00	1010.00	1014.00	1032.00	1106.00	1102.00	1136.00	1076.00	1085.00	1130.00	1179.00	1356.00	1482.00	1574.00	1497.00	1347.00	1315.00	1218.00	1114.00	1040.00	1066.00	1135.00	1243.00	1330.00	1394.00	1324.00	1213.00	1139.00	1157.00	1259.00	1303.00	1373.00	1482.00	1572.00	1657.00	1542.00	1482.00	1403.00	1236.00	1239.00	1303.00	1402.00	1509.00	1723.00	1591.00	1479.00	1390.00	1245.00	1191.00	1208.00	1147.00	1033.00	1156.00	1249.00	1286.00	1236.00	983.00	1039.00	1159.00	1296.00	1291.00	1179.00	1126.00	1098.00	1088.00	1028.00	967.00	1066.00	1125.00	939.00	882.00	855.00	842.00	830.00	804.00	810.00	806.00	798.00	783.00	775.00	765.00	758.00	751.00	755.00	766.00	787.00	801.00	800.00	799.00	814.00	833.00	853.00	870.00	882.00	894.00	907.00	945.00	981.00	1121.00	1228.00	1335.00	1330.00	1230.00	1143.00	1075.00	1038.00	1055.00	1028.00	1032.00	973.00	983.00	1005.00	1048.00	1067.00	1150.00	1232.00	1286.00	1228.00	1155.00	1328.00	1350.00	1450.00	1543.00	1565.00	1483.00	1396.00	1284.00	1184.00	1177.00	1268.00	1230.00	1191.00	1305.00	1315.00	1278.00	1281.00	1357.00	1376.00	1318.00	1242.00	1179.00	1105.00	1140.00	1154.00	1164.00	1171.00	1046.00	1034.00	1053.00	1019.00	1030.00	1108.00	1246.00	1373.00	1473.00	1479.00	1473.00	1417.00	1386.00	1362.00	1299.00	1220.00	1210.00	1188.00	1176.00	1184.00	1196.00	1214.00	1345.00	1427.00	1483.00	1477.00	1335.00	1230.00	1189.00	1137.00	1108.00
881.00	888.00	847.00	799.00	854.00	897.00	864.00	822.00	806.00	864.00	876.00	861.00	827.00	835.00	857.00	853.00	848.00	842.00	819.00	812.00	829.00	842.00	861.00	937.00	1009.00	1056.00	1039.00	980.00	901.00	889.00	951.00	1110.00	1314.00	1403.00	1426.00	1381.00	1357.00	1410.00	1363.00	1305.00	1234.00	1086.00	1067.00	1074.00	1096.00	1146.00	1185.00	1210.00	1192.00	1169.00	1141.00	1097.00	1067.00	1049.00	1039.00	1025.00	1035.00	1063.00	1086.00	1106.00	1116.00	1085.00	1167.00	1337.00	1401.00	1330.00	1237.00	1161.00	1211.00	1224.00	1234.00	1227.00	1136.00	1105.00	1083.00	1042.00	979.00	938.00	950.00	987.00	1010.00	1014.00	1032.00	1106.00	1102.00	1136.00	1076.00	1085.00	1130.00	1179.00	1356.00	1482.00	1574.00	1497.00	1347.00	1315.00	1218.00	1114.00	1040.00	1066.00	1135.00	1243.00	1330.00	1394.00	1324.00	1213.00	1139.00	1157.00	1259.00	1303.00	1373.00	1482.00	1572.00	1657.00	1542.00	1482.00	1403.00	1236.00	1239.00	1303.00	1402.00	1509.00	1723.00	1591.00	1479.00	1390.00	1245.00	1191.00	1208.00	1147.00	1033.00	1156.00	1249.00	1286.00	1236.00	983.00	1039.00	1159.00	1296.00	1291.00	1179.00	1126.00	1098.00	1088.00	1028.00	967.00	1066.00	1125.00	939.00	882.00	855.00	842.00	830.00	804.00	810.00	806.00	798.00	783.00	775.00	765.00	758.00	751.00	755.00	766.00	787.00	801.00	800.00	799.00	814.00	833.00	853.00	870.00	882.00	894.00	907.00	945.00	981.00	1121.00	1228.00	1335.00	1330.00	1230.00	1143.00	1075.00	1038.00	1055.00	1028.00	1032.00	973.00	983.00	1005.00	1048.00	1067.00	1150.00	1232.00	1286.00	1228.00	1155.00	1328.00	1350.00	1450.00	1543.00	1565.00	1483.00	1396.00	1284.00	1184.00	1177.00	1268.00	1230.00	1191.00	1305.00	1315.00	1278.00	1281.00	1357.00	1376.00	1318.00	1242.00	1179.00	1105.00	1140.00	1154.00	1164.00	1171.00	1046.00	1034.00	1053.00	1019.00	1030.00	1108.00	1246.00	1373.00	1473.00	1479.00	1473.00	1417.00	1386.00	1362.00	1299.00	1220.00	1210.00	1188.00	1176.00	1184.00	1196.00	1214.00	1345.00	1427.00	1483.00	1477.00	1335.00	1230.00	1189.00	1137.00	1108.00
855.00	927.00	922.00	858.00	897.00	946.00	892.00	849.00	854.00	944.00	947.00	898.00	898.00	916.00	913.00	946.00	945.00	932.00	918.00	892.00	843.00	835.00	835.00	855.00	880.00	901.00	905.00	896.00	915.00	953.00	1015.00	1117.00	1163.00	1203.00	1244.00	1263.00	1384.00	1494.00	1536.00	1459.00	1365.00	1094.00	1058.00	1060.00	1071.00	1089.00	1096.00	1091.00	1095.00	1110.00	1090.00	1089.00	1088.00	1088.00	1051.00	1060.00	1091.00	1139.00	1180.00	1148.00	1141.00	1154.00	1272.00	1405.00	1337.00	1240.00	1158.00	1114.00	1185.00	1199.00	1188.00	1148.00	1036.00	1040.00	1019.00	980.00	958.00	964.00	1018.00	1083.00	1084.00	1061.00	1083.00	1163.00	1198.00	1234.00	1163.00	1148.00	1213.00	1306.00	1506.00	1567.00	1556.00	1523.00	1492.00	1273.00	1171.00	1088.00	1057.00	1133.00	1186.00	1242.00	1348.00	1469.00	1315.00	1230.00	1205.00	1248.00	1424.00	1523.00	1603.00	1693.00	1663.00	1480.00	1410.00	1378.00	1324.00	1208.00	1230.00	1318.00	1435.00	1548.00	1708.00	1654.00	1575.00	1362.00	1176.00	1129.00	1100.00	1086.00	1078.00	1176.00	1200.00	1175.00	1136.00	996.00	1056.00	1150.00	1268.00	1364.00	1287.00	1300.00	1321.00	1299.00	1128.00	1031.00	1166.00	1202.00	973.00	910.00	895.00	872.00	830.00	849.00	865.00	869.00	854.00	826.00	817.00	809.00	800.00	781.00	773.00	776.00	779.00	780.00	800.00	825.00	844.00	854.00	857.00	875.00	889.00	904.00	921.00	972.00	1011.00	1168.00	1274.00	1381.00	1371.00	1271.00	1169.00	1080.00	1018.00	1002.00	990.00	976.00	956.00	985.00	1005.00	1011.00	1010.00	1111.00	1218.00	1258.00	1182.00	1131.00	1376.00	1412.00	1514.00	1577.00	1462.00	1382.00	1294.00	1218.00	1213.00	1297.00	1324.00	1372.00	1293.00	1314.00	1421.00	1496.00	1446.00	1388.00	1379.00	1325.00	1251.00	1167.00	1198.00	1232.00	1238.00	1245.00	1238.00	1205.00	1209.00	1192.00	1131.00	988.00	1055.00	1158.00	1301.00	1343.00	1306.00	1348.00	1320.00	1334.00	1372.00	1322.00	1295.00	1261.00	1223.00	1198.00	1218.00	1268.00	1351.00	1334.00	1412.00	1525.00	1550.00	1407.00	1292.00	1216.00	1137.00	1137.00
790.00	858.00	825.00	810.00	874.00	926.00	881.00	886.00	954.00	942.00	948.00	986.00	1078.00	1115.00	1017.00	1085.00	1134.00	1078.00	967.00	945.00	933.00	919.00	901.00	907.00	899.00	894.00	894.00	920.00	941.00	966.00	991.00	1017.00	1108.00	1179.00	1249.00	1290.00	1321.00	1376.00	1380.00	1383.00	1370.00	1094.00	1048.00	1043.00	1049.00	1050.00	1053.00	1059.00	1058.00	1053.00	1078.00	1068.00	1068.00	1071.00	1072.00	1108.00	1157.00	1203.00	1222.00	1136.00	1113.00	1147.00	1296.00	1341.00	1261.00	1175.00	1099.00	1096.00	1146.00	1133.00	1115.00	1135.00	1062.00	1027.00	994.00	967.00	961.00	974.00	1016.00	1056.00	1048.00	1066.00	1094.00	1150.00	1188.00	1242.00	1328.00	1286.00	1322.00	1417.00	1538.00	1467.00	1409.00	1345.00	1364.00	1238.00	1137.00	1079.00	1079.00	1199.00	1273.00	1360.00	1444.00	1561.00	1473.00	1443.00	1416.00	1424.00	1557.00	1621.00	1613.00	1606.00	1663.00	1604.00	1421.00	1348.00	1269.00	1179.00	1251.00	1372.00	1483.00	1589.00	1516.00	1410.00	1429.00	1301.00	1119.00	1081.00	1076.00	1081.00	1182.00	1170.00	1124.00	1082.00	1049.00	1047.00	1104.00	1188.00	1300.00	1501.00	1536.00	1532.00	1451.00	1353.00	1185.00	1172.00	1212.00	1170.00	975.00	930.00	893.00	856.00	848.00	899.00	983.00	1046.00	994.00	880.00	832.00	811.00	802.00	798.00	810.00	803.00	796.00	786.00	792.00	810.00	827.00	837.00	846.00	867.00	881.00	894.00	907.00	978.00	1059.00	1204.00	1280.00	1379.00	1336.00	1235.00	1126.00	1048.00	979.00	958.00	949.00	945.00	945.00	970.00	984.00	985.00	1006.00	1128.00	1227.00	1218.00	1133.00	1119.00	1285.00	1373.00	1495.00	1522.00	1376.00	1309.00	1256.00	1298.00	1321.00	1403.00	1486.00	1529.00	1506.00	1454.00	1520.00	1499.00	1396.00	1287.00	1184.00	1173.00	1154.00	1158.00	1097.00	1108.00	1116.00	1075.00	1066.00	1067.00	1066.00	1044.00	1023.00	983.00	1012.00	1068.00	1124.00	1119.00	1137.00	1136.00	1161.00	1247.00	1291.00	1231.00	1182.00	1176.00	1186.00	1181.00	1216.00	1278.00	1368.00	1518.00	1523.00	1507.00	1487.00	1398.00	1243.00	1183.00	1181.00	1249.00
790.00	858.00	825.00	810.00	874.00	926.00	881.00	886.00	954.00	942.00	948.00	986.00	1078.00	1115.00	1017.00	1085.00	1134.00	1078.00	967.00	945.00	933.00	919.00	901.00	907.00	899.00	894.00	894.00	920.00	941.00	966.00	991.00	1017.00	1108.00	1179.00	1249.00	1290.00	1321.00	1376.00	1380.00	1383.00	1370.00	1094.00	1048.00	1043.00	1049.00	1050.00	1053.00	1059.00	1058.00	1053.00	1078.00	1068.00	1068.00	1071.00	1072.00	1108.00	1157.00	1203.00	1222.00	1136.00	1113.00	1147.00	1296.00	1341.00	1261.00	1175.00	1099.00	1096.00	1146.00	1133.00	1115.00	1135.00	1062.00	1027.00	994.00	967.00	961.00	974.00	1016.00	1056.00	1048.00	1066.00	1094.00	1150.00	1188.00	1242.00	1328.00	1286.00	1322.00	1417.00	1538.00	1467.00	1409.00	1345.00	1364.00	1238.00	1137.00	1079.00	1079.00	1199.00	1273.00	1360.00	1444.00	1561.00	1473.00	1443.00	1416.00	1424.00	1557.00	1621.00	1613.00	1606.00	1663.00	1604.00	1421.00	1348.00	1269.00	1179.00	1251.00	1372.00	1483.00	1589.00	1516.00	1410.00	1429.00	1301.00	1119.00	1081.00	1076.00	1081.00	1182.00	1170.00	1124.00	1082.00	1049.00	1047.00	1104.00	1188.00	1300.00	1501.00	1536.00	1532.00	1451.00	1353.00	1185.00	1172.00	1212.00	1170.00	975.00	930.00	893.00	856.00	848.00	899.00	983.00	1046.00	994.00	880.00	832.00	811.00	802.00	798.00	810.00	803.00	796.00	786.00	792.00	810.00	827.00	837.00	846.00	867.00	881.00	894.00	907.00	978.00	1059.00	1204.00	1280.00	1379.00	1336.00	1235.00	1126.00	1048.00	979.00	958.00	949.00	945.00	945.00	970.00	984.00	985.00	1006.00	1128.00	1227.00	1218.00	1133.00	1119.00	1285.00	1373.00	1495.00	1522.00	1376.00	1309.00	1256.00	1298.00	1321.00	1403.00	1486.00	1529.00	1506.00	1454.00	1520.00	1499.00	1396.00	1287.00	1184.00	1173.00	1154.00	1158.00	1097.00	1108.00	1116.00	1075.00	1066.00	1067.00	1066.00	1044.00	1023.00	983.00	1012.00	1068.00	1124.00	1119.00	1137.00	1136.00	1161.00	1247.00	1291.00	1231.00	1182.00	1176.00	1186.00	1181.00	1216.00	1278.00	1368.00	1518.00	1523.00	1507.00	1487.00	1398.00	1243.00	1183.00	1181.00	1249.00
763.00	788.00	752.00	765.00	799.00	832.00	820.00	863.00	961.00	885.00	927.00	991.00	1085.00	1153.00	1118.00	1142.00	1099.00	1033.00	943.00	936.00	968.00	1010.00	1075.00	1089.00	1088.00	1092.00	1084.00	994.00	1040.00	1070.00	1077.00	1053.00	1061.00	1073.00	1107.00	1099.00	1119.00	1137.00	1120.00	1096.00	1082.00	1052.00	1035.00	1025.00	1027.00	1027.00	1030.00	1030.00	1035.00	1032.00	1038.00	1043.00	1050.00	1055.00	1061.00	1085.00	1108.00	1115.00	1112.00	1080.00	1128.00	1167.00	1243.00	1142.00	1121.00	1077.00	1094.00	1162.00	1200.00	1212.00	1225.00	1217.00	1042.00	998.00	978.00	991.00	1058.00	1087.00	1012.00	1031.00	1060.00	1136.00	1179.00	1296.00	1356.00	1415.00	1460.00	1423.00	1388.00	1357.00	1375.00	1413.00	1429.00	1375.00	1274.00	1177.00	1139.00	1106.00	1111.00	1279.00	1368.00	1461.00	1571.00	1667.00	1419.00	1426.00	1387.00	1353.00	1380.00	1393.00	1365.00	1432.00	1431.00	1488.00	1389.00	1294.00	1201.00	1185.00	1282.00	1381.00	1486.00	1590.00	1380.00	1284.00	1252.00	1228.00	1184.00	1197.00	1217.00	1238.00	1232.00	1172.00	1129.00	1084.00	1067.00	1108.00	1110.00	1144.00	1203.00	1336.00	1403.00	1439.00	1474.00	1433.00	1280.00	1194.00	1086.00	1030.00	933.00	912.00	888.00	886.00	917.00	976.00	1025.00	1128.00	1200.00	932.00	847.00	811.00	822.00	846.00	840.00	834.00	831.00	818.00	782.00	785.00	800.00	831.00	842.00	856.00	866.00	878.00	892.00	1009.00	1112.00	1274.00	1281.00	1300.00	1250.00	1142.00	1045.00	983.00	950.00	927.00	930.00	945.00	962.00	987.00	991.00	997.00	1001.00	1162.00	1263.00	1212.00	1107.00	1099.00	1284.00	1382.00	1484.00	1563.00	1502.00	1377.00	1323.00	1383.00	1499.00	1493.00	1566.00	1583.00	1492.00	1377.00	1361.00	1347.00	1275.00	1236.00	1313.00	1331.00	1338.00	1335.00	1114.00	1074.00	1104.00	1128.00	1113.00	1085.00	1049.00	1052.00	1114.00	1005.00	999.00	1049.00	1122.00	1142.00	1119.00	1104.00	1102.00	1099.00	1128.00	1125.00	1133.00	1156.00	1165.00	1181.00	1214.00	1267.00	1362.00	1528.00	1534.00	1461.00	1371.00	1236.00	1244.00	1268.00	1259.00	1348.00
719.00	719.00	748.00	784.00	806.00	811.00	822.00	863.00	922.00	853.00	886.00	894.00	911.00	918.00	894.00	913.00	896.00	888.00	862.00	884.00	928.00	990.00	1086.00	1244.00	1281.00	1257.00	1189.00	1173.00	1233.00	1249.00	1213.00	1136.00	969.00	968.00	975.00	963.00	975.00	981.00	993.00	1013.00	989.00	1018.00	1011.00	1014.00	1010.00	1012.00	1015.00	1019.00	1028.00	1033.00	1036.00	1039.00	1039.00	1039.00	1041.00	1040.00	1037.00	1038.00	1043.00	1048.00	1052.00	1058.00	1055.00	1062.00	1056.00	1061.00	1095.00	1137.00	1218.00	1275.00	1241.00	1174.00	1011.00	988.00	1006.00	1073.00	1126.00	1065.00	1047.00	1081.00	1130.00	1281.00	1386.00	1509.00	1490.00	1472.00	1401.00	1319.00	1250.00	1209.00	1255.00	1335.00	1416.00	1424.00	1293.00	1209.00	1213.00	1247.00	1188.00	1311.00	1417.00	1512.00	1604.00	1683.00	1433.00	1346.00	1290.00	1273.00	1243.00	1229.00	1222.00	1234.00	1239.00	1224.00	1199.00	1164.00	1156.00	1198.00	1310.00	1374.00	1443.00	1462.00	1437.00	1452.00	1443.00	1494.00	1428.00	1429.00	1447.00	1481.00	1318.00	1221.00	1165.00	1165.00	1170.00	1202.00	1141.00	1102.00	1089.00	1157.00	1191.00	1267.00	1310.00	1251.00	1262.00	1300.00	1240.00	1123.00	979.00	955.00	968.00	989.00	1009.00	1163.00	1207.00	1261.00	1239.00	896.00	842.00	830.00	854.00	861.00	859.00	848.00	836.00	826.00	792.00	783.00	786.00	801.00	828.00	842.00	853.00	865.00	885.00	1034.00	1125.00	1147.00	1101.00	1068.00	1096.00	1023.00	949.00	913.00	925.00	940.00	960.00	983.00	982.00	999.00	1006.00	1013.00	1028.00	1227.00	1322.00	1269.00	1158.00	1086.00	1196.00	1270.00	1290.00	1364.00	1510.00	1492.00	1434.00	1415.00	1491.00	1649.00	1711.00	1587.00	1506.00	1369.00	1306.00	1333.00	1388.00	1418.00	1458.00	1397.00	1312.00	1226.00	1124.00	1152.00	1248.00	1302.00	1266.00	1196.00	1142.00	1123.00	1142.00	1022.00	1000.00	1033.00	1154.00	1239.00	1284.00	1260.00	1226.00	1172.00	1153.00	1110.00	1109.00	1125.00	1130.00	1148.00	1168.00	1189.00	1229.00	1355.00	1451.00	1494.00	1415.00	1334.00	1325.00	1369.00	1414.00	1471.00
719.00	719.00	748.00	784.00	806.00	811.00	822.00	863.00	922.00	853.00	886.00	894.00	911.00	918.00	894.00	913.00	896.00	888.00	862.00	884.00	928.00	990.00	1086.00	1244.00	1281.00	1257.00	1189.00	1173.00	1233.00	1249.00	1213.00	1136.00	969.00	968.00	975.00	963.00	975.00	981.00	993.00	1013.00	989.00	1018.00	1011.00	1014.00	1010.00	1012.00	1015.00	1019.00	1028.00	1033.00	1036.00	1039.00	1039.00	1039.00	1041.00	1040.00	1037.00	1038.00	1043.00	1048.00	1052.00	1058.00	1055.00	1062.00	1056.00	1061.00	1095.00	1137.00	1218.00	1275.00	1241.00	1174.00	1011.00	988.00	1006.00	1073.00	1126.00	1065.00	1047.00	1081.00	1130.00	1281.00	1386.00	1509.00	1490.00	1472.00	1401.00	1319.00	1250.00	1209.00	1255.00	1335.00	1416.00	1424.00	1293.00	1209.00	1213.00	1247.00	1188.00	1311.00	1417.00	1512.00	1604.00	1683.00	1433.00	1346.00	1290.00	1273.00	1243.00	1229.00	1222.00	1234.00	1239.00	1224.00	1199.00	1164.00	1156.00	1198.00	1310.00	1374.00	1443.00	1462.00	1437.00	1452.00	1443.00	1494.00	1428.00	1429.00	1447.00	1481.00	1318.00	1221.00	1165.00	1165.00	1170.00	1202.00	1141.00	1102.00	1089.00	1157.00	1191.00	1267.00	1310.00	1251.00	1262.00	1300.00	1240.00	1123.00	979.00	955.00	968.00	989.00	1009.00	1163.00	1207.00	1261.00	1239.00	896.00	842.00	830.00	854.00	861.00	859.00	848.00	836.00	826.00	792.00	783.00	786.00	801.00	828.00	842.00	853.00	865.00	885.00	1034.00	1125.00	1147.00	1101.00	1068.00	1096.00	1023.00	949.00	913.00	925.00	940.00	960.00	983.00	982.00	999.00	1006.00	1013.00	1028.00	1227.00	1322.00	1269.00	1158.00	1086.00	1196.00	1270.00	1290.00	1364.00	1510.00	1492.00	1434.00	1415.00	1491.00	1649.00	1711.00	1587.00	1506.00	1369.00	1306.00	1333.00	1388.00	1418.00	1458.00	1397.00	1312.00	1226.00	1124.00	1152.00	1248.00	1302.00	1266.00	1196.00	1142.00	1123.00	1142.00	1022.00	1000.00	1033.00	1154.00	1239.00	1284.00	1260.00	1226.00	1172.00	1153.00	1110.00	1109.00	1125.00	1130.00	1148.00	1168.00	1189.00	1229.00	1355.00	1451.00	1494.00	1415.00	1334.00	1325.00	1369.00	1414.00	1471.00
719.00	719.00	748.00	784.00	806.00	811.00	822.00	863.00	922.00	853.00	886.00	894.00	911.00	918.00	894.00	913.00	896.00	888.00	862.00	884.00	928.00	990.00	1086.00	1244.00	1281.00	1257.00	1189.00	1173.00	1233.00	1249.00	1213.00	1136.00	969.00	968.00	975.00	963.00	975.00	981.00	993.00	1013.00	989.00	1018.00	1011.00	1014.00	1010.00	1012.00	1015.00	1019.00	1028.00	1033.00	1036.00	1039.00	1039.00	1039.00	1041.00	1040.00	1037.00	1038.00	1043.00	1048.00	1052.00	1058.00	1055.00	1062.00	1056.00	1061.00	1095.00	1137.00	1218.00	1275.00	1241.00	1174.00	1011.00	988.00	1006.00	1073.00	1126.00	1065.00	1047.00	1081.00	1130.00	1281.00	1386.00	1509.00	1490.00	1472.00	1401.00	1319.00	1250.00	1209.00	1255.00	1335.00	1416.00	1424.00	1293.00	1209.00	1213.00	1247.00	1188.00	1311.00	1417.00	1512.00	1604.00	1683.00	1433.00	1346.00	1290.00	1273.00	1243.00	1229.00	1222.00	1234.00	1239.00	1224.00	1199.00	1164.00	1156.00	1198.00	1310.00	1374.00	1443.00	1462.00	1437.00	1452.00	1443.00	1494.00	1428.00	1429.00	1447.00	1481.00	1318.00	1221.00	1165.00	1165.00	1170.00	1202.00	1141.00	1102.00	1089.00	1157.00	1191.00	1267.00	1310.00	1251.00	1262.00	1300.00	1240.00	1123.00	979.00	955.00	968.00	989.00	1009.00	1163.00	1207.00	1261.00	1239.00	896.00	842.00	830.00	854.00	861.00	859.00	848.00	836.00	826.00	792.00	783.00	786.00	801.00	828.00	842.00	853.00	865.00	885.00	1034.00	1125.00	1147.00	1101.00	1068.00	1096.00	1023.00	949.00	913.00	925.00	940.00	960.00	983.00	982.00	999.00	1006.00	1013.00	1028.00	1227.00	1322.00	1269.00	1158.00	1086.00	1196.00	1270.00	1290.00	1364.00	1510.00	1492.00	1434.00	1415.00	1491.00	1649.00	1711.00	1587.00	1506.00	1369.00	1306.00	1333.00	1388.00	1418.00	1458.00	1397.00	1312.00	1226.00	1124.00	1152.00	1248.00	1302.00	1266.00	1196.00	1142.00	1123.00	1142.00	1022.00	1000.00	1033.00	1154.00	1239.00	1284.00	1260.00	1226.00	1172.00	1153.00	1110.00	1109.00	1125.00	1130.00	1148.00	1168.00	1189.00	1229.00	1355.00	1451.00	1494.00	1415.00	1334.00	1325.00	1369.00	1414.00	1471.00
702.00	719.00	757.00	787.00	793.00	791.00	787.00	788.00	800.00	783.00	797.00	790.00	787.00	784.00	779.00	773.00	773.00	770.00	767.00	780.00	820.00	850.00	906.00	1036.00	1084.00	1104.00	1078.00	1040.00	1062.00	1076.00	1076.00	1003.00	872.00	962.00	1006.00	1019.00	1057.00	1047.00	1055.00	1035.00	994.00	996.00	999.00	1001.00	1005.00	1045.00	1052.00	1042.00	1049.00	1068.00	1066.00	1049.00	1041.00	1039.00	1033.00	1031.00	1030.00	1029.00	1029.00	1029.00	1029.00	1029.00	1027.00	1034.00	1038.00	1048.00	1058.00	1074.00	1143.00	1211.00	1201.00	1128.00	992.00	1020.00	1083.00	1121.00	1111.00	1068.00	1100.00	1155.00	1230.00	1460.00	1538.00	1394.00	1323.00	1272.00	1319.00	1270.00	1201.00	1156.00	1218.00	1269.00	1361.00	1478.00	1441.00	1400.00	1419.00	1364.00	1260.00	1333.00	1430.00	1505.00	1571.00	1541.00	1615.00	1621.00	1540.00	1419.00	1220.00	1205.00	1214.00	1205.00	1172.00	1152.00	1125.00	1134.00	1147.00	1143.00	1201.00	1227.00	1263.00	1282.00	1363.00	1431.00	1519.00	1692.00	1470.00	1381.00	1327.00	1350.00	1374.00	1376.00	1363.00	1405.00	1340.00	1346.00	1272.00	1210.00	1138.00	1072.00	1062.00	1068.00	1074.00	1054.00	1072.00	1137.00	1110.00	1044.00	985.00	995.00	1053.00	1106.00	1151.00	1225.00	1257.00	1205.00	1119.00	863.00	849.00	860.00	872.00	871.00	865.00	857.00	845.00	847.00	815.00	786.00	787.00	796.00	806.00	825.00	837.00	855.00	877.00	1020.00	1091.00	1028.00	978.00	952.00	917.00	901.00	927.00	968.00	1012.00	984.00	1054.00	1131.00	1046.00	1104.00	1072.00	1055.00	1048.00	1252.00	1334.00	1274.00	1168.00	1136.00	1052.00	1102.00	1173.00	1242.00	1373.00	1381.00	1440.00	1473.00	1467.00	1537.00	1515.00	1526.00	1482.00	1433.00	1443.00	1469.00	1472.00	1411.00	1319.00	1247.00	1166.00	1140.00	1222.00	1177.00	1221.00	1295.00	1270.00	1169.00	1137.00	1106.00	1085.00	1025.00	1008.00	1009.00	1055.00	1127.00	1201.00	1198.00	1213.00	1223.00	1190.00	1151.00	1126.00	1135.00	1138.00	1236.00	1317.00	1344.00	1353.00	1417.00	1502.00	1532.00	1458.00	1441.00	1433.00	1405.00	1424.00	1474.00
749.00	741.00	762.00	789.00	759.00	735.00	735.00	748.00	750.00	713.00	708.00	707.00	713.00	718.00	724.00	725.00	727.00	731.00	742.00	745.00	753.00	756.00	769.00	800.00	823.00	835.00	833.00	822.00	844.00	883.00	937.00	848.00	903.00	986.00	1031.00	1062.00	1088.00	1085.00	1033.00	1007.00	1009.00	1019.00	1029.00	1038.00	1039.00	1059.00	1066.00	1054.00	1068.00	1088.00	1085.00	1093.00	1070.00	1060.00	1036.00	1031.00	1032.00	1033.00	1035.00	1030.00	1026.00	1027.00	1024.00	1026.00	1032.00	1037.00	1042.00	1045.00	1073.00	1107.00	1073.00	1031.00	1045.00	1086.00	1120.00	1137.00	1119.00	1101.00	1138.00	1197.00	1286.00	1457.00	1432.00	1273.00	1212.00	1182.00	1218.00	1208.00	1197.00	1167.00	1176.00	1221.00	1295.00	1393.00	1615.00	1560.00	1483.00	1454.00	1440.00	1453.00	1459.00	1373.00	1321.00	1319.00	1435.00	1493.00	1512.00	1475.00	1379.00	1400.00	1446.00	1444.00	1423.00	1282.00	1128.00	1117.00	1116.00	1128.00	1220.00	1320.00	1385.00	1355.00	1434.00	1531.00	1589.00	1567.00	1409.00	1344.00	1262.00	1230.00	1381.00	1465.00	1555.00	1613.00	1597.00	1488.00	1386.00	1320.00	1286.00	1216.00	1146.00	1061.00	1026.00	1038.00	991.00	983.00	963.00	954.00	938.00	933.00	923.00	926.00	951.00	1010.00	1025.00	1000.00	954.00	864.00	875.00	889.00	889.00	881.00	865.00	861.00	864.00	869.00	831.00	795.00	788.00	795.00	802.00	819.00	830.00	843.00	863.00	978.00	999.00	928.00	900.00	888.00	934.00	982.00	1066.00	1150.00	1188.00	1104.00	1099.00	1181.00	1131.00	1278.00	1178.00	1102.00	1101.00	1271.00	1336.00	1250.00	1155.00	1120.00	1014.00	1049.00	1123.00	1183.00	1201.00	1190.00	1259.00	1240.00	1247.00	1281.00	1277.00	1302.00	1283.00	1372.00	1372.00	1328.00	1295.00	1265.00	1201.00	1175.00	1144.00	1160.00	1249.00	1212.00	1239.00	1248.00	1223.00	1170.00	1142.00	1181.00	1206.00	1070.00	1030.00	1006.00	1013.00	1037.00	1103.00	1128.00	1159.00	1175.00	1164.00	1167.00	1194.00	1200.00	1181.00	1189.00	1260.00	1295.00	1306.00	1394.00	1491.00	1554.00	1500.00	1372.00	1344.00	1327.00	1369.00	1380.00
749.00	741.00	762.00	789.00	759.00	735.00	735.00	748.00	750.00	713.00	708.00	707.00	713.00	718.00	724.00	725.00	727.00	731.00	742.00	745.00	753.00	756.00	769.00	800.00	823.00	835.00	833.00	822.00	844.00	883.00	937.00	848.00	903.00	986.00	1031.00	1062.00	1088.00	1085.00	1033.00	1007.00	1009.00	1019.00	1029.00	1038.00	1039.00	1059.00	1066.00	1054.00	1068.00	1088.00	1085.00	1093.00	1070.00	1060.00	1036.00	1031.00	1032.00	1033.00	1035.00	1030.00	1026.00	1027.00	1024.00	1026.00	1032.00	1037.00	1042.00	1045.00	1073.00	1107.00	1073.00	1031.00	1045.00	1086.00	1120.00	1137.00	1119.00	1101.00	1138.00	1197.00	1286.00	1457.00	1432.00	1273.00	1212.00	1182.00	1218.00	1208.00	1197.00	1167.00	1176.00	1221.00	1295.00	1393.00	1615.00	1560.00	1483.00	1454.00	1440.00	1453.00	1459.00	1373.00	1321.00	1319.00	1435.00	1493.00	1512.00	1475.00	1379.00	1400.00	1446.00	1444.00	1423.00	1282.00	1128.00	1117.00	1116.00	1128.00	1220.00	1320.00	1385.00	1355.00	1434.00	1531.00	1589.00	1567.00	1409.00	1344.00	1262.00	1230.00	1381.00	1465.00	1555.00	1613.00	1597.00	1488.00	1386.00	1320.00	1286.00	1216.00	1146.00	1061.00	1026.00	1038.00	991.00	983.00	963.00	954.00	938.00	933.00	923.00	926.00	951.00	1010.00	1025.00	1000.00	954.00	864.00	875.00	889.00	889.00	881.00	865.00	861.00	864.00	869.00	831.00	795.00	788.00	795.00	802.00	819.00	830.00	843.00	863.00	978.00	999.00	928.00	900.00	888.00	934.00	982.00	1066.00	1150.00	1188.00	1104.00	1099.00	1181.00	1131.00	1278.00	1178.00	1102.00	1101.00	1271.00	1336.00	1250.00	1155.00	1120.00	1014.00	1049.00	1123.00	1183.00	1201.00	1190.00	1259.00	1240.00	1247.00	1281.00	1277.00	1302.00	1283.00	1372.00	1372.00	1328.00	1295.00	1265.00	1201.00	1175.00	1144.00	1160.00	1249.00	1212.00	1239.00	1248.00	1223.00	1170.00	1142.00	1181.00	1206.00	1070.00	1030.00	1006.00	1013.00	1037.00	1103.00	1128.00	1159.00	1175.00	1164.00	1167.00	1194.00	1200.00	1181.00	1189.00	1260.00	1295.00	1306.00	1394.00	1491.00	1554.00	1500.00	1372.00	1344.00	1327.00	1369.00	1380.00
682.00	682.00	691.00	688.00	683.00	695.00	700.00	699.00	697.00	714.00	726.00	747.00	766.00	782.00	801.00	807.00	812.00	819.00	810.00	830.00	826.00	818.00	802.00	802.00	789.00	785.00	787.00	783.00	800.00	820.00	809.00	876.00	984.00	1038.00	1056.00	1088.00	1122.00	1081.00	1051.00	1053.00	1068.00	1156.00	1163.00	1107.00	1094.00	1062.00	1062.00	1061.00	1069.00	1070.00	1064.00	1140.00	1099.00	1052.00	1034.00	1038.00	1049.00	1065.00	1108.00	1074.00	1036.00	1021.00	1019.00	1020.00	1024.00	1024.00	1026.00	1030.00	1028.00	1022.00	1014.00	1013.00	1085.00	1110.00	1121.00	1109.00	1096.00	1104.00	1129.00	1172.00	1211.00	1249.00	1225.00	1161.00	1145.00	1148.00	1170.00	1222.00	1280.00	1234.00	1129.00	1166.00	1217.00	1283.00	1431.00	1450.00	1396.00	1342.00	1333.00	1515.00	1486.00	1414.00	1355.00	1312.00	1222.00	1265.00	1293.00	1353.00	1535.00	1624.00	1627.00	1570.00	1484.00	1323.00	1156.00	1118.00	1100.00	1096.00	1128.00	1226.00	1262.00	1207.00	1277.00	1366.00	1472.00	1551.00	1340.00	1284.00	1234.00	1193.00	1297.00	1387.00	1467.00	1473.00	1505.00	1520.00	1395.00	1292.00	1218.00	1156.00	1095.00	1107.00	1175.00	1193.00	1050.00	1050.00	990.00	967.00	1003.00	1014.00	995.00	964.00	960.00	924.00	910.00	902.00	894.00	902.00	911.00	902.00	891.00	880.00	877.00	885.00	893.00	893.00	850.00	826.00	797.00	798.00	799.00	820.00	827.00	835.00	848.00	916.00	904.00	871.00	891.00	929.00	1077.00	1139.00	1165.00	1197.00	1234.00	1251.00	1252.00	1294.00	1317.00	1280.00	1158.00	1072.00	1065.00	1267.00	1331.00	1232.00	1131.00	1123.00	1016.00	997.00	1042.00	1071.00	1071.00	1058.00	1073.00	1079.00	1090.00	1131.00	1146.00	1166.00	1184.00	1227.00	1235.00	1239.00	1227.00	1218.00	1212.00	1180.00	1162.00	1163.00	1217.00	1234.00	1256.00	1237.00	1234.00	1230.00	1252.00	1289.00	1271.00	1168.00	1118.00	1062.00	1018.00	1022.00	1068.00	1080.00	1093.00	1097.00	1150.00	1166.00	1263.00	1367.00	1375.00	1327.00	1323.00	1341.00	1401.00	1466.00	1434.00	1384.00	1341.00	1342.00	1284.00	1319.00	1384.00	1377.00
682.00	682.00	691.00	688.00	683.00	695.00	700.00	699.00	697.00	714.00	726.00	747.00	766.00	782.00	801.00	807.00	812.00	819.00	810.00	830.00	826.00	818.00	802.00	802.00	789.00	785.00	787.00	783.00	800.00	820.00	809.00	876.00	984.00	1038.00	1056.00	1088.00	1122.00	1081.00	1051.00	1053.00	1068.00	1156.00	1163.00	1107.00	1094.00	1062.00	1062.00	1061.00	1069.00	1070.00	1064.00	1140.00	1099.00	1052.00	1034.00	1038.00	1049.00	1065.00	1108.00	1074.00	1036.00	1021.00	1019.00	1020.00	1024.00	1024.00	1026.00	1030.00	1028.00	1022.00	1014.00	1013.00	1085.00	1110.00	1121.00	1109.00	1096.00	1104.00	1129.00	1172.00	1211.00	1249.00	1225.00	1161.00	1145.00	1148.00	1170.00	1222.00	1280.00	1234.00	1129.00	1166.00	1217.00	1283.00	1431.00	1450.00	1396.00	1342.00	1333.00	1515.00	1486.00	1414.00	1355.00	1312.00	1222.00	1265.00	1293.00	1353.00	1535.00	1624.00	1627.00	1570.00	1484.00	1323.00	1156.00	1118.00	1100.00	1096.00	1128.00	1226.00	1262.00	1207.00	1277.00	1366.00	1472.00	1551.00	1340.00	1284.00	1234.00	1193.00	1297.00	1387.00	1467.00	1473.00	1505.00	1520.00	1395.00	1292.00	1218.00	1156.00	1095.00	1107.00	1175.00	1193.00	1050.00	1050.00	990.00	967.00	1003.00	1014.00	995.00	964.00	960.00	924.00	910.00	902.00	894.00	902.00	911.00	902.00	891.00	880.00	877.00	885.00	893.00	893.00	850.00	826.00	797.00	798.00	799.00	820.00	827.00	835.00	848.00	916.00	904.00	871.00	891.00	929.00	1077.00	1139.00	1165.00	1197.00	1234.00	1251.00	1252.00	1294.00	1317.00	1280.00	1158.00	1072.00	1065.00	1267.00	1331.00	1232.00	1131.00	1123.00	1016.00	997.00	1042.00	1071.00	1071.00	1058.00	1073.00	1079.00	1090.00	1131.00	1146.00	1166.00	1184.00	1227.00	1235.00	1239.00	1227.00	1218.00	1212.00	1180.00	1162.00	1163.00	1217.00	1234.00	1256.00	1237.00	1234.00	1230.00	1252.00	1289.00	1271.00	1168.00	1118.00	1062.00	1018.00	1022.00	1068.00	1080.00	1093.00	1097.00	1150.00	1166.00	1263.00	1367.00	1375.00	1327.00	1323.00	1341.00	1401.00	1466.00	1434.00	1384.00	1341.00	1342.00	1284.00	1319.00	1384.00	1377.00
678.00	683.00	693.00	702.00	717.00	736.00	748.00	753.00	755.00	789.00	811.00	831.00	852.00	867.00	885.00	885.00	889.00	884.00	875.00	907.00	942.00	937.00	899.00	906.00	899.00	882.00	870.00	830.00	854.00	902.00	931.00	973.00	974.00	1001.00	1041.00	1079.00	1058.00	1057.00	1080.00	1124.00	1199.00	1409.00	1300.00	1215.00	1166.00	1102.00	1081.00	1079.00	1081.00	1078.00	1092.00	1066.00	1054.00	1039.00	1044.00	1052.00	1092.00	1172.00	1218.00	1099.00	1054.00	1032.00	1015.00	1015.00	1016.00	1016.00	1018.00	1019.00	1021.00	1019.00	1027.00	1045.00	1108.00	1131.00	1129.00	1112.00	1091.00	1083.00	1094.00	1107.00	1119.00	1130.00	1126.00	1118.00	1118.00	1129.00	1206.00	1290.00	1344.00	1268.00	1097.00	1120.00	1143.00	1162.00	1219.00	1206.00	1201.00	1239.00	1345.00	1581.00	1566.00	1493.00	1440.00	1399.00	1151.00	1161.00	1233.00	1325.00	1534.00	1585.00	1488.00	1393.00	1332.00	1231.00	1209.00	1143.00	1101.00	1076.00	1097.00	1121.00	1151.00	1240.00	1395.00	1423.00	1502.00	1580.00	1393.00	1301.00	1231.00	1176.00	1206.00	1246.00	1247.00	1293.00	1379.00	1511.00	1410.00	1316.00	1232.00	1130.00	1175.00	1255.00	1337.00	1293.00	1115.00	1060.00	1000.00	1041.00	1163.00	1232.00	1166.00	1077.00	1118.00	1082.00	1017.00	964.00	941.00	921.00	920.00	906.00	894.00	892.00	896.00	901.00	902.00	896.00	854.00	844.00	823.00	806.00	801.00	818.00	821.00	827.00	835.00	850.00	861.00	925.00	950.00	973.00	1071.00	1073.00	1063.00	1065.00	1089.00	1124.00	1163.00	1208.00	1370.00	1220.00	1112.00	1038.00	993.00	1158.00	1244.00	1186.00	1092.00	1039.00	1024.00	976.00	988.00	1002.00	1039.00	1060.00	1072.00	1083.00	1081.00	1086.00	1103.00	1158.00	1210.00	1294.00	1327.00	1321.00	1327.00	1341.00	1232.00	1200.00	1196.00	1215.00	1225.00	1215.00	1218.00	1215.00	1211.00	1197.00	1222.00	1243.00	1220.00	1197.00	1187.00	1131.00	1070.00	1030.00	1079.00	1131.00	1142.00	1141.00	1220.00	1230.00	1250.00	1318.00	1396.00	1412.00	1442.00	1474.00	1449.00	1336.00	1293.00	1277.00	1273.00	1415.00	1283.00	1243.00	1265.00	1282.00
678.00	683.00	693.00	702.00	717.00	736.00	748.00	753.00	755.00	789.00	811.00	831.00	852.00	867.00	885.00	885.00	889.00	884.00	875.00	907.00	942.00	937.00	899.00	906.00	899.00	882.00	870.00	830.00	854.00	902.00	931.00	973.00	974.00	1001.00	1041.00	1079.00	1058.00	1057.00	1080.00	1124.00	1199.00	1409.00	1300.00	1215.00	1166.00	1102.00	1081.00	1079.00	1081.00	1078.00	1092.00	1066.00	1054.00	1039.00	1044.00	1052.00	1092.00	1172.00	1218.00	1099.00	1054.00	1032.00	1015.00	1015.00	1016.00	1016.00	1018.00	1019.00	1021.00	1019.00	1027.00	1045.00	1108.00	1131.00	1129.00	1112.00	1091.00	1083.00	1094.00	1107.00	1119.00	1130.00	1126.00	1118.00	1118.00	1129.00	1206.00	1290.00	1344.00	1268.00	1097.00	1120.00	1143.00	1162.00	1219.00	1206.00	1201.00	1239.00	1345.00	1581.00	1566.00	1493.00	1440.00	1399.00	1151.00	1161.00	1233.00	1325.00	1534.00	1585.00	1488.00	1393.00	1332.00	1231.00	1209.00	1143.00	1101.00	1076.00	1097.00	1121.00	1151.00	1240.00	1395.00	1423.00	1502.00	1580.00	1393.00	1301.00	1231.00	1176.00	1206.00	1246.00	1247.00	1293.00	1379.00	1511.00	1410.00	1316.00	1232.00	1130.00	1175.00	1255.00	1337.00	1293.00	1115.00	1060.00	1000.00	1041.00	1163.00	1232.00	1166.00	1077.00	1118.00	1082.00	1017.00	964.00	941.00	921.00	920.00	906.00	894.00	892.00	896.00	901.00	902.00	896.00	854.00	844.00	823.00	806.00	801.00	818.00	821.00	827.00	835.00	850.00	861.00	925.00	950.00	973.00	1071.00	1073.00	1063.00	1065.00	1089.00	1124.00	1163.00	1208.00	1370.00	1220.00	1112.00	1038.00	993.00	1158.00	1244.00	1186.00	1092.00	1039.00	1024.00	976.00	988.00	1002.00	1039.00	1060.00	1072.00	1083.00	1081.00	1086.00	1103.00	1158.00	1210.00	1294.00	1327.00	1321.00	1327.00	1341.00	1232.00	1200.00	1196.00	1215.00	1225.00	1215.00	1218.00	1215.00	1211.00	1197.00	1222.00	1243.00	1220.00	1197.00	1187.00	1131.00	1070.00	1030.00	1079.00	1131.00	1142.00	1141.00	1220.00	1230.00	1250.00	1318.00	1396.00	1412.00	1442.00	1474.00	1449.00	1336.00	1293.00	1277.00	1273.00	1415.00	1283.00	1243.00	1265.00	1282.00
686.00	703.00	722.00	750.00	757.00	757.00	759.00	769.00	788.00	834.00	844.00	858.00	839.00	867.00	856.00	854.00	861.00	862.00	875.00	903.00	1002.00	996.00	976.00	1043.00	1087.00	1066.00	1062.00	981.00	911.00	945.00	990.00	1021.00	1030.00	1019.00	1029.00	1037.00	1053.00	1081.00	1117.00	1182.00	1283.00	1556.00	1430.00	1312.00	1227.00	1129.00	1103.00	1083.00	1075.00	1074.00	1078.00	1054.00	1042.00	1041.00	1086.00	1140.00	1215.00	1288.00	1271.00	1195.00	1147.00	1080.00	1017.00	1011.00	1011.00	1011.00	1012.00	1014.00	1019.00	1021.00	1028.00	1040.00	1091.00	1105.00	1120.00	1120.00	1100.00	1079.00	1074.00	1081.00	1086.00	1097.00	1104.00	1143.00	1189.00	1216.00	1334.00	1377.00	1325.00	1225.00	1080.00	1096.00	1137.00	1131.00	1122.00	1165.00	1226.00	1323.00	1450.00	1507.00	1419.00	1343.00	1280.00	1255.00	1131.00	1122.00	1209.00	1302.00	1471.00	1497.00	1531.00	1493.00	1430.00	1382.00	1266.00	1178.00	1114.00	1064.00	1076.00	1080.00	1132.00	1244.00	1296.00	1329.00	1402.00	1578.00	1418.00	1341.00	1266.00	1188.00	1136.00	1195.00	1241.00	1299.00	1371.00	1553.00	1457.00	1355.00	1258.00	1216.00	1304.00	1395.00	1402.00	1309.00	1088.00	1034.00	1116.00	1187.00	1321.00	1385.00	1328.00	1266.00	1237.00	1113.00	1024.00	970.00	943.00	923.00	919.00	907.00	903.00	904.00	900.00	896.00	885.00	870.00	846.00	846.00	844.00	815.00	801.00	815.00	819.00	821.00	829.00	863.00	890.00	944.00	965.00	972.00	979.00	980.00	973.00	976.00	1079.00	1160.00	1239.00	1285.00	1247.00	1123.00	1056.00	1012.00	972.00	1090.00	1158.00	1126.00	1057.00	1008.00	975.00	966.00	978.00	989.00	1000.00	1020.00	1058.00	1083.00	1105.00	1160.00	1165.00	1234.00	1322.00	1479.00	1452.00	1478.00	1506.00	1471.00	1333.00	1338.00	1347.00	1387.00	1264.00	1208.00	1181.00	1161.00	1150.00	1126.00	1108.00	1099.00	1099.00	1075.00	1072.00	1072.00	1066.00	1057.00	1028.00	1061.00	1123.00	1153.00	1163.00	1162.00	1198.00	1238.00	1231.00	1242.00	1262.00	1264.00	1292.00	1256.00	1237.00	1265.00	1353.00	1432.00	1251.00	1207.00	1274.00	1364.00
686.00	703.00	722.00	750.00	757.00	757.00	759.00	769.00	788.00	834.00	844.00	858.00	839.00	867.00	856.00	854.00	861.00	862.00	875.00	903.00	1002.00	996.00	976.00	1043.00	1087.00	1066.00	1062.00	981.00	911.00	945.00	990.00	1021.00	1030.00	1019.00	1029.00	1037.00	1053.00	1081.00	1117.00	1182.00	1283.00	1556.00	1430.00	1312.00	1227.00	1129.00	1103.00	1083.00	1075.00	1074.00	1078.00	1054.00	1042.00	1041.00	1086.00	1140.00	1215.00	1288.00	1271.00	1195.00	1147.00	1080.00	1017.00	1011.00	1011.00	1011.00	1012.00	1014.00	1019.00	1021.00	1028.00	1040.00	1091.00	1105.00	1120.00	1120.00	1100.00	1079.00	1074.00	1081.00	1086.00	1097.00	1104.00	1143.00	1189.00	1216.00	1334.00	1377.00	1325.00	1225.00	1080.00	1096.00	1137.00	1131.00	1122.00	1165.00	1226.00	1323.00	1450.00	1507.00	1419.00	1343.00	1280.00	1255.00	1131.00	1122.00	1209.00	1302.00	1471.00	1497.00	1531.00	1493.00	1430.00	1382.00	1266.00	1178.00	1114.00	1064.00	1076.00	1080.00	1132.00	1244.00	1296.00	1329.00	1402.00	1578.00	1418.00	1341.00	1266.00	1188.00	1136.00	1195.00	1241.00	1299.00	1371.00	1553.00	1457.00	1355.00	1258.00	1216.00	1304.00	1395.00	1402.00	1309.00	1088.00	1034.00	1116.00	1187.00	1321.00	1385.00	1328.00	1266.00	1237.00	1113.00	1024.00	970.00	943.00	923.00	919.00	907.00	903.00	904.00	900.00	896.00	885.00	870.00	846.00	846.00	844.00	815.00	801.00	815.00	819.00	821.00	829.00	863.00	890.00	944.00	965.00	972.00	979.00	980.00	973.00	976.00	1079.00	1160.00	1239.00	1285.00	1247.00	1123.00	1056.00	1012.00	972.00	1090.00	1158.00	1126.00	1057.00	1008.00	975.00	966.00	978.00	989.00	1000.00	1020.00	1058.00	1083.00	1105.00	1160.00	1165.00	1234.00	1322.00	1479.00	1452.00	1478.00	1506.00	1471.00	1333.00	1338.00	1347.00	1387.00	1264.00	1208.00	1181.00	1161.00	1150.00	1126.00	1108.00	1099.00	1099.00	1075.00	1072.00	1072.00	1066.00	1057.00	1028.00	1061.00	1123.00	1153.00	1163.00	1162.00	1198.00	1238.00	1231.00	1242.00	1262.00	1264.00	1292.00	1256.00	1237.00	1265.00	1353.00	1432.00	1251.00	1207.00	1274.00	1364.00
682.00	688.00	692.00	693.00	695.00	699.00	702.00	713.00	721.00	739.00	741.00	748.00	753.00	764.00	771.00	777.00	785.00	792.00	825.00	837.00	876.00	886.00	916.00	1056.00	1195.00	1292.00	1308.00	1155.00	1108.00	1127.00	1153.00	1093.00	1202.00	1239.00	1241.00	1243.00	1251.00	1186.00	1120.00	1160.00	1253.00	1575.00	1455.00	1330.00	1237.00	1140.00	1103.00	1080.00	1068.00	1060.00	1057.00	1044.00	1046.00	1053.00	1183.00	1278.00	1373.00	1423.00	1357.00	1198.00	1143.00	1076.00	1019.00	1009.00	1008.00	1007.00	1008.00	1009.00	1015.00	1018.00	1024.00	1035.00	1067.00	1068.00	1086.00	1101.00	1099.00	1079.00	1066.00	1089.00	1108.00	1153.00	1184.00	1251.00	1259.00	1292.00	1349.00	1284.00	1213.00	1180.00	1062.00	1113.00	1138.00	1091.00	1151.00	1246.00	1331.00	1427.00	1528.00	1567.00	1488.00	1428.00	1373.00	1320.00	1114.00	1093.00	1097.00	1138.00	1235.00	1317.00	1426.00	1510.00	1575.00	1484.00	1322.00	1234.00	1145.00	1068.00	1050.00	1046.00	1059.00	1102.00	1171.00	1259.00	1344.00	1474.00	1356.00	1265.00	1191.00	1149.00	1095.00	1166.00	1237.00	1329.00	1437.00	1603.00	1525.00	1424.00	1340.00	1257.00	1330.00	1384.00	1286.00	1178.00	1081.00	1129.00	1274.00	1369.00	1455.00	1373.00	1278.00	1208.00	1162.00	1068.00	1018.00	971.00	956.00	930.00	921.00	916.00	908.00	900.00	881.00	878.00	871.00	865.00	858.00	855.00	852.00	835.00	806.00	812.00	819.00	823.00	825.00	843.00	865.00	902.00	921.00	934.00	952.00	945.00	925.00	943.00	1026.00	1098.00	1152.00	1139.00	1099.00	980.00	968.00	955.00	935.00	999.00	1000.00	981.00	954.00	946.00	948.00	970.00	990.00	1013.00	1006.00	1037.00	1055.00	1052.00	1057.00	1110.00	1161.00	1315.00	1376.00	1392.00	1305.00	1335.00	1409.00	1441.00	1451.00	1481.00	1457.00	1380.00	1193.00	1160.00	1138.00	1127.00	1114.00	1106.00	1140.00	1171.00	1182.00	1150.00	1144.00	1134.00	1088.00	1059.00	1045.00	1038.00	1073.00	1143.00	1224.00	1202.00	1184.00	1173.00	1145.00	1187.00	1210.00	1238.00	1273.00	1206.00	1223.00	1313.00	1406.00	1388.00	1197.00	1197.00	1258.00	1312.00
721.00	726.00	725.00	726.00	725.00	717.00	711.00	713.00	719.00	744.00	747.00	755.00	760.00	762.00	764.00	761.00	764.00	773.00	785.00	794.00	836.00	859.00	891.00	998.00	1093.00	1199.00	1319.00	1327.00	1283.00	1270.00	1302.00	1282.00	1377.00	1461.00	1517.00	1506.00	1410.00	1314.00	1243.00	1193.00	1224.00	1493.00	1380.00	1263.00	1199.00	1132.00	1099.00	1082.00	1070.00	1062.00	1052.00	1053.00	1078.00	1119.00	1254.00	1305.00	1349.00	1323.00	1241.00	1113.00	1057.00	1036.00	1020.00	1019.00	1006.00	1005.00	1005.00	1004.00	1005.00	1006.00	1009.00	1019.00	1044.00	1045.00	1057.00	1076.00	1092.00	1066.00	1057.00	1081.00	1110.00	1167.00	1203.00	1154.00	1172.00	1231.00	1261.00	1196.00	1127.00	1061.00	1054.00	1080.00	1093.00	1110.00	1181.00	1338.00	1442.00	1548.00	1646.00	1536.00	1441.00	1358.00	1288.00	1225.00	1133.00	1117.00	1092.00	1074.00	1110.00	1185.00	1235.00	1288.00	1340.00	1415.00	1371.00	1299.00	1268.00	1154.00	1099.00	1068.00	1043.00	1035.00	1057.00	1109.00	1166.00	1239.00	1295.00	1208.00	1141.00	1112.00	1086.00	1176.00	1260.00	1335.00	1393.00	1426.00	1465.00	1471.00	1458.00	1449.00	1474.00	1385.00	1256.00	1161.00	1182.00	1263.00	1468.00	1509.00	1386.00	1277.00	1192.00	1136.00	1096.00	1033.00	1009.00	985.00	966.00	928.00	917.00	907.00	901.00	900.00	886.00	882.00	877.00	868.00	854.00	847.00	845.00	841.00	812.00	811.00	820.00	825.00	829.00	839.00	844.00	860.00	868.00	875.00	892.00	893.00	885.00	898.00	959.00	955.00	959.00	934.00	906.00	901.00	900.00	900.00	902.00	908.00	914.00	921.00	928.00	936.00	963.00	985.00	1025.00	1077.00	1102.00	1094.00	1083.00	1070.00	1055.00	1105.00	1136.00	1205.00	1248.00	1271.00	1217.00	1239.00	1274.00	1296.00	1389.00	1452.00	1454.00	1405.00	1275.00	1252.00	1210.00	1171.00	1143.00	1180.00	1235.00	1235.00	1225.00	1144.00	1102.00	1066.00	1077.00	1152.00	1120.00	1068.00	1044.00	1054.00	1078.00	1092.00	1127.00	1149.00	1169.00	1221.00	1229.00	1206.00	1176.00	1191.00	1163.00	1221.00	1271.00	1214.00	1184.00	1227.00	1300.00	1362.00
721.00	726.00	725.00	726.00	725.00	717.00	711.00	713.00	719.00	744.00	747.00	755.00	760.00	762.00	764.00	761.00	764.00	773.00	785.00	794.00	836.00	859.00	891.00	998.00	1093.00	1199.00	1319.00	1327.00	1283.00	1270.00	1302.00	1282.00	1377.00	1461.00	1517.00	1506.00	1410.00	1314.00	1243.00	1193.00	1224.00	1493.00	1380.00	1263.00	1199.00	1132.00	1099.00	1082.00	1070.00	1062.00	1052.00	1053.00	1078.00	1119.00	1254.00	1305.00	1349.00	1323.00	1241.00	1113.00	1057.00	1036.00	1020.00	1019.00	1006.00	1005.00	1005.00	1004.00	1005.00	1006.00	1009.00	1019.00	1044.00	1045.00	1057.00	1076.00	1092.00	1066.00	1057.00	1081.00	1110.00	1167.00	1203.00	1154.00	1172.00	1231.00	1261.00	1196.00	1127.00	1061.00	1054.00	1080.00	1093.00	1110.00	1181.00	1338.00	1442.00	1548.00	1646.00	1536.00	1441.00	1358.00	1288.00	1225.00	1133.00	1117.00	1092.00	1074.00	1110.00	1185.00	1235.00	1288.00	1340.00	1415.00	1371.00	1299.00	1268.00	1154.00	1099.00	1068.00	1043.00	1035.00	1057.00	1109.00	1166.00	1239.00	1295.00	1208.00	1141.00	1112.00	1086.00	1176.00	1260.00	1335.00	1393.00	1426.00	1465.00	1471.00	1458.00	1449.00	1474.00	1385.00	1256.00	1161.00	1182.00	1263.00	1468.00	1509.00	1386.00	1277.00	1192.00	1136.00	1096.00	1033.00	1009.00	985.00	966.00	928.00	917.00	907.00	901.00	900.00	886.00	882.00	877.00	868.00	854.00	847.00	845.00	841.00	812.00	811.00	820.00	825.00	829.00	839.00	844.00	860.00	868.00	875.00	892.00	893.00	885.00	898.00	959.00	955.00	959.00	934.00	906.00	901.00	900.00	900.00	902.00	908.00	914.00	921.00	928.00	936.00	963.00	985.00	1025.00	1077.00	1102.00	1094.00	1083.00	1070.00	1055.00	1105.00	1136.00	1205.00	1248.00	1271.00	1217.00	1239.00	1274.00	1296.00	1389.00	1452.00	1454.00	1405.00	1275.00	1252.00	1210.00	1171.00	1143.00	1180.00	1235.00	1235.00	1225.00	1144.00	1102.00	1066.00	1077.00	1152.00	1120.00	1068.00	1044.00	1054.00	1078.00	1092.00	1127.00	1149.00	1169.00	1221.00	1229.00	1206.00	1176.00	1191.00	1163.00	1221.00	1271.00	1214.00	1184.00	1227.00	1300.00	1362.00
798.00	832.00	833.00	788.00	792.00	796.00	773.00	740.00	737.00	782.00	807.00	836.00	860.00	877.00	874.00	846.00	833.00	822.00	793.00	786.00	792.00	805.00	822.00	881.00	928.00	996.00	1104.00	1106.00	1088.00	1155.00	1233.00	1335.00	1347.00	1343.00	1316.00	1303.00	1372.00	1391.00	1403.00	1381.00	1394.00	1375.00	1258.00	1189.00	1150.00	1111.00	1108.00	1097.00	1071.00	1062.00	1053.00	1078.00	1134.00	1204.00	1278.00	1213.00	1172.00	1132.00	1094.00	1039.00	1028.00	1023.00	1040.00	1044.00	1009.00	1011.00	1012.00	1011.00	1006.00	1001.00	999.00	1005.00	1021.00	1025.00	1028.00	1036.00	1046.00	1061.00	1045.00	1052.00	1071.00	1101.00	1110.00	1224.00	1300.00	1324.00	1269.00	1196.00	1108.00	1034.00	1069.00	1126.00	1194.00	1168.00	1276.00	1473.00	1530.00	1532.00	1565.00	1495.00	1392.00	1308.00	1242.00	1216.00	1316.00	1302.00	1236.00	1168.00	1069.00	1051.00	1070.00	1094.00	1130.00	1208.00	1371.00	1313.00	1254.00	1322.00	1294.00	1237.00	1154.00	1081.00	1031.00	1027.00	1019.00	1038.00	1073.00	1061.00	1056.00	1060.00	1073.00	1113.00	1127.00	1154.00	1178.00	1261.00	1281.00	1312.00	1341.00	1488.00	1556.00	1469.00	1367.00	1259.00	1313.00	1414.00	1530.00	1450.00	1331.00	1296.00	1254.00	1189.00	1139.00	1026.00	990.00	967.00	953.00	919.00	916.00	912.00	904.00	900.00	882.00	880.00	880.00	879.00	866.00	864.00	863.00	856.00	820.00	810.00	818.00	822.00	824.00	830.00	834.00	840.00	841.00	843.00	853.00	857.00	861.00	864.00	883.00	881.00	878.00	892.00	930.00	929.00	931.00	930.00	931.00	924.00	924.00	944.00	977.00	984.00	1030.00	1006.00	1026.00	1037.00	1044.00	1068.00	1083.00	1098.00	1110.00	1125.00	1132.00	1147.00	1166.00	1181.00	1178.00	1216.00	1252.00	1294.00	1363.00	1373.00	1366.00	1403.00	1493.00	1430.00	1331.00	1237.00	1190.00	1279.00	1302.00	1302.00	1279.00	1092.00	1080.00	1107.00	1156.00	1200.00	1161.00	1113.00	1073.00	1079.00	1079.00	1077.00	1086.00	1093.00	1098.00	1108.00	1112.00	1116.00	1125.00	1132.00	1132.00	1142.00	1143.00	1159.00	1202.00	1209.00	1232.00	1260.00
798.00	832.00	833.00	788.00	792.00	796.00	773.00	740.00	737.00	782.00	807.00	836.00	860.00	877.00	874.00	846.00	833.00	822.00	793.00	786.00	792.00	805.00	822.00	881.00	928.00	996.00	1104.00	1106.00	1088.00	1155.00	1233.00	1335.00	1347.00	1343.00	1316.00	1303.00	1372.00	1391.00	1403.00	1381.00	1394.00	1375.00	1258.00	1189.00	1150.00	1111.00	1108.00	1097.00	1071.00	1062.00	1053.00	1078.00	1134.00	1204.00	1278.00	1213.00	1172.00	1132.00	1094.00	1039.00	1028.00	1023.00	1040.00	1044.00	1009.00	1011.00	1012.00	1011.00	1006.00	1001.00	999.00	1005.00	1021.00	1025.00	1028.00	1036.00	1046.00	1061.00	1045.00	1052.00	1071.00	1101.00	1110.00	1224.00	1300.00	1324.00	1269.00	1196.00	1108.00	1034.00	1069.00	1126.00	1194.00	1168.00	1276.00	1473.00	1530.00	1532.00	1565.00	1495.00	1392.00	1308.00	1242.00	1216.00	1316.00	1302.00	1236.00	1168.00	1069.00	1051.00	1070.00	1094.00	1130.00	1208.00	1371.00	1313.00	1254.00	1322.00	1294.00	1237.00	1154.00	1081.00	1031.00	1027.00	1019.00	1038.00	1073.00	1061.00	1056.00	1060.00	1073.00	1113.00	1127.00	1154.00	1178.00	1261.00	1281.00	1312.00	1341.00	1488.00	1556.00	1469.00	1367.00	1259.00	1313.00	1414.00	1530.00	1450.00	1331.00	1296.00	1254.00	1189.00	1139.00	1026.00	990.00	967.00	953.00	919.00	916.00	912.00	904.00	900.00	882.00	880.00	880.00	879.00	866.00	864.00	863.00	856.00	820.00	810.00	818.00	822.00	824.00	830.00	834.00	840.00	841.00	843.00	853.00	857.00	861.00	864.00	883.00	881.00	878.00	892.00	930.00	929.00	931.00	930.00	931.00	924.00	924.00	944.00	977.00	984.00	1030.00	1006.00	1026.00	1037.00	1044.00	1068.00	1083.00	1098.00	1110.00	1125.00	1132.00	1147.00	1166.00	1181.00	1178.00	1216.00	1252.00	1294.00	1363.00	1373.00	1366.00	1403.00	1493.00	1430.00	1331.00	1237.00	1190.00	1279.00	1302.00	1302.00	1279.00	1092.00	1080.00	1107.00	1156.00	1200.00	1161.00	1113.00	1073.00	1079.00	1079.00	1077.00	1086.00	1093.00	1098.00	1108.00	1112.00	1116.00	1125.00	1132.00	1132.00	1142.00	1143.00	1159.00	1202.00	1209.00	1232.00	1260.00
935.00	948.00	900.00	911.00	956.00	993.00	921.00	854.00	778.00	824.00	903.00	994.00	1067.00	1090.00	1074.00	1037.00	1008.00	976.00	905.00	880.00	822.00	807.00	807.00	816.00	828.00	854.00	887.00	923.00	942.00	963.00	993.00	1103.00	1099.00	1097.00	1076.00	1069.00	1115.00	1147.00	1196.00	1268.00	1325.00	1245.00	1174.00	1134.00	1112.00	1083.00	1074.00	1068.00	1064.00	1063.00	1061.00	1119.00	1166.00	1219.00	1233.00	1135.00	1072.00	1054.00	1046.00	1051.00	1061.00	1067.00	1132.00	1119.00	1050.00	1027.00	1029.00	1028.00	1013.00	1006.00	1002.00	1000.00	1007.00	1009.00	1011.00	1021.00	1035.00	1057.00	1042.00	1036.00	1056.00	1117.00	1163.00	1254.00	1341.00	1331.00	1193.00	1130.00	1067.00	1018.00	1093.00	1176.00	1165.00	1199.00	1388.00	1443.00	1364.00	1287.00	1330.00	1451.00	1462.00	1462.00	1418.00	1402.00	1526.00	1506.00	1412.00	1329.00	1185.00	1122.00	1075.00	1046.00	1030.00	1071.00	1178.00	1124.00	1184.00	1399.00	1434.00	1354.00	1264.00	1219.00	1138.00	1124.00	1080.00	1013.00	1001.00	1003.00	1014.00	1024.00	1072.00	1162.00	1250.00	1300.00	1332.00	1470.00	1480.00	1472.00	1418.00	1442.00	1446.00	1451.00	1377.00	1335.00	1472.00	1565.00	1401.00	1277.00	1206.00	1195.00	1162.00	1138.00	1112.00	1008.00	979.00	959.00	944.00	920.00	914.00	905.00	900.00	897.00	889.00	887.00	886.00	884.00	877.00	873.00	871.00	866.00	856.00	810.00	811.00	815.00	818.00	828.00	835.00	843.00	846.00	853.00	882.00	896.00	917.00	929.00	952.00	954.00	1004.00	1077.00	1078.00	1063.00	1025.00	1005.00	994.00	1029.00	984.00	938.00	948.00	963.00	1022.00	1062.00	1151.00	1221.00	1092.00	1078.00	1107.00	1128.00	1165.00	1280.00	1278.00	1198.00	1169.00	1145.00	1137.00	1144.00	1160.00	1209.00	1241.00	1241.00	1292.00	1366.00	1485.00	1389.00	1301.00	1242.00	1227.00	1263.00	1293.00	1283.00	1216.00	1112.00	1171.00	1146.00	1172.00	1213.00	1118.00	1090.00	1119.00	1135.00	1114.00	1112.00	1111.00	1115.00	1153.00	1154.00	1134.00	1145.00	1177.00	1191.00	1246.00	1245.00	1213.00	1216.00	1330.00	1299.00	1300.00	1343.00
935.00	948.00	900.00	911.00	956.00	993.00	921.00	854.00	778.00	824.00	903.00	994.00	1067.00	1090.00	1074.00	1037.00	1008.00	976.00	905.00	880.00	822.00	807.00	807.00	816.00	828.00	854.00	887.00	923.00	942.00	963.00	993.00	1103.00	1099.00	1097.00	1076.00	1069.00	1115.00	1147.00	1196.00	1268.00	1325.00	1245.00	1174.00	1134.00	1112.00	1083.00	1074.00	1068.00	1064.00	1063.00	1061.00	1119.00	1166.00	1219.00	1233.00	1135.00	1072.00	1054.00	1046.00	1051.00	1061.00	1067.00	1132.00	1119.00	1050.00	1027.00	1029.00	1028.00	1013.00	1006.00	1002.00	1000.00	1007.00	1009.00	1011.00	1021.00	1035.00	1057.00	1042.00	1036.00	1056.00	1117.00	1163.00	1254.00	1341.00	1331.00	1193.00	1130.00	1067.00	1018.00	1093.00	1176.00	1165.00	1199.00	1388.00	1443.00	1364.00	1287.00	1330.00	1451.00	1462.00	1462.00	1418.00	1402.00	1526.00	1506.00	1412.00	1329.00	1185.00	1122.00	1075.00	1046.00	1030.00	1071.00	1178.00	1124.00	1184.00	1399.00	1434.00	1354.00	1264.00	1219.00	1138.00	1124.00	1080.00	1013.00	1001.00	1003.00	1014.00	1024.00	1072.00	1162.00	1250.00	1300.00	1332.00	1470.00	1480.00	1472.00	1418.00	1442.00	1446.00	1451.00	1377.00	1335.00	1472.00	1565.00	1401.00	1277.00	1206.00	1195.00	1162.00	1138.00	1112.00	1008.00	979.00	959.00	944.00	920.00	914.00	905.00	900.00	897.00	889.00	887.00	886.00	884.00	877.00	873.00	871.00	866.00	856.00	810.00	811.00	815.00	818.00	828.00	835.00	843.00	846.00	853.00	882.00	896.00	917.00	929.00	952.00	954.00	1004.00	1077.00	1078.00	1063.00	1025.00	1005.00	994.00	1029.00	984.00	938.00	948.00	963.00	1022.00	1062.00	1151.00	1221.00	1092.00	1078.00	1107.00	1128.00	1165.00	1280.00	1278.00	1198.00	1169.00	1145.00	1137.00	1144.00	1160.00	1209.00	1241.00	1241.00	1292.00	1366.00	1485.00	1389.00	1301.00	1242.00	1227.00	1263.00	1293.00	1283.00	1216.00	1112.00	1171.00	1146.00	1172.00	1213.00	1118.00	1090.00	1119.00	1135.00	1114.00	1112.00	1111.00	1115.00	1153.00	1154.00	1134.00	1145.00	1177.00	1191.00	1246.00	1245.00	1213.00	1216.00	1330.00	1299.00	1300.00	1343.00
919.00	927.00	969.00	1062.00	1147.00	1143.00	1052.00	957.00	841.00	891.00	986.00	1086.00	1202.00	1314.00	1309.00	1235.00	1164.00	1099.00	1033.00	1049.00	976.00	923.00	891.00	876.00	866.00	852.00	854.00	870.00	866.00	867.00	890.00	953.00	1021.00	1053.00	1098.00	1159.00	1316.00	1321.00	1242.00	1243.00	1318.00	1252.00	1213.00	1157.00	1115.00	1086.00	1077.00	1074.00	1078.00	1075.00	1083.00	1113.00	1142.00	1165.00	1134.00	1082.00	1058.00	1069.00	1085.00	1136.00	1145.00	1213.00	1256.00	1196.00	1126.00	1074.00	1056.00	1069.00	1036.00	1024.00	1016.00	1013.00	1003.00	999.00	996.00	1002.00	1021.00	1040.00	1033.00	1020.00	1035.00	1098.00	1177.00	1294.00	1302.00	1266.00	1125.00	1081.00	1051.00	1018.00	1071.00	1120.00	1122.00	1204.00	1435.00	1343.00	1233.00	1147.00	1158.00	1257.00	1360.00	1438.00	1451.00	1436.00	1331.00	1363.00	1328.00	1296.00	1321.00	1283.00	1259.00	1205.00	1125.00	1001.00	1029.00	1053.00	1099.00	1258.00	1353.00	1412.00	1424.00	1405.00	1319.00	1334.00	1245.00	1127.00	989.00	985.00	995.00	1002.00	1047.00	1141.00	1224.00	1247.00	1262.00	1505.00	1566.00	1493.00	1416.00	1294.00	1209.00	1186.00	1196.00	1231.00	1423.00	1535.00	1391.00	1331.00	1274.00	1196.00	1128.00	1092.00	1070.00	992.00	967.00	951.00	937.00	905.00	900.00	897.00	895.00	893.00	887.00	885.00	885.00	883.00	875.00	869.00	864.00	861.00	858.00	819.00	815.00	814.00	817.00	830.00	837.00	851.00	859.00	872.00	911.00	928.00	942.00	960.00	1014.00	1073.00	1143.00	1208.00	1290.00	1240.00	1188.00	1121.00	1077.00	1031.00	999.00	960.00	977.00	1039.00	996.00	1034.00	1112.00	1181.00	1138.00	1178.00	1243.00	1305.00	1328.00	1407.00	1309.00	1185.00	1159.00	1119.00	1118.00	1123.00	1134.00	1153.00	1207.00	1250.00	1299.00	1347.00	1457.00	1353.00	1270.00	1244.00	1261.00	1202.00	1184.00	1183.00	1154.00	1201.00	1219.00	1203.00	1188.00	1213.00	1108.00	1121.00	1141.00	1173.00	1136.00	1160.00	1140.00	1138.00	1158.00	1210.00	1213.00	1189.00	1224.00	1216.00	1275.00	1317.00	1329.00	1306.00	1353.00	1350.00	1348.00	1338.00
885.00	919.00	983.00	1080.00	1190.00	1142.00	1051.00	960.00	867.00	930.00	1038.00	1147.00	1247.00	1288.00	1145.00	1084.00	1019.00	954.00	1003.00	1009.00	1034.00	984.00	966.00	991.00	994.00	1027.00	1046.00	1030.00	985.00	910.00	881.00	1042.00	1251.00	1323.00	1374.00	1410.00	1553.00	1561.00	1518.00	1518.00	1541.00	1359.00	1290.00	1207.00	1141.00	1095.00	1085.00	1088.00	1113.00	1130.00	1169.00	1129.00	1107.00	1095.00	1094.00	1090.00	1114.00	1166.00	1185.00	1320.00	1280.00	1277.00	1205.00	1127.00	1123.00	1115.00	1149.00	1167.00	1123.00	1139.00	1104.00	1079.00	1019.00	1010.00	1000.00	993.00	998.00	1013.00	1018.00	1018.00	1020.00	1046.00	1061.00	1100.00	1094.00	1080.00	1038.00	1033.00	1028.00	1010.00	1046.00	1050.00	1058.00	1125.00	1211.00	1185.00	1173.00	1122.00	1063.00	1098.00	1154.00	1182.00	1205.00	1173.00	1105.00	1095.00	1090.00	1077.00	1124.00	1122.00	1114.00	1096.00	1062.00	1004.00	991.00	1005.00	1012.00	1098.00	1178.00	1209.00	1276.00	1365.00	1467.00	1414.00	1338.00	1173.00	999.00	975.00	976.00	986.00	1032.00	1071.00	1119.00	1175.00	1268.00	1442.00	1472.00	1432.00	1328.00	1154.00	1081.00	1105.00	1168.00	1223.00	1355.00	1396.00	1499.00	1518.00	1342.00	1275.00	1215.00	1149.00	1120.00	981.00	944.00	928.00	917.00	887.00	881.00	877.00	877.00	877.00	878.00	879.00	878.00	878.00	876.00	869.00	862.00	858.00	846.00	824.00	820.00	817.00	819.00	833.00	840.00	854.00	863.00	878.00	908.00	923.00	936.00	961.00	1014.00	1060.00	1114.00	1172.00	1338.00	1435.00	1325.00	1228.00	1151.00	1072.00	1074.00	997.00	986.00	1060.00	1139.00	1082.00	1044.00	1057.00	1154.00	1255.00	1360.00	1450.00	1473.00	1333.00	1276.00	1150.00	1122.00	1104.00	1112.00	1122.00	1134.00	1159.00	1246.00	1275.00	1252.00	1276.00	1370.00	1308.00	1280.00	1261.00	1232.00	1235.00	1283.00	1266.00	1215.00	1181.00	1214.00	1250.00	1243.00	1188.00	1135.00	1150.00	1171.00	1190.00	1162.00	1206.00	1247.00	1246.00	1244.00	1247.00	1239.00	1225.00	1218.00	1255.00	1286.00	1288.00	1321.00	1287.00	1321.00	1248.00	1209.00	1193.00
885.00	919.00	983.00	1080.00	1190.00	1142.00	1051.00	960.00	867.00	930.00	1038.00	1147.00	1247.00	1288.00	1145.00	1084.00	1019.00	954.00	1003.00	1009.00	1034.00	984.00	966.00	991.00	994.00	1027.00	1046.00	1030.00	985.00	910.00	881.00	1042.00	1251.00	1323.00	1374.00	1410.00	1553.00	1561.00	1518.00	1518.00	1541.00	1359.00	1290.00	1207.00	1141.00	1095.00	1085.00	1088.00	1113.00	1130.00	1169.00	1129.00	1107.00	1095.00	1094.00	1090.00	1114.00	1166.00	1185.00	1320.00	1280.00	1277.00	1205.00	1127.00	1123.00	1115.00	1149.00	1167.00	1123.00	1139.00	1104.00	1079.00	1019.00	1010.00	1000.00	993.00	998.00	1013.00	1018.00	1018.00	1020.00	1046.00	1061.00	1100.00	1094.00	1080.00	1038.00	1033.00	1028.00	1010.00	1046.00	1050.00	1058.00	1125.00	1211.00	1185.00	1173.00	1122.00	1063.00	1098.00	1154.00	1182.00	1205.00	1173.00	1105.00	1095.00	1090.00	1077.00	1124.00	1122.00	1114.00	1096.00	1062.00	1004.00	991.00	1005.00	1012.00	1098.00	1178.00	1209.00	1276.00	1365.00	1467.00	1414.00	1338.00	1173.00	999.00	975.00	976.00	986.00	1032.00	1071.00	1119.00	1175.00	1268.00	1442.00	1472.00	1432.00	1328.00	1154.00	1081.00	1105.00	1168.00	1223.00	1355.00	1396.00	1499.00	1518.00	1342.00	1275.00	1215.00	1149.00	1120.00	981.00	944.00	928.00	917.00	887.00	881.00	877.00	877.00	877.00	878.00	879.00	878.00	878.00	876.00	869.00	862.00	858.00	846.00	824.00	820.00	817.00	819.00	833.00	840.00	854.00	863.00	878.00	908.00	923.00	936.00	961.00	1014.00	1060.00	1114.00	1172.00	1338.00	1435.00	1325.00	1228.00	1151.00	1072.00	1074.00	997.00	986.00	1060.00	1139.00	1082.00	1044.00	1057.00	1154.00	1255.00	1360.00	1450.00	1473.00	1333.00	1276.00	1150.00	1122.00	1104.00	1112.00	1122.00	1134.00	1159.00	1246.00	1275.00	1252.00	1276.00	1370.00	1308.00	1280.00	1261.00	1232.00	1235.00	1283.00	1266.00	1215.00	1181.00	1214.00	1250.00	1243.00	1188.00	1135.00	1150.00	1171.00	1190.00	1162.00	1206.00	1247.00	1246.00	1244.00	1247.00	1239.00	1225.00	1218.00	1255.00	1286.00	1288.00	1321.00	1287.00	1321.00	1248.00	1209.00	1193.00
904.00	940.00	1020.00	1124.00	1239.00	1152.00	1051.00	974.00	892.00	878.00	974.00	1054.00	1057.00	1022.00	940.00	905.00	886.00	887.00	933.00	940.00	908.00	919.00	942.00	1012.00	1082.00	1184.00	1298.00	1180.00	1067.00	972.00	915.00	974.00	1198.00	1292.00	1338.00	1387.00	1543.00	1544.00	1565.00	1544.00	1551.00	1287.00	1232.00	1189.00	1149.00	1108.00	1099.00	1096.00	1125.00	1165.00	1236.00	1168.00	1157.00	1178.00	1247.00	1226.00	1224.00	1321.00	1385.00	1461.00	1496.00	1420.00	1258.00	1239.00	1216.00	1213.00	1201.00	1156.00	1167.00	1210.00	1231.00	1231.00	1065.00	1040.00	1026.00	1014.00	1005.00	995.00	994.00	998.00	1001.00	1009.00	1014.00	1010.00	1000.00	994.00	997.00	999.00	1002.00	1005.00	987.00	987.00	994.00	1003.00	1017.00	1003.00	995.00	987.00	990.00	989.00	985.00	989.00	991.00	992.00	980.00	977.00	972.00	974.00	962.00	958.00	956.00	959.00	964.00	967.00	964.00	966.00	969.00	993.00	1016.00	1053.00	1107.00	1151.00	1273.00	1232.00	1178.00	1052.00	1006.00	987.00	966.00	972.00	1008.00	1044.00	1109.00	1197.00	1282.00	1266.00	1350.00	1362.00	1268.00	1100.00	1029.00	1108.00	1222.00	1296.00	1144.00	1184.00	1400.00	1486.00	1339.00	1268.00	1195.00	1114.00	1048.00	956.00	926.00	904.00	891.00	871.00	868.00	866.00	867.00	868.00	870.00	871.00	871.00	869.00	866.00	862.00	853.00	844.00	836.00	824.00	821.00	820.00	824.00	841.00	842.00	856.00	868.00	889.00	926.00	944.00	960.00	984.00	1030.00	1116.00	1214.00	1271.00	1275.00	1393.00	1431.00	1363.00	1262.00	1109.00	1080.00	1051.00	1000.00	1035.00	1304.00	1222.00	1124.00	1087.00	1218.00	1324.00	1434.00	1413.00	1333.00	1199.00	1169.00	1104.00	1092.00	1137.00	1136.00	1134.00	1149.00	1178.00	1302.00	1364.00	1409.00	1443.00	1310.00	1281.00	1286.00	1303.00	1323.00	1349.00	1334.00	1291.00	1275.00	1238.00	1257.00	1224.00	1190.00	1176.00	1179.00	1210.00	1242.00	1243.00	1146.00	1181.00	1342.00	1392.00	1409.00	1367.00	1332.00	1296.00	1229.00	1160.00	1201.00	1174.00	1230.00	1194.00	1185.00	1144.00	1140.00	1159.00
904.00	940.00	1020.00	1124.00	1239.00	1152.00	1051.00	974.00	892.00	878.00	974.00	1054.00	1057.00	1022.00	940.00	905.00	886.00	887.00	933.00	940.00	908.00	919.00	942.00	1012.00	1082.00	1184.00	1298.00	1180.00	1067.00	972.00	915.00	974.00	1198.00	1292.00	1338.00	1387.00	1543.00	1544.00	1565.00	1544.00	1551.00	1287.00	1232.00	1189.00	1149.00	1108.00	1099.00	1096.00	1125.00	1165.00	1236.00	1168.00	1157.00	1178.00	1247.00	1226.00	1224.00	1321.00	1385.00	1461.00	1496.00	1420.00	1258.00	1239.00	1216.00	1213.00	1201.00	1156.00	1167.00	1210.00	1231.00	1231.00	1065.00	1040.00	1026.00	1014.00	1005.00	995.00	994.00	998.00	1001.00	1009.00	1014.00	1010.00	1000.00	994.00	997.00	999.00	1002.00	1005.00	987.00	987.00	994.00	1003.00	1017.00	1003.00	995.00	987.00	990.00	989.00	985.00	989.00	991.00	992.00	980.00	977.00	972.00	974.00	962.00	958.00	956.00	959.00	964.00	967.00	964.00	966.00	969.00	993.00	1016.00	1053.00	1107.00	1151.00	1273.00	1232.00	1178.00	1052.00	1006.00	987.00	966.00	972.00	1008.00	1044.00	1109.00	1197.00	1282.00	1266.00	1350.00	1362.00	1268.00	1100.00	1029.00	1108.00	1222.00	1296.00	1144.00	1184.00	1400.00	1486.00	1339.00	1268.00	1195.00	1114.00	1048.00	956.00	926.00	904.00	891.00	871.00	868.00	866.00	867.00	868.00	870.00	871.00	871.00	869.00	866.00	862.00	853.00	844.00	836.00	824.00	821.00	820.00	824.00	841.00	842.00	856.00	868.00	889.00	926.00	944.00	960.00	984.00	1030.00	1116.00	1214.00	1271.00	1275.00	1393.00	1431.00	1363.00	1262.00	1109.00	1080.00	1051.00	1000.00	1035.00	1304.00	1222.00	1124.00	1087.00	1218.00	1324.00	1434.00	1413.00	1333.00	1199.00	1169.00	1104.00	1092.00	1137.00	1136.00	1134.00	1149.00	1178.00	1302.00	1364.00	1409.00	1443.00	1310.00	1281.00	1286.00	1303.00	1323.00	1349.00	1334.00	1291.00	1275.00	1238.00	1257.00	1224.00	1190.00	1176.00	1179.00	1210.00	1242.00	1243.00	1146.00	1181.00	1342.00	1392.00	1409.00	1367.00	1332.00	1296.00	1229.00	1160.00	1201.00	1174.00	1230.00	1194.00	1185.00	1144.00	1140.00	1159.00
1081.00	1111.00	1172.00	1264.00	1321.00	1140.00	1039.00	964.00	891.00	850.00	832.00	851.00	871.00	889.00	915.00	979.00	1018.00	988.00	1122.00	1108.00	942.00	941.00	980.00	1078.00	1171.00	1294.00	1421.00	1251.00	1145.00	1055.00	979.00	914.00	1051.00	1108.00	1188.00	1261.00	1252.00	1279.00	1315.00	1349.00	1428.00	1449.00	1358.00	1269.00	1194.00	1132.00	1116.00	1116.00	1142.00	1197.00	1255.00	1352.00	1343.00	1358.00	1380.00	1388.00	1374.00	1398.00	1433.00	1457.00	1490.00	1482.00	1353.00	1313.00	1225.00	1183.00	1179.00	1181.00	1151.00	1120.00	1116.00	1120.00	1130.00	1105.00	1075.00	1047.00	1029.00	1015.00	1007.00	1006.00	1006.00	1007.00	994.00	985.00	982.00	978.00	985.00	990.00	991.00	988.00	986.00	982.00	975.00	978.00	975.00	964.00	961.00	957.00	957.00	956.00	953.00	950.00	948.00	947.00	945.00	941.00	939.00	939.00	936.00	935.00	935.00	938.00	943.00	951.00	953.00	954.00	953.00	950.00	950.00	953.00	972.00	999.00	1046.00	1023.00	993.00	981.00	996.00	990.00	981.00	967.00	962.00	990.00	1032.00	1090.00	1156.00	1169.00	1239.00	1265.00	1198.00	1020.00	1018.00	1136.00	1237.00	1247.00	1041.00	1079.00	1291.00	1328.00	1347.00	1329.00	1217.00	1101.00	1011.00	915.00	892.00	880.00	869.00	857.00	855.00	855.00	855.00	851.00	850.00	852.00	851.00	847.00	845.00	840.00	834.00	830.00	826.00	823.00	826.00	828.00	831.00	842.00	848.00	861.00	872.00	897.00	930.00	947.00	968.00	1024.00	1060.00	1125.00	1156.00	1113.00	1215.00	1395.00	1443.00	1434.00	1350.00	1158.00	1118.00	1074.00	1062.00	1043.00	1255.00	1195.00	1161.00	1212.00	1348.00	1387.00	1352.00	1312.00	1302.00	1172.00	1114.00	1079.00	1085.00	1116.00	1120.00	1137.00	1165.00	1213.00	1287.00	1367.00	1455.00	1506.00	1276.00	1258.00	1276.00	1314.00	1355.00	1266.00	1233.00	1268.00	1303.00	1155.00	1146.00	1159.00	1173.00	1202.00	1338.00	1347.00	1308.00	1261.00	1123.00	1107.00	1258.00	1297.00	1316.00	1274.00	1271.00	1225.00	1247.00	1131.00	1108.00	1102.00	1114.00	1113.00	1127.00	1190.00	1257.00	1319.00
1081.00	1111.00	1172.00	1264.00	1321.00	1140.00	1039.00	964.00	891.00	850.00	832.00	851.00	871.00	889.00	915.00	979.00	1018.00	988.00	1122.00	1108.00	942.00	941.00	980.00	1078.00	1171.00	1294.00	1421.00	1251.00	1145.00	1055.00	979.00	914.00	1051.00	1108.00	1188.00	1261.00	1252.00	1279.00	1315.00	1349.00	1428.00	1449.00	1358.00	1269.00	1194.00	1132.00	1116.00	1116.00	1142.00	1197.00	1255.00	1352.00	1343.00	1358.00	1380.00	1388.00	1374.00	1398.00	1433.00	1457.00	1490.00	1482.00	1353.00	1313.00	1225.00	1183.00	1179.00	1181.00	1151.00	1120.00	1116.00	1120.00	1130.00	1105.00	1075.00	1047.00	1029.00	1015.00	1007.00	1006.00	1006.00	1007.00	994.00	985.00	982.00	978.00	985.00	990.00	991.00	988.00	986.00	982.00	975.00	978.00	975.00	964.00	961.00	957.00	957.00	956.00	953.00	950.00	948.00	947.00	945.00	941.00	939.00	939.00	936.00	935.00	935.00	938.00	943.00	951.00	953.00	954.00	953.00	950.00	950.00	953.00	972.00	999.00	1046.00	1023.00	993.00	981.00	996.00	990.00	981.00	967.00	962.00	990.00	1032.00	1090.00	1156.00	1169.00	1239.00	1265.00	1198.00	1020.00	1018.00	1136.00	1237.00	1247.00	1041.00	1079.00	1291.00	1328.00	1347.00	1329.00	1217.00	1101.00	1011.00	915.00	892.00	880.00	869.00	857.00	855.00	855.00	855.00	851.00	850.00	852.00	851.00	847.00	845.00	840.00	834.00	830.00	826.00	823.00	826.00	828.00	831.00	842.00	848.00	861.00	872.00	897.00	930.00	947.00	968.00	1024.00	1060.00	1125.00	1156.00	1113.00	1215.00	1395.00	1443.00	1434.00	1350.00	1158.00	1118.00	1074.00	1062.00	1043.00	1255.00	1195.00	1161.00	1212.00	1348.00	1387.00	1352.00	1312.00	1302.00	1172.00	1114.00	1079.00	1085.00	1116.00	1120.00	1137.00	1165.00	1213.00	1287.00	1367.00	1455.00	1506.00	1276.00	1258.00	1276.00	1314.00	1355.00	1266.00	1233.00	1268.00	1303.00	1155.00	1146.00	1159.00	1173.00	1202.00	1338.00	1347.00	1308.00	1261.00	1123.00	1107.00	1258.00	1297.00	1316.00	1274.00	1271.00	1225.00	1247.00	1131.00	1108.00	1102.00	1114.00	1113.00	1127.00	1190.00	1257.00	1319.00
1081.00	1111.00	1172.00	1264.00	1321.00	1140.00	1039.00	964.00	891.00	850.00	832.00	851.00	871.00	889.00	915.00	979.00	1018.00	988.00	1122.00	1108.00	942.00	941.00	980.00	1078.00	1171.00	1294.00	1421.00	1251.00	1145.00	1055.00	979.00	914.00	1051.00	1108.00	1188.00	1261.00	1252.00	1279.00	1315.00	1349.00	1428.00	1449.00	1358.00	1269.00	1194.00	1132.00	1116.00	1116.00	1142.00	1197.00	1255.00	1352.00	1343.00	1358.00	1380.00	1388.00	1374.00	1398.00	1433.00	1457.00	1490.00	1482.00	1353.00	1313.00	1225.00	1183.00	1179.00	1181.00	1151.00	1120.00	1116.00	1120.00	1130.00	1105.00	1075.00	1047.00	1029.00	1015.00	1007.00	1006.00	1006.00	1007.00	994.00	985.00	982.00	978.00	985.00	990.00	991.00	988.00	986.00	982.00	975.00	978.00	975.00	964.00	961.00	957.00	957.00	956.00	953.00	950.00	948.00	947.00	945.00	941.00	939.00	939.00	936.00	935.00	935.00	938.00	943.00	951.00	953.00	954.00	953.00	950.00	950.00	953.00	972.00	999.00	1046.00	1023.00	993.00	981.00	996.00	990.00	981.00	967.00	962.00	990.00	1032.00	1090.00	1156.00	1169.00	1239.00	1265.00	1198.00	1020.00	1018.00	1136.00	1237.00	1247.00	1041.00	1079.00	1291.00	1328.00	1347.00	1329.00	1217.00	1101.00	1011.00	915.00	892.00	880.00	869.00	857.00	855.00	855.00	855.00	851.00	850.00	852.00	851.00	847.00	845.00	840.00	834.00	830.00	826.00	823.00	826.00	828.00	831.00	842.00	848.00	861.00	872.00	897.00	930.00	947.00	968.00	1024.00	1060.00	1125.00	1156.00	1113.00	1215.00	1395.00	1443.00	1434.00	1350.00	1158.00	1118.00	1074.00	1062.00	1043.00	1255.00	1195.00	1161.00	1212.00	1348.00	1387.00	1352.00	1312.00	1302.00	1172.00	1114.00	1079.00	1085.00	1116.00	1120.00	1137.00	1165.00	1213.00	1287.00	1367.00	1455.00	1506.00	1276.00	1258.00	1276.00	1314.00	1355.00	1266.00	1233.00	1268.00	1303.00	1155.00	1146.00	1159.00	1173.00	1202.00	1338.00	1347.00	1308.00	1261.00	1123.00	1107.00	1258.00	1297.00	1316.00	1274.00	1271.00	1225.00	1247.00	1131.00	1108.00	1102.00	1114.00	1113.00	1127.00	1190.00	1257.00	1319.00
1367.00	1378.00	1405.00	1448.00	1361.00	1174.00	1074.00	992.00	913.00	947.00	944.00	926.00	930.00	980.00	1124.00	1168.00	1234.00	1247.00	1257.00	1207.00	991.00	972.00	1024.00	1171.00	1282.00	1406.00	1454.00	1297.00	1206.00	1125.00	1071.00	942.00	1014.00	1044.00	1051.00	1070.00	1168.00	1232.00	1300.00	1379.00	1426.00	1373.00	1394.00	1321.00	1232.00	1142.00	1139.00	1163.00	1182.00	1186.00	1236.00	1312.00	1278.00	1278.00	1300.00	1316.00	1278.00	1346.00	1389.00	1266.00	1270.00	1330.00	1291.00	1266.00	1208.00	1199.00	1230.00	1279.00	1285.00	1217.00	1157.00	1128.00	1099.00	1081.00	1080.00	1060.00	1040.00	1021.00	1016.00	1012.00	1007.00	997.00	995.00	994.00	994.00	985.00	977.00	977.00	975.00	973.00	975.00	974.00	968.00	962.00	956.00	953.00	953.00	953.00	951.00	949.00	951.00	957.00	958.00	957.00	948.00	944.00	944.00	951.00	956.00	943.00	939.00	934.00	932.00	939.00	940.00	939.00	937.00	931.00	926.00	929.00	943.00	946.00	960.00	951.00	942.00	948.00	976.00	981.00	983.00	972.00	947.00	943.00	958.00	989.00	1021.00	1115.00	1183.00	1164.00	1095.00	972.00	991.00	1054.00	1062.00	1045.00	975.00	972.00	1068.00	1083.00	1075.00	1096.00	1033.00	968.00	917.00	871.00	858.00	855.00	853.00	850.00	848.00	846.00	843.00	840.00	833.00	830.00	827.00	825.00	825.00	824.00	824.00	824.00	824.00	829.00	834.00	839.00	841.00	844.00	852.00	869.00	880.00	890.00	922.00	937.00	951.00	971.00	991.00	1016.00	1042.00	1071.00	1181.00	1220.00	1238.00	1239.00	1223.00	1130.00	1106.00	1124.00	1182.00	1107.00	1139.00	1165.00	1238.00	1318.00	1264.00	1222.00	1199.00	1195.00	1221.00	1115.00	1075.00	1096.00	1140.00	1125.00	1126.00	1176.00	1250.00	1330.00	1349.00	1357.00	1435.00	1423.00	1343.00	1366.00	1323.00	1239.00	1203.00	1205.00	1173.00	1171.00	1236.00	1104.00	1118.00	1119.00	1154.00	1224.00	1310.00	1294.00	1243.00	1190.00	1094.00	1070.00	1124.00	1179.00	1215.00	1208.00	1174.00	1148.00	1162.00	1079.00	1090.00	1110.00	1143.00	1181.00	1234.00	1208.00	1258.00	1324.00
1323.00	1260.00	1283.00	1373.00	1426.00	1249.00	1161.00	1071.00	977.00	941.00	999.00	1065.00	1092.00	1063.00	1096.00	1157.00	1209.00	1280.00	1373.00	1239.00	1034.00	1033.00	1084.00	1294.00	1418.00	1435.00	1361.00	1188.00	1128.00	1099.00	1095.00	1058.00	997.00	989.00	995.00	1009.00	1050.00	1074.00	1113.00	1154.00	1172.00	1268.00	1327.00	1308.00	1232.00	1198.00	1217.00	1237.00	1241.00	1184.00	1173.00	1316.00	1279.00	1233.00	1177.00	1177.00	1222.00	1315.00	1331.00	1280.00	1191.00	1171.00	1257.00	1315.00	1255.00	1219.00	1239.00	1304.00	1396.00	1335.00	1299.00	1269.00	1245.00	1216.00	1212.00	1155.00	1104.00	1029.00	1018.00	1013.00	1008.00	1001.00	997.00	992.00	989.00	984.00	1002.00	999.00	988.00	996.00	990.00	986.00	987.00	984.00	970.00	963.00	964.00	961.00	958.00	958.00	956.00	956.00	959.00	959.00	966.00	960.00	954.00	956.00	959.00	958.00	953.00	942.00	936.00	929.00	925.00	924.00	923.00	922.00	921.00	919.00	917.00	919.00	919.00	919.00	921.00	930.00	932.00	950.00	959.00	953.00	941.00	936.00	932.00	935.00	944.00	1000.00	1007.00	998.00	980.00	933.00	927.00	920.00	911.00	904.00	910.00	909.00	900.00	898.00	912.00	899.00	883.00	867.00	860.00	847.00	845.00	845.00	847.00	849.00	847.00	846.00	843.00	841.00	837.00	833.00	828.00	826.00	828.00	828.00	829.00	829.00	829.00	833.00	836.00	838.00	841.00	849.00	854.00	867.00	879.00	891.00	923.00	947.00	976.00	1005.00	1036.00	1026.00	1032.00	1039.00	1076.00	1156.00	1172.00	1225.00	1226.00	1197.00	1186.00	1159.00	1149.00	1113.00	1203.00	1273.00	1363.00	1431.00	1257.00	1181.00	1147.00	1123.00	1110.00	1073.00	1060.00	1108.00	1132.00	1128.00	1160.00	1219.00	1274.00	1332.00	1471.00	1466.00	1408.00	1336.00	1273.00	1266.00	1261.00	1233.00	1220.00	1151.00	1110.00	1098.00	1107.00	1085.00	1089.00	1110.00	1135.00	1164.00	1246.00	1202.00	1148.00	1109.00	1068.00	1064.00	1051.00	1071.00	1088.00	1097.00	1094.00	1087.00	1075.00	1097.00	1146.00	1206.00	1222.00	1237.00	1317.00	1336.00	1276.00	1278.00
1323.00	1260.00	1283.00	1373.00	1426.00	1249.00	1161.00	1071.00	977.00	941.00	999.00	1065.00	1092.00	1063.00	1096.00	1157.00	1209.00	1280.00	1373.00	1239.00	1034.00	1033.00	1084.00	1294.00	1418.00	1435.00	1361.00	1188.00	1128.00	1099.00	1095.00	1058.00	997.00	989.00	995.00	1009.00	1050.00	1074.00	1113.00	1154.00	1172.00	1268.00	1327.00	1308.00	1232.00	1198.00	1217.00	1237.00	1241.00	1184.00	1173.00	1316.00	1279.00	1233.00	1177.00	1177.00	1222.00	1315.00	1331.00	1280.00	1191.00	1171.00	1257.00	1315.00	1255.00	1219.00	1239.00	1304.00	1396.00	1335.00	1299.00	1269.00	1245.00	1216.00	1212.00	1155.00	1104.00	1029.00	1018.00	1013.00	1008.00	1001.00	997.00	992.00	989.00	984.00	1002.00	999.00	988.00	996.00	990.00	986.00	987.00	984.00	970.00	963.00	964.00	961.00	958.00	958.00	956.00	956.00	959.00	959.00	966.00	960.00	954.00	956.00	959.00	958.00	953.00	942.00	936.00	929.00	925.00	924.00	923.00	922.00	921.00	919.00	917.00	919.00	919.00	919.00	921.00	930.00	932.00	950.00	959.00	953.00	941.00	936.00	932.00	935.00	944.00	1000.00	1007.00	998.00	980.00	933.00	927.00	920.00	911.00	904.00	910.00	909.00	900.00	898.00	912.00	899.00	883.00	867.00	860.00	847.00	845.00	845.00	847.00	849.00	847.00	846.00	843.00	841.00	837.00	833.00	828.00	826.00	828.00	828.00	829.00	829.00	829.00	833.00	836.00	838.00	841.00	849.00	854.00	867.00	879.00	891.00	923.00	947.00	976.00	1005.00	1036.00	1026.00	1032.00	1039.00	1076.00	1156.00	1172.00	1225.00	1226.00	1197.00	1186.00	1159.00	1149.00	1113.00	1203.00	1273.00	1363.00	1431.00	1257.00	1181.00	1147.00	1123.00	1110.00	1073.00	1060.00	1108.00	1132.00	1128.00	1160.00	1219.00	1274.00	1332.00	1471.00	1466.00	1408.00	1336.00	1273.00	1266.00	1261.00	1233.00	1220.00	1151.00	1110.00	1098.00	1107.00	1085.00	1089.00	1110.00	1135.00	1164.00	1246.00	1202.00	1148.00	1109.00	1068.00	1064.00	1051.00	1071.00	1088.00	1097.00	1094.00	1087.00	1075.00	1097.00	1146.00	1206.00	1222.00	1237.00	1317.00	1336.00	1276.00	1278.00
1161.00	1088.00	1130.00	1210.00	1291.00	1233.00	1154.00	1063.00	972.00	977.00	1033.00	1100.00	1192.00	1258.00	1294.00	1307.00	1290.00	1270.00	1261.00	1258.00	1114.00	1131.00	1188.00	1398.00	1427.00	1341.00	1257.00	1104.00	1055.00	1069.00	1106.00	1198.00	1224.00	1216.00	1207.00	1192.00	1199.00	1175.00	1128.00	1100.00	1090.00	1213.00	1295.00	1362.00	1309.00	1366.00	1410.00	1340.00	1264.00	1203.00	1137.00	1182.00	1222.00	1219.00	1164.00	1142.00	1139.00	1156.00	1158.00	1180.00	1146.00	1119.00	1250.00	1290.00	1247.00	1174.00	1176.00	1254.00	1301.00	1312.00	1299.00	1318.00	1301.00	1269.00	1239.00	1203.00	1132.00	1030.00	1018.00	1005.00	1002.00	998.00	1001.00	1017.00	1019.00	1014.00	1022.00	1019.00	1016.00	1004.00	1002.00	1004.00	1007.00	1006.00	991.00	976.00	972.00	966.00	964.00	965.00	963.00	961.00	963.00	963.00	982.00	976.00	974.00	968.00	962.00	961.00	965.00	964.00	963.00	951.00	936.00	923.00	919.00	920.00	920.00	920.00	922.00	925.00	920.00	915.00	912.00	911.00	910.00	911.00	913.00	917.00	927.00	924.00	923.00	922.00	920.00	917.00	914.00	913.00	918.00	906.00	905.00	902.00	896.00	890.00	877.00	874.00	870.00	865.00	858.00	857.00	858.00	859.00	855.00	846.00	844.00	843.00	843.00	843.00	842.00	842.00	842.00	840.00	835.00	830.00	828.00	829.00	835.00	835.00	837.00	837.00	836.00	838.00	840.00	844.00	848.00	855.00	859.00	879.00	899.00	923.00	943.00	957.00	976.00	989.00	1008.00	1000.00	1011.00	1024.00	1134.00	1283.00	1317.00	1360.00	1387.00	1375.00	1317.00	1250.00	1195.00	1155.00	1288.00	1408.00	1458.00	1374.00	1187.00	1135.00	1114.00	1094.00	1074.00	1056.00	1072.00	1102.00	1093.00	1163.00	1235.00	1286.00	1305.00	1293.00	1297.00	1329.00	1294.00	1299.00	1310.00	1292.00	1339.00	1325.00	1260.00	1165.00	1205.00	1165.00	1127.00	1075.00	1062.00	1057.00	1070.00	1094.00	1166.00	1128.00	1086.00	1054.00	1060.00	1069.00	1036.00	1036.00	1040.00	1048.00	1050.00	1072.00	1110.00	1210.00	1285.00	1331.00	1324.00	1341.00	1316.00	1328.00	1279.00	1244.00
1161.00	1088.00	1130.00	1210.00	1291.00	1233.00	1154.00	1063.00	972.00	977.00	1033.00	1100.00	1192.00	1258.00	1294.00	1307.00	1290.00	1270.00	1261.00	1258.00	1114.00	1131.00	1188.00	1398.00	1427.00	1341.00	1257.00	1104.00	1055.00	1069.00	1106.00	1198.00	1224.00	1216.00	1207.00	1192.00	1199.00	1175.00	1128.00	1100.00	1090.00	1213.00	1295.00	1362.00	1309.00	1366.00	1410.00	1340.00	1264.00	1203.00	1137.00	1182.00	1222.00	1219.00	1164.00	1142.00	1139.00	1156.00	1158.00	1180.00	1146.00	1119.00	1250.00	1290.00	1247.00	1174.00	1176.00	1254.00	1301.00	1312.00	1299.00	1318.00	1301.00	1269.00	1239.00	1203.00	1132.00	1030.00	1018.00	1005.00	1002.00	998.00	1001.00	1017.00	1019.00	1014.00	1022.00	1019.00	1016.00	1004.00	1002.00	1004.00	1007.00	1006.00	991.00	976.00	972.00	966.00	964.00	965.00	963.00	961.00	963.00	963.00	982.00	976.00	974.00	968.00	962.00	961.00	965.00	964.00	963.00	951.00	936.00	923.00	919.00	920.00	920.00	920.00	922.00	925.00	920.00	915.00	912.00	911.00	910.00	911.00	913.00	917.00	927.00	924.00	923.00	922.00	920.00	917.00	914.00	913.00	918.00	906.00	905.00	902.00	896.00	890.00	877.00	874.00	870.00	865.00	858.00	857.00	858.00	859.00	855.00	846.00	844.00	843.00	843.00	843.00	842.00	842.00	842.00	840.00	835.00	830.00	828.00	829.00	835.00	835.00	837.00	837.00	836.00	838.00	840.00	844.00	848.00	855.00	859.00	879.00	899.00	923.00	943.00	957.00	976.00	989.00	1008.00	1000.00	1011.00	1024.00	1134.00	1283.00	1317.00	1360.00	1387.00	1375.00	1317.00	1250.00	1195.00	1155.00	1288.00	1408.00	1458.00	1374.00	1187.00	1135.00	1114.00	1094.00	1074.00	1056.00	1072.00	1102.00	1093.00	1163.00	1235.00	1286.00	1305.00	1293.00	1297.00	1329.00	1294.00	1299.00	1310.00	1292.00	1339.00	1325.00	1260.00	1165.00	1205.00	1165.00	1127.00	1075.00	1062.00	1057.00	1070.00	1094.00	1166.00	1128.00	1086.00	1054.00	1060.00	1069.00	1036.00	1036.00	1040.00	1048.00	1050.00	1072.00	1110.00	1210.00	1285.00	1331.00	1324.00	1341.00	1316.00	1328.00	1279.00	1244.00
1234.00	1143.00	1051.00	1017.00	1043.00	1084.00	1055.00	1033.00	1013.00	935.00	947.00	971.00	1008.00	1044.00	1103.00	1105.00	1087.00	1096.00	1248.00	1329.00	1260.00	1281.00	1324.00	1374.00	1313.00	1226.00	1151.00	1045.00	1006.00	1017.00	1038.00	1102.00	1183.00	1227.00	1277.00	1331.00	1412.00	1398.00	1311.00	1226.00	1184.00	1293.00	1404.00	1507.00	1535.00	1552.00	1466.00	1350.00	1267.00	1210.00	1207.00	1128.00	1117.00	1117.00	1114.00	1107.00	1103.00	1100.00	1092.00	1086.00	1089.00	1090.00	1111.00	1126.00	1128.00	1103.00	1110.00	1143.00	1221.00	1194.00	1171.00	1213.00	1193.00	1171.00	1150.00	1101.00	1047.00	1017.00	1015.00	1020.00	1022.00	1027.00	1030.00	1061.00	1073.00	1072.00	1054.00	1039.00	1027.00	1028.00	1034.00	1032.00	1031.00	1024.00	1003.00	987.00	981.00	977.00	978.00	979.00	974.00	974.00	978.00	981.00	1009.00	1018.00	1036.00	1076.00	1042.00	1025.00	1011.00	1059.00	1092.00	1039.00	1038.00	997.00	967.00	942.00	940.00	947.00	946.00	949.00	948.00	941.00	928.00	910.00	903.00	902.00	902.00	903.00	909.00	911.00	912.00	912.00	910.00	902.00	899.00	895.00	891.00	888.00	887.00	883.00	875.00	869.00	862.00	866.00	872.00	865.00	868.00	875.00	880.00	875.00	865.00	853.00	851.00	849.00	847.00	843.00	842.00	840.00	839.00	838.00	836.00	837.00	851.00	855.00	843.00	841.00	841.00	841.00	842.00	846.00	849.00	853.00	857.00	869.00	877.00	889.00	904.00	921.00	956.00	954.00	954.00	961.00	986.00	1002.00	1021.00	1034.00	1099.00	1156.00	1179.00	1222.00	1256.00	1466.00	1435.00	1330.00	1245.00	1188.00	1236.00	1325.00	1318.00	1230.00	1112.00	1088.00	1069.00	1050.00	1044.00	1110.00	1136.00	1157.00	1134.00	1217.00	1204.00	1178.00	1203.00	1223.00	1329.00	1285.00	1242.00	1309.00	1352.00	1348.00	1319.00	1246.00	1182.00	1235.00	1191.00	1133.00	1119.00	1152.00	1148.00	1144.00	1088.00	1066.00	1061.00	1052.00	1027.00	1042.00	1102.00	1056.00	1031.00	1048.00	1074.00	1107.00	1089.00	1091.00	1118.00	1179.00	1193.00	1181.00	1186.00	1243.00	1242.00	1264.00	1266.00	1252.00
1234.00	1143.00	1051.00	1017.00	1043.00	1084.00	1055.00	1033.00	1013.00	935.00	947.00	971.00	1008.00	1044.00	1103.00	1105.00	1087.00	1096.00	1248.00	1329.00	1260.00	1281.00	1324.00	1374.00	1313.00	1226.00	1151.00	1045.00	1006.00	1017.00	1038.00	1102.00	1183.00	1227.00	1277.00	1331.00	1412.00	1398.00	1311.00	1226.00	1184.00	1293.00	1404.00	1507.00	1535.00	1552.00	1466.00	1350.00	1267.00	1210.00	1207.00	1128.00	1117.00	1117.00	1114.00	1107.00	1103.00	1100.00	1092.00	1086.00	1089.00	1090.00	1111.00	1126.00	1128.00	1103.00	1110.00	1143.00	1221.00	1194.00	1171.00	1213.00	1193.00	1171.00	1150.00	1101.00	1047.00	1017.00	1015.00	1020.00	1022.00	1027.00	1030.00	1061.00	1073.00	1072.00	1054.00	1039.00	1027.00	1028.00	1034.00	1032.00	1031.00	1024.00	1003.00	987.00	981.00	977.00	978.00	979.00	974.00	974.00	978.00	981.00	1009.00	1018.00	1036.00	1076.00	1042.00	1025.00	1011.00	1059.00	1092.00	1039.00	1038.00	997.00	967.00	942.00	940.00	947.00	946.00	949.00	948.00	941.00	928.00	910.00	903.00	902.00	902.00	903.00	909.00	911.00	912.00	912.00	910.00	902.00	899.00	895.00	891.00	888.00	887.00	883.00	875.00	869.00	862.00	866.00	872.00	865.00	868.00	875.00	880.00	875.00	865.00	853.00	851.00	849.00	847.00	843.00	842.00	840.00	839.00	838.00	836.00	837.00	851.00	855.00	843.00	841.00	841.00	841.00	842.00	846.00	849.00	853.00	857.00	869.00	877.00	889.00	904.00	921.00	956.00	954.00	954.00	961.00	986.00	1002.00	1021.00	1034.00	1099.00	1156.00	1179.00	1222.00	1256.00	1466.00	1435.00	1330.00	1245.00	1188.00	1236.00	1325.00	1318.00	1230.00	1112.00	1088.00	1069.00	1050.00	1044.00	1110.00	1136.00	1157.00	1134.00	1217.00	1204.00	1178.00	1203.00	1223.00	1329.00	1285.00	1242.00	1309.00	1352.00	1348.00	1319.00	1246.00	1182.00	1235.00	1191.00	1133.00	1119.00	1152.00	1148.00	1144.00	1088.00	1066.00	1061.00	1052.00	1027.00	1042.00	1102.00	1056.00	1031.00	1048.00	1074.00	1107.00	1089.00	1091.00	1118.00	1179.00	1193.00	1181.00	1186.00	1243.00	1242.00	1264.00	1266.00	1252.00
1207.00	1154.00	1109.00	1056.00	986.00	996.00	1049.00	1080.00	1119.00	1161.00	1128.00	1139.00	1133.00	1083.00	1042.00	1063.00	1105.00	1177.00	1396.00	1463.00	1263.00	1189.00	1154.00	1129.00	1125.00	1094.00	1047.00	987.00	959.00	968.00	991.00	1005.00	1050.00	1072.00	1095.00	1125.00	1207.00	1196.00	1178.00	1216.00	1297.00	1448.00	1421.00	1402.00	1457.00	1408.00	1312.00	1249.00	1197.00	1180.00	1241.00	1139.00	1118.00	1108.00	1123.00	1147.00	1157.00	1149.00	1128.00	1082.00	1073.00	1071.00	1071.00	1064.00	1063.00	1063.00	1070.00	1080.00	1090.00	1099.00	1081.00	1087.00	1086.00	1062.00	1047.00	1030.00	1023.00	1023.00	1030.00	1043.00	1051.00	1070.00	1120.00	1249.00	1258.00	1169.00	1120.00	1073.00	1079.00	1105.00	1107.00	1080.00	1089.00	1090.00	1038.00	994.00	986.00	980.00	977.00	984.00	992.00	996.00	995.00	1005.00	1072.00	1117.00	1159.00	1238.00	1132.00	1067.00	1071.00	1141.00	1214.00	1189.00	1179.00	1214.00	1171.00	1077.00	1017.00	988.00	977.00	967.00	969.00	976.00	958.00	919.00	903.00	900.00	899.00	898.00	899.00	901.00	903.00	902.00	900.00	892.00	888.00	884.00	882.00	883.00	892.00	924.00	985.00	1022.00	1002.00	979.00	987.00	1003.00	1024.00	1003.00	955.00	921.00	893.00	866.00	862.00	859.00	856.00	853.00	852.00	852.00	853.00	857.00	868.00	873.00	876.00	868.00	855.00	853.00	851.00	852.00	855.00	857.00	857.00	859.00	866.00	880.00	885.00	897.00	908.00	922.00	934.00	939.00	949.00	962.00	992.00	1023.00	1030.00	1071.00	1219.00	1281.00	1293.00	1333.00	1410.00	1443.00	1435.00	1375.00	1286.00	1236.00	1120.00	1133.00	1135.00	1122.00	1061.00	1045.00	1036.00	1052.00	1091.00	1164.00	1186.00	1134.00	1144.00	1153.00	1182.00	1236.00	1258.00	1312.00	1343.00	1261.00	1218.00	1280.00	1361.00	1317.00	1262.00	1207.00	1215.00	1194.00	1153.00	1180.00	1228.00	1328.00	1280.00	1221.00	1181.00	1143.00	1059.00	1038.00	1019.00	1022.00	1045.00	1012.00	1036.00	1063.00	1097.00	1140.00	1173.00	1195.00	1190.00	1227.00	1230.00	1203.00	1223.00	1226.00	1289.00	1350.00	1414.00	1473.00
1207.00	1154.00	1109.00	1056.00	986.00	996.00	1049.00	1080.00	1119.00	1161.00	1128.00	1139.00	1133.00	1083.00	1042.00	1063.00	1105.00	1177.00	1396.00	1463.00	1263.00	1189.00	1154.00	1129.00	1125.00	1094.00	1047.00	987.00	959.00	968.00	991.00	1005.00	1050.00	1072.00	1095.00	1125.00	1207.00	1196.00	1178.00	1216.00	1297.00	1448.00	1421.00	1402.00	1457.00	1408.00	1312.00	1249.00	1197.00	1180.00	1241.00	1139.00	1118.00	1108.00	1123.00	1147.00	1157.00	1149.00	1128.00	1082.00	1073.00	1071.00	1071.00	1064.00	1063.00	1063.00	1070.00	1080.00	1090.00	1099.00	1081.00	1087.00	1086.00	1062.00	1047.00	1030.00	1023.00	1023.00	1030.00	1043.00	1051.00	1070.00	1120.00	1249.00	1258.00	1169.00	1120.00	1073.00	1079.00	1105.00	1107.00	1080.00	1089.00	1090.00	1038.00	994.00	986.00	980.00	977.00	984.00	992.00	996.00	995.00	1005.00	1072.00	1117.00	1159.00	1238.00	1132.00	1067.00	1071.00	1141.00	1214.00	1189.00	1179.00	1214.00	1171.00	1077.00	1017.00	988.00	977.00	967.00	969.00	976.00	958.00	919.00	903.00	900.00	899.00	898.00	899.00	901.00	903.00	902.00	900.00	892.00	888.00	884.00	882.00	883.00	892.00	924.00	985.00	1022.00	1002.00	979.00	987.00	1003.00	1024.00	1003.00	955.00	921.00	893.00	866.00	862.00	859.00	856.00	853.00	852.00	852.00	853.00	857.00	868.00	873.00	876.00	868.00	855.00	853.00	851.00	852.00	855.00	857.00	857.00	859.00	866.00	880.00	885.00	897.00	908.00	922.00	934.00	939.00	949.00	962.00	992.00	1023.00	1030.00	1071.00	1219.00	1281.00	1293.00	1333.00	1410.00	1443.00	1435.00	1375.00	1286.00	1236.00	1120.00	1133.00	1135.00	1122.00	1061.00	1045.00	1036.00	1052.00	1091.00	1164.00	1186.00	1134.00	1144.00	1153.00	1182.00	1236.00	1258.00	1312.00	1343.00	1261.00	1218.00	1280.00	1361.00	1317.00	1262.00	1207.00	1215.00	1194.00	1153.00	1180.00	1228.00	1328.00	1280.00	1221.00	1181.00	1143.00	1059.00	1038.00	1019.00	1022.00	1045.00	1012.00	1036.00	1063.00	1097.00	1140.00	1173.00	1195.00	1190.00	1227.00	1230.00	1203.00	1223.00	1226.00	1289.00	1350.00	1414.00	1473.00
1108.00	1046.00	1002.00	945.00	900.00	999.00	1056.00	1101.00	1162.00	1353.00	1363.00	1393.00	1401.00	1337.00	1234.00	1233.00	1290.00	1375.00	1474.00	1452.00	1324.00	1264.00	1194.00	1083.00	1045.00	1011.00	985.00	943.00	956.00	978.00	1021.00	1083.00	1089.00	1103.00	1126.00	1131.00	1083.00	1123.00	1191.00	1288.00	1406.00	1296.00	1208.00	1182.00	1219.00	1218.00	1173.00	1133.00	1117.00	1141.00	1136.00	1120.00	1132.00	1166.00	1177.00	1164.00	1151.00	1131.00	1112.00	1085.00	1079.00	1068.00	1072.00	1071.00	1060.00	1057.00	1055.00	1055.00	1056.00	1060.00	1060.00	1055.00	1042.00	1037.00	1029.00	1033.00	1045.00	1049.00	1058.00	1078.00	1114.00	1105.00	1182.00	1374.00	1325.00	1225.00	1211.00	1129.00	1098.00	1139.00	1166.00	1151.00	1165.00	1135.00	1040.00	994.00	988.00	985.00	983.00	997.00	1006.00	1012.00	1018.00	1034.00	1178.00	1231.00	1313.00	1339.00	1135.00	1115.00	1148.00	1189.00	1246.00	1390.00	1415.00	1400.00	1325.00	1153.00	1077.00	1044.00	1011.00	992.00	1057.00	1077.00	1031.00	958.00	923.00	910.00	904.00	899.00	896.00	895.00	894.00	891.00	891.00	885.00	884.00	883.00	889.00	946.00	983.00	1017.00	1103.00	1219.00	1262.00	1197.00	1219.00	1220.00	1142.00	1077.00	1007.00	955.00	921.00	884.00	877.00	872.00	868.00	867.00	865.00	869.00	873.00	877.00	883.00	883.00	881.00	877.00	867.00	864.00	866.00	868.00	871.00	872.00	868.00	869.00	875.00	886.00	891.00	904.00	910.00	915.00	939.00	956.00	968.00	974.00	998.00	1010.00	1035.00	1083.00	1218.00	1415.00	1476.00	1397.00	1308.00	1211.00	1298.00	1432.00	1458.00	1408.00	1123.00	1073.00	1053.00	1051.00	1026.00	1062.00	1120.00	1138.00	1118.00	1102.00	1087.00	1103.00	1135.00	1184.00	1237.00	1294.00	1375.00	1431.00	1290.00	1234.00	1202.00	1207.00	1343.00	1349.00	1314.00	1290.00	1234.00	1218.00	1216.00	1210.00	1261.00	1339.00	1271.00	1194.00	1125.00	1117.00	1141.00	1103.00	1030.00	995.00	1010.00	1020.00	1082.00	1140.00	1189.00	1153.00	1212.00	1229.00	1197.00	1232.00	1248.00	1232.00	1219.00	1230.00	1402.00	1525.00	1582.00	1537.00
1049.00	964.00	896.00	862.00	913.00	947.00	988.00	1040.00	1082.00	1171.00	1223.00	1295.00	1363.00	1395.00	1402.00	1407.00	1421.00	1408.00	1329.00	1243.00	1153.00	1105.00	1069.00	1040.00	1024.00	993.00	952.00	924.00	953.00	1036.00	1106.00	1229.00	1229.00	1296.00	1341.00	1252.00	1135.00	1186.00	1272.00	1386.00	1480.00	1207.00	1137.00	1103.00	1085.00	1086.00	1070.00	1065.00	1070.00	1111.00	1173.00	1188.00	1242.00	1276.00	1238.00	1178.00	1167.00	1138.00	1130.00	1104.00	1094.00	1131.00	1200.00	1144.00	1142.00	1166.00	1161.00	1133.00	1076.00	1066.00	1076.00	1077.00	1046.00	1038.00	1037.00	1044.00	1062.00	1090.00	1129.00	1216.00	1280.00	1151.00	1202.00	1382.00	1456.00	1414.00	1274.00	1185.00	1176.00	1146.00	1206.00	1177.00	1120.00	1062.00	1002.00	995.00	994.00	996.00	997.00	1007.00	1021.00	1036.00	1057.00	1061.00	1161.00	1214.00	1315.00	1378.00	1195.00	1170.00	1206.00	1283.00	1357.00	1511.00	1440.00	1374.00	1291.00	1143.00	1095.00	1035.00	1030.00	1068.00	1215.00	1268.00	1241.00	1107.00	1009.00	958.00	932.00	917.00	903.00	901.00	899.00	899.00	902.00	897.00	897.00	910.00	949.00	1099.00	1136.00	1142.00	1200.00	1284.00	1365.00	1327.00	1245.00	1211.00	1106.00	1055.00	1007.00	974.00	948.00	909.00	897.00	890.00	888.00	884.00	882.00	885.00	891.00	895.00	895.00	894.00	889.00	885.00	879.00	882.00	882.00	883.00	882.00	880.00	879.00	878.00	883.00	902.00	908.00	919.00	935.00	945.00	957.00	972.00	986.00	1006.00	1054.00	1063.00	1121.00	1118.00	1274.00	1437.00	1435.00	1328.00	1230.00	1121.00	1220.00	1330.00	1366.00	1278.00	1113.00	1080.00	1044.00	1022.00	1023.00	1038.00	1049.00	1050.00	1052.00	1061.00	1072.00	1190.00	1239.00	1221.00	1271.00	1374.00	1453.00	1379.00	1207.00	1181.00	1170.00	1225.00	1259.00	1262.00	1270.00	1266.00	1285.00	1365.00	1345.00	1282.00	1210.00	1226.00	1188.00	1110.00	1103.00	1148.00	1152.00	1070.00	1003.00	988.00	1043.00	1087.00	1083.00	1064.00	1067.00	1091.00	1134.00	1124.00	1106.00	1120.00	1134.00	1141.00	1162.00	1228.00	1421.00	1545.00	1515.00	1406.00
1049.00	964.00	896.00	862.00	913.00	947.00	988.00	1040.00	1082.00	1171.00	1223.00	1295.00	1363.00	1395.00	1402.00	1407.00	1421.00	1408.00	1329.00	1243.00	1153.00	1105.00	1069.00	1040.00	1024.00	993.00	952.00	924.00	953.00	1036.00	1106.00	1229.00	1229.00	1296.00	1341.00	1252.00	1135.00	1186.00	1272.00	1386.00	1480.00	1207.00	1137.00	1103.00	1085.00	1086.00	1070.00	1065.00	1070.00	1111.00	1173.00	1188.00	1242.00	1276.00	1238.00	1178.00	1167.00	1138.00	1130.00	1104.00	1094.00	1131.00	1200.00	1144.00	1142.00	1166.00	1161.00	1133.00	1076.00	1066.00	1076.00	1077.00	1046.00	1038.00	1037.00	1044.00	1062.00	1090.00	1129.00	1216.00	1280.00	1151.00	1202.00	1382.00	1456.00	1414.00	1274.00	1185.00	1176.00	1146.00	1206.00	1177.00	1120.00	1062.00	1002.00	995.00	994.00	996.00	997.00	1007.00	1021.00	1036.00	1057.00	1061.00	1161.00	1214.00	1315.00	1378.00	1195.00	1170.00	1206.00	1283.00	1357.00	1511.00	1440.00	1374.00	1291.00	1143.00	1095.00	1035.00	1030.00	1068.00	1215.00	1268.00	1241.00	1107.00	1009.00	958.00	932.00	917.00	903.00	901.00	899.00	899.00	902.00	897.00	897.00	910.00	949.00	1099.00	1136.00	1142.00	1200.00	1284.00	1365.00	1327.00	1245.00	1211.00	1106.00	1055.00	1007.00	974.00	948.00	909.00	897.00	890.00	888.00	884.00	882.00	885.00	891.00	895.00	895.00	894.00	889.00	885.00	879.00	882.00	882.00	883.00	882.00	880.00	879.00	878.00	883.00	902.00	908.00	919.00	935.00	945.00	957.00	972.00	986.00	1006.00	1054.00	1063.00	1121.00	1118.00	1274.00	1437.00	1435.00	1328.00	1230.00	1121.00	1220.00	1330.00	1366.00	1278.00	1113.00	1080.00	1044.00	1022.00	1023.00	1038.00	1049.00	1050.00	1052.00	1061.00	1072.00	1190.00	1239.00	1221.00	1271.00	1374.00	1453.00	1379.00	1207.00	1181.00	1170.00	1225.00	1259.00	1262.00	1270.00	1266.00	1285.00	1365.00	1345.00	1282.00	1210.00	1226.00	1188.00	1110.00	1103.00	1148.00	1152.00	1070.00	1003.00	988.00	1043.00	1087.00	1083.00	1064.00	1067.00	1091.00	1134.00	1124.00	1106.00	1120.00	1134.00	1141.00	1162.00	1228.00	1421.00	1545.00	1515.00	1406.00
980.00	904.00	837.00	854.00	918.00	1016.00	1059.00	1081.00	1088.00	1190.00	1198.00	1211.00	1222.00	1233.00	1230.00	1211.00	1194.00	1151.00	1099.00	1063.00	981.00	993.00	1009.00	978.00	941.00	910.00	906.00	1014.00	1047.00	1086.00	1176.00	1415.00	1466.00	1493.00	1474.00	1373.00	1220.00	1273.00	1377.00	1490.00	1500.00	1171.00	1105.00	1054.00	1036.00	1034.00	1046.00	1053.00	1075.00	1125.00	1178.00	1218.00	1224.00	1204.00	1159.00	1127.00	1109.00	1100.00	1104.00	1110.00	1152.00	1228.00	1247.00	1286.00	1310.00	1321.00	1275.00	1181.00	1093.00	1105.00	1137.00	1205.00	1198.00	1099.00	1048.00	1059.00	1142.00	1196.00	1139.00	1210.00	1315.00	1296.00	1269.00	1429.00	1524.00	1528.00	1343.00	1305.00	1232.00	1156.00	1136.00	1073.00	1030.00	1009.00	1013.00	1008.00	1007.00	1006.00	1011.00	1034.00	1066.00	1124.00	1122.00	1086.00	1134.00	1187.00	1275.00	1379.00	1331.00	1359.00	1397.00	1432.00	1519.00	1442.00	1285.00	1244.00	1195.00	1079.00	1048.00	1073.00	1127.00	1210.00	1336.00	1376.00	1370.00	1290.00	1109.00	1022.00	970.00	956.00	930.00	925.00	921.00	920.00	920.00	907.00	919.00	950.00	1020.00	1216.00	1287.00	1332.00	1357.00	1354.00	1296.00	1243.00	1131.00	1099.00	1052.00	1030.00	1010.00	993.00	979.00	953.00	936.00	924.00	917.00	904.00	905.00	904.00	907.00	908.00	902.00	900.00	897.00	896.00	897.00	895.00	892.00	893.00	891.00	886.00	886.00	891.00	895.00	919.00	925.00	935.00	937.00	949.00	980.00	997.00	1017.00	1045.00	1080.00	1133.00	1216.00	1264.00	1363.00	1394.00	1362.00	1330.00	1267.00	1081.00	1124.00	1194.00	1170.00	1118.00	1045.00	1023.00	1007.00	1012.00	1046.00	1081.00	1101.00	1114.00	1125.00	1087.00	1105.00	1207.00	1285.00	1368.00	1403.00	1453.00	1423.00	1303.00	1155.00	1147.00	1188.00	1207.00	1207.00	1233.00	1257.00	1297.00	1353.00	1268.00	1193.00	1166.00	1150.00	1118.00	1093.00	1055.00	1094.00	1169.00	1153.00	1103.00	1005.00	983.00	1033.00	1084.00	1160.00	1186.00	1160.00	1098.00	1124.00	1137.00	1149.00	1171.00	1148.00	1162.00	1198.00	1384.00	1530.00	1539.00	1471.00	1375.00
980.00	904.00	837.00	854.00	918.00	1016.00	1059.00	1081.00	1088.00	1190.00	1198.00	1211.00	1222.00	1233.00	1230.00	1211.00	1194.00	1151.00	1099.00	1063.00	981.00	993.00	1009.00	978.00	941.00	910.00	906.00	1014.00	1047.00	1086.00	1176.00	1415.00	1466.00	1493.00	1474.00	1373.00	1220.00	1273.00	1377.00	1490.00	1500.00	1171.00	1105.00	1054.00	1036.00	1034.00	1046.00	1053.00	1075.00	1125.00	1178.00	1218.00	1224.00	1204.00	1159.00	1127.00	1109.00	1100.00	1104.00	1110.00	1152.00	1228.00	1247.00	1286.00	1310.00	1321.00	1275.00	1181.00	1093.00	1105.00	1137.00	1205.00	1198.00	1099.00	1048.00	1059.00	1142.00	1196.00	1139.00	1210.00	1315.00	1296.00	1269.00	1429.00	1524.00	1528.00	1343.00	1305.00	1232.00	1156.00	1136.00	1073.00	1030.00	1009.00	1013.00	1008.00	1007.00	1006.00	1011.00	1034.00	1066.00	1124.00	1122.00	1086.00	1134.00	1187.00	1275.00	1379.00	1331.00	1359.00	1397.00	1432.00	1519.00	1442.00	1285.00	1244.00	1195.00	1079.00	1048.00	1073.00	1127.00	1210.00	1336.00	1376.00	1370.00	1290.00	1109.00	1022.00	970.00	956.00	930.00	925.00	921.00	920.00	920.00	907.00	919.00	950.00	1020.00	1216.00	1287.00	1332.00	1357.00	1354.00	1296.00	1243.00	1131.00	1099.00	1052.00	1030.00	1010.00	993.00	979.00	953.00	936.00	924.00	917.00	904.00	905.00	904.00	907.00	908.00	902.00	900.00	897.00	896.00	897.00	895.00	892.00	893.00	891.00	886.00	886.00	891.00	895.00	919.00	925.00	935.00	937.00	949.00	980.00	997.00	1017.00	1045.00	1080.00	1133.00	1216.00	1264.00	1363.00	1394.00	1362.00	1330.00	1267.00	1081.00	1124.00	1194.00	1170.00	1118.00	1045.00	1023.00	1007.00	1012.00	1046.00	1081.00	1101.00	1114.00	1125.00	1087.00	1105.00	1207.00	1285.00	1368.00	1403.00	1453.00	1423.00	1303.00	1155.00	1147.00	1188.00	1207.00	1207.00	1233.00	1257.00	1297.00	1353.00	1268.00	1193.00	1166.00	1150.00	1118.00	1093.00	1055.00	1094.00	1169.00	1153.00	1103.00	1005.00	983.00	1033.00	1084.00	1160.00	1186.00	1160.00	1098.00	1124.00	1137.00	1149.00	1171.00	1148.00	1162.00	1198.00	1384.00	1530.00	1539.00	1471.00	1375.00
844.00	828.00	846.00	893.00	922.00	935.00	941.00	946.00	959.00	1056.00	1104.00	1128.00	1123.00	1103.00	1032.00	996.00	987.00	976.00	940.00	926.00	900.00	900.00	895.00	885.00	893.00	906.00	927.00	1053.00	1120.00	1192.00	1268.00	1488.00	1460.00	1370.00	1286.00	1214.00	1174.00	1267.00	1387.00	1471.00	1390.00	1102.00	1046.00	1017.00	1020.00	1129.00	1185.00	1182.00	1145.00	1153.00	1140.00	1168.00	1161.00	1153.00	1146.00	1126.00	1106.00	1133.00	1194.00	1167.00	1212.00	1294.00	1332.00	1270.00	1239.00	1194.00	1157.00	1139.00	1158.00	1237.00	1285.00	1286.00	1250.00	1131.00	1062.00	1072.00	1189.00	1232.00	1255.00	1268.00	1269.00	1455.00	1474.00	1462.00	1419.00	1365.00	1227.00	1172.00	1123.00	1065.00	1036.00	1018.00	1008.00	1010.00	1021.00	1026.00	1027.00	1023.00	1027.00	1118.00	1098.00	1178.00	1239.00	1200.00	1170.00	1221.00	1300.00	1389.00	1551.00	1555.00	1546.00	1561.00	1563.00	1479.00	1293.00	1198.00	1113.00	1089.00	1143.00	1221.00	1301.00	1341.00	1364.00	1338.00	1297.00	1222.00	1091.00	1027.00	984.00	970.00	955.00	943.00	936.00	931.00	925.00	920.00	949.00	979.00	1036.00	1196.00	1267.00	1301.00	1315.00	1293.00	1195.00	1149.00	1072.00	1045.00	1018.00	1008.00	1000.00	997.00	993.00	979.00	973.00	966.00	958.00	937.00	933.00	928.00	925.00	923.00	917.00	913.00	909.00	906.00	905.00	901.00	899.00	902.00	904.00	898.00	900.00	903.00	908.00	920.00	929.00	943.00	950.00	961.00	975.00	995.00	1021.00	1028.00	1054.00	1121.00	1192.00	1240.00	1306.00	1296.00	1231.00	1169.00	1188.00	1062.00	1049.00	1058.00	1056.00	1051.00	1004.00	1000.00	1010.00	1024.00	1052.00	1080.00	1095.00	1121.00	1130.00	1124.00	1179.00	1253.00	1299.00	1448.00	1420.00	1358.00	1279.00	1192.00	1131.00	1148.00	1173.00	1196.00	1265.00	1306.00	1370.00	1402.00	1337.00	1222.00	1244.00	1257.00	1205.00	1056.00	1036.00	1024.00	1064.00	1137.00	1190.00	1096.00	999.00	977.00	1046.00	1094.00	1196.00	1295.00	1270.00	1250.00	1327.00	1342.00	1350.00	1351.00	1284.00	1241.00	1302.00	1460.00	1493.00	1454.00	1401.00	1315.00
844.00	828.00	846.00	893.00	922.00	935.00	941.00	946.00	959.00	1056.00	1104.00	1128.00	1123.00	1103.00	1032.00	996.00	987.00	976.00	940.00	926.00	900.00	900.00	895.00	885.00	893.00	906.00	927.00	1053.00	1120.00	1192.00	1268.00	1488.00	1460.00	1370.00	1286.00	1214.00	1174.00	1267.00	1387.00	1471.00	1390.00	1102.00	1046.00	1017.00	1020.00	1129.00	1185.00	1182.00	1145.00	1153.00	1140.00	1168.00	1161.00	1153.00	1146.00	1126.00	1106.00	1133.00	1194.00	1167.00	1212.00	1294.00	1332.00	1270.00	1239.00	1194.00	1157.00	1139.00	1158.00	1237.00	1285.00	1286.00	1250.00	1131.00	1062.00	1072.00	1189.00	1232.00	1255.00	1268.00	1269.00	1455.00	1474.00	1462.00	1419.00	1365.00	1227.00	1172.00	1123.00	1065.00	1036.00	1018.00	1008.00	1010.00	1021.00	1026.00	1027.00	1023.00	1027.00	1118.00	1098.00	1178.00	1239.00	1200.00	1170.00	1221.00	1300.00	1389.00	1551.00	1555.00	1546.00	1561.00	1563.00	1479.00	1293.00	1198.00	1113.00	1089.00	1143.00	1221.00	1301.00	1341.00	1364.00	1338.00	1297.00	1222.00	1091.00	1027.00	984.00	970.00	955.00	943.00	936.00	931.00	925.00	920.00	949.00	979.00	1036.00	1196.00	1267.00	1301.00	1315.00	1293.00	1195.00	1149.00	1072.00	1045.00	1018.00	1008.00	1000.00	997.00	993.00	979.00	973.00	966.00	958.00	937.00	933.00	928.00	925.00	923.00	917.00	913.00	909.00	906.00	905.00	901.00	899.00	902.00	904.00	898.00	900.00	903.00	908.00	920.00	929.00	943.00	950.00	961.00	975.00	995.00	1021.00	1028.00	1054.00	1121.00	1192.00	1240.00	1306.00	1296.00	1231.00	1169.00	1188.00	1062.00	1049.00	1058.00	1056.00	1051.00	1004.00	1000.00	1010.00	1024.00	1052.00	1080.00	1095.00	1121.00	1130.00	1124.00	1179.00	1253.00	1299.00	1448.00	1420.00	1358.00	1279.00	1192.00	1131.00	1148.00	1173.00	1196.00	1265.00	1306.00	1370.00	1402.00	1337.00	1222.00	1244.00	1257.00	1205.00	1056.00	1036.00	1024.00	1064.00	1137.00	1190.00	1096.00	999.00	977.00	1046.00	1094.00	1196.00	1295.00	1270.00	1250.00	1327.00	1342.00	1350.00	1351.00	1284.00	1241.00	1302.00	1460.00	1493.00	1454.00	1401.00	1315.00
810.00	829.00	831.00	833.00	835.00	845.00	845.00	834.00	842.00	872.00	880.00	895.00	911.00	913.00	871.00	859.00	865.00	871.00	862.00	863.00	899.00	933.00	949.00	954.00	978.00	1005.00	1008.00	1005.00	1085.00	1174.00	1271.00	1485.00	1289.00	1198.00	1129.00	1074.00	1193.00	1316.00	1359.00	1287.00	1203.00	1019.00	1000.00	1025.00	1056.00	1147.00	1192.00	1224.00	1260.00	1273.00	1124.00	1087.00	1090.00	1081.00	1136.00	1109.00	1119.00	1198.00	1293.00	1345.00	1360.00	1371.00	1274.00	1213.00	1256.00	1231.00	1204.00	1224.00	1232.00	1276.00	1388.00	1465.00	1242.00	1125.00	1062.00	1107.00	1237.00	1355.00	1376.00	1387.00	1361.00	1334.00	1295.00	1237.00	1208.00	1150.00	1077.00	1050.00	1036.00	1028.00	1016.00	1011.00	1010.00	1015.00	1035.00	1043.00	1049.00	1061.00	1128.00	1266.00	1187.00	1166.00	1248.00	1258.00	1255.00	1327.00	1423.00	1517.00	1558.00	1438.00	1368.00	1344.00	1330.00	1273.00	1184.00	1138.00	1130.00	1257.00	1347.00	1384.00	1378.00	1347.00	1250.00	1218.00	1195.00	1101.00	1057.00	1024.00	997.00	983.00	967.00	958.00	950.00	945.00	939.00	938.00	966.00	992.00	1040.00	1168.00	1216.00	1233.00	1237.00	1207.00	1114.00	1072.00	1025.00	1009.00	991.00	985.00	981.00	981.00	983.00	981.00	980.00	981.00	978.00	961.00	953.00	950.00	948.00	943.00	932.00	927.00	925.00	925.00	928.00	929.00	924.00	919.00	920.00	914.00	915.00	920.00	922.00	930.00	937.00	951.00	977.00	1015.00	1033.00	1039.00	1064.00	1075.00	1082.00	1113.00	1147.00	1173.00	1201.00	1148.00	1176.00	1132.00	1075.00	1033.00	1019.00	1014.00	1009.00	997.00	1001.00	1008.00	1019.00	1030.00	1065.00	1082.00	1089.00	1081.00	1073.00	1177.00	1262.00	1359.00	1365.00	1363.00	1284.00	1197.00	1130.00	1119.00	1139.00	1153.00	1179.00	1207.00	1374.00	1474.00	1544.00	1496.00	1440.00	1327.00	1280.00	1228.00	1172.00	1038.00	1018.00	1005.00	1014.00	1044.00	1105.00	1058.00	981.00	972.00	1102.00	1182.00	1238.00	1247.00	1175.00	1236.00	1228.00	1217.00	1247.00	1428.00	1469.00	1455.00	1480.00	1500.00	1400.00	1347.00	1293.00	1245.00
777.00	780.00	782.00	780.00	778.00	786.00	788.00	794.00	799.00	800.00	805.00	814.00	821.00	830.00	847.00	856.00	877.00	901.00	940.00	970.00	1047.00	1070.00	1093.00	1090.00	1081.00	1060.00	1042.00	1000.00	1048.00	1106.00	1177.00	1281.00	1153.00	1097.00	1045.00	1018.00	1134.00	1145.00	1105.00	1057.00	1019.00	1004.00	1035.00	1078.00	1130.00	1168.00	1175.00	1164.00	1207.00	1227.00	1106.00	1022.00	1028.00	1072.00	1056.00	1096.00	1154.00	1185.00	1247.00	1313.00	1330.00	1289.00	1252.00	1269.00	1297.00	1399.00	1353.00	1311.00	1448.00	1460.00	1502.00	1475.00	1188.00	1138.00	1145.00	1179.00	1214.00	1179.00	1171.00	1145.00	1123.00	1100.00	1091.00	1068.00	1061.00	1049.00	1032.00	1026.00	1023.00	1024.00	1021.00	1017.00	1016.00	1026.00	1092.00	1077.00	1071.00	1076.00	1141.00	1297.00	1349.00	1322.00	1281.00	1259.00	1363.00	1452.00	1567.00	1608.00	1567.00	1554.00	1504.00	1462.00	1448.00	1352.00	1196.00	1176.00	1244.00	1361.00	1431.00	1462.00	1437.00	1392.00	1282.00	1237.00	1198.00	1166.00	1080.00	1033.00	1001.00	989.00	980.00	975.00	965.00	956.00	946.00	952.00	974.00	999.00	1023.00	1082.00	1126.00	1140.00	1123.00	1095.00	1043.00	1025.00	1004.00	997.00	984.00	979.00	973.00	966.00	966.00	976.00	973.00	973.00	975.00	966.00	962.00	960.00	957.00	952.00	945.00	942.00	941.00	940.00	931.00	926.00	923.00	921.00	920.00	927.00	930.00	930.00	932.00	935.00	935.00	963.00	1015.00	1044.00	1089.00	1110.00	1120.00	1132.00	1112.00	1087.00	1080.00	1088.00	1088.00	1032.00	1034.00	1023.00	1009.00	999.00	992.00	988.00	982.00	978.00	1044.00	1071.00	1061.00	1065.00	1128.00	1152.00	1154.00	1116.00	1099.00	1227.00	1278.00	1300.00	1215.00	1132.00	1123.00	1129.00	1173.00	1210.00	1194.00	1188.00	1214.00	1279.00	1542.00	1516.00	1450.00	1389.00	1398.00	1304.00	1232.00	1163.00	1091.00	1069.00	1105.00	1081.00	1033.00	1043.00	992.00	972.00	965.00	979.00	1050.00	1076.00	1087.00	1093.00	1107.00	1200.00	1244.00	1313.00	1342.00	1399.00	1453.00	1465.00	1436.00	1405.00	1334.00	1268.00	1187.00	1114.00
777.00	780.00	782.00	780.00	778.00	786.00	788.00	794.00	799.00	800.00	805.00	814.00	821.00	830.00	847.00	856.00	877.00	901.00	940.00	970.00	1047.00	1070.00	1093.00	1090.00	1081.00	1060.00	1042.00	1000.00	1048.00	1106.00	1177.00	1281.00	1153.00	1097.00	1045.00	1018.00	1134.00	1145.00	1105.00	1057.00	1019.00	1004.00	1035.00	1078.00	1130.00	1168.00	1175.00	1164.00	1207.00	1227.00	1106.00	1022.00	1028.00	1072.00	1056.00	1096.00	1154.00	1185.00	1247.00	1313.00	1330.00	1289.00	1252.00	1269.00	1297.00	1399.00	1353.00	1311.00	1448.00	1460.00	1502.00	1475.00	1188.00	1138.00	1145.00	1179.00	1214.00	1179.00	1171.00	1145.00	1123.00	1100.00	1091.00	1068.00	1061.00	1049.00	1032.00	1026.00	1023.00	1024.00	1021.00	1017.00	1016.00	1026.00	1092.00	1077.00	1071.00	1076.00	1141.00	1297.00	1349.00	1322.00	1281.00	1259.00	1363.00	1452.00	1567.00	1608.00	1567.00	1554.00	1504.00	1462.00	1448.00	1352.00	1196.00	1176.00	1244.00	1361.00	1431.00	1462.00	1437.00	1392.00	1282.00	1237.00	1198.00	1166.00	1080.00	1033.00	1001.00	989.00	980.00	975.00	965.00	956.00	946.00	952.00	974.00	999.00	1023.00	1082.00	1126.00	1140.00	1123.00	1095.00	1043.00	1025.00	1004.00	997.00	984.00	979.00	973.00	966.00	966.00	976.00	973.00	973.00	975.00	966.00	962.00	960.00	957.00	952.00	945.00	942.00	941.00	940.00	931.00	926.00	923.00	921.00	920.00	927.00	930.00	930.00	932.00	935.00	935.00	963.00	1015.00	1044.00	1089.00	1110.00	1120.00	1132.00	1112.00	1087.00	1080.00	1088.00	1088.00	1032.00	1034.00	1023.00	1009.00	999.00	992.00	988.00	982.00	978.00	1044.00	1071.00	1061.00	1065.00	1128.00	1152.00	1154.00	1116.00	1099.00	1227.00	1278.00	1300.00	1215.00	1132.00	1123.00	1129.00	1173.00	1210.00	1194.00	1188.00	1214.00	1279.00	1542.00	1516.00	1450.00	1389.00	1398.00	1304.00	1232.00	1163.00	1091.00	1069.00	1105.00	1081.00	1033.00	1043.00	992.00	972.00	965.00	979.00	1050.00	1076.00	1087.00	1093.00	1107.00	1200.00	1244.00	1313.00	1342.00	1399.00	1453.00	1465.00	1436.00	1405.00	1334.00	1268.00	1187.00	1114.00
884.00	894.00	895.00	891.00	876.00	885.00	877.00	878.00	882.00	839.00	820.00	824.00	854.00	889.00	976.00	995.00	1000.00	1043.00	1138.00	1157.00	1258.00	1277.00	1243.00	1133.00	1104.00	1081.00	1055.00	1023.00	1026.00	1040.00	1057.00	1081.00	1045.00	1016.00	987.00	975.00	976.00	970.00	970.00	982.00	1004.00	1064.00	1086.00	1127.00	1168.00	1162.00	1117.00	1088.00	1119.00	1096.00	1069.00	1001.00	1016.00	1006.00	1056.00	1102.00	1086.00	1098.00	1117.00	1149.00	1184.00	1201.00	1305.00	1455.00	1485.00	1555.00	1615.00	1616.00	1616.00	1514.00	1420.00	1362.00	1172.00	1141.00	1118.00	1089.00	1072.00	1059.00	1053.00	1052.00	1054.00	1070.00	1077.00	1068.00	1049.00	1036.00	1034.00	1034.00	1033.00	1039.00	1053.00	1078.00	1119.00	1179.00	1225.00	1152.00	1113.00	1096.00	1135.00	1296.00	1317.00	1370.00	1416.00	1450.00	1556.00	1633.00	1606.00	1507.00	1384.00	1392.00	1387.00	1393.00	1375.00	1303.00	1237.00	1280.00	1373.00	1473.00	1474.00	1465.00	1436.00	1398.00	1298.00	1252.00	1211.00	1146.00	1079.00	1052.00	1022.00	1002.00	987.00	981.00	967.00	962.00	967.00	967.00	984.00	996.00	1004.00	1024.00	1030.00	1030.00	1026.00	1024.00	1025.00	1023.00	1015.00	1007.00	992.00	984.00	977.00	966.00	960.00	957.00	959.00	959.00	961.00	959.00	958.00	958.00	957.00	955.00	946.00	942.00	938.00	935.00	922.00	919.00	917.00	918.00	920.00	934.00	935.00	936.00	936.00	925.00	922.00	953.00	973.00	990.00	1074.00	1057.00	1041.00	1044.00	1048.00	1039.00	1033.00	1026.00	1009.00	982.00	973.00	970.00	967.00	966.00	972.00	984.00	986.00	1022.00	1145.00	1218.00	1199.00	1165.00	1204.00	1203.00	1168.00	1141.00	1136.00	1221.00	1226.00	1128.00	1089.00	1144.00	1154.00	1160.00	1220.00	1294.00	1382.00	1351.00	1310.00	1363.00	1450.00	1356.00	1279.00	1213.00	1262.00	1243.00	1171.00	1104.00	1074.00	1203.00	1251.00	1213.00	1164.00	1120.00	992.00	953.00	964.00	982.00	1061.00	1104.00	1151.00	1173.00	1176.00	1155.00	1181.00	1270.00	1336.00	1380.00	1383.00	1371.00	1334.00	1226.00	1247.00	1164.00	1135.00	1156.00
884.00	894.00	895.00	891.00	876.00	885.00	877.00	878.00	882.00	839.00	820.00	824.00	854.00	889.00	976.00	995.00	1000.00	1043.00	1138.00	1157.00	1258.00	1277.00	1243.00	1133.00	1104.00	1081.00	1055.00	1023.00	1026.00	1040.00	1057.00	1081.00	1045.00	1016.00	987.00	975.00	976.00	970.00	970.00	982.00	1004.00	1064.00	1086.00	1127.00	1168.00	1162.00	1117.00	1088.00	1119.00	1096.00	1069.00	1001.00	1016.00	1006.00	1056.00	1102.00	1086.00	1098.00	1117.00	1149.00	1184.00	1201.00	1305.00	1455.00	1485.00	1555.00	1615.00	1616.00	1616.00	1514.00	1420.00	1362.00	1172.00	1141.00	1118.00	1089.00	1072.00	1059.00	1053.00	1052.00	1054.00	1070.00	1077.00	1068.00	1049.00	1036.00	1034.00	1034.00	1033.00	1039.00	1053.00	1078.00	1119.00	1179.00	1225.00	1152.00	1113.00	1096.00	1135.00	1296.00	1317.00	1370.00	1416.00	1450.00	1556.00	1633.00	1606.00	1507.00	1384.00	1392.00	1387.00	1393.00	1375.00	1303.00	1237.00	1280.00	1373.00	1473.00	1474.00	1465.00	1436.00	1398.00	1298.00	1252.00	1211.00	1146.00	1079.00	1052.00	1022.00	1002.00	987.00	981.00	967.00	962.00	967.00	967.00	984.00	996.00	1004.00	1024.00	1030.00	1030.00	1026.00	1024.00	1025.00	1023.00	1015.00	1007.00	992.00	984.00	977.00	966.00	960.00	957.00	959.00	959.00	961.00	959.00	958.00	958.00	957.00	955.00	946.00	942.00	938.00	935.00	922.00	919.00	917.00	918.00	920.00	934.00	935.00	936.00	936.00	925.00	922.00	953.00	973.00	990.00	1074.00	1057.00	1041.00	1044.00	1048.00	1039.00	1033.00	1026.00	1009.00	982.00	973.00	970.00	967.00	966.00	972.00	984.00	986.00	1022.00	1145.00	1218.00	1199.00	1165.00	1204.00	1203.00	1168.00	1141.00	1136.00	1221.00	1226.00	1128.00	1089.00	1144.00	1154.00	1160.00	1220.00	1294.00	1382.00	1351.00	1310.00	1363.00	1450.00	1356.00	1279.00	1213.00	1262.00	1243.00	1171.00	1104.00	1074.00	1203.00	1251.00	1213.00	1164.00	1120.00	992.00	953.00	964.00	982.00	1061.00	1104.00	1151.00	1173.00	1176.00	1155.00	1181.00	1270.00	1336.00	1380.00	1383.00	1371.00	1334.00	1226.00	1247.00	1164.00	1135.00	1156.00
1047.00	1075.00	1093.00	1094.00	1107.00	1096.00	1055.00	1018.00	998.00	925.00	900.00	862.00	846.00	901.00	1068.00	1159.00	1201.00	1246.00	1333.00	1393.00	1419.00	1343.00	1256.00	1116.00	1090.00	1070.00	1033.00	994.00	994.00	1004.00	1017.00	1013.00	991.00	985.00	966.00	954.00	942.00	970.00	988.00	1018.00	1051.00	1142.00	1179.00	1182.00	1194.00	1147.00	1128.00	1106.00	1040.00	1035.00	1038.00	989.00	977.00	982.00	1039.00	1053.00	1061.00	1127.00	1174.00	1269.00	1345.00	1377.00	1408.00	1602.00	1665.00	1677.00	1669.00	1638.00	1615.00	1553.00	1461.00	1376.00	1103.00	1083.00	1077.00	1088.00	1104.00	1150.00	1167.00	1189.00	1207.00	1253.00	1286.00	1202.00	1106.00	1060.00	1049.00	1047.00	1058.00	1085.00	1189.00	1268.00	1334.00	1305.00	1246.00	1233.00	1154.00	1142.00	1229.00	1177.00	1239.00	1324.00	1396.00	1475.00	1714.00	1649.00	1580.00	1505.00	1338.00	1314.00	1312.00	1308.00	1279.00	1248.00	1289.00	1336.00	1393.00	1442.00	1415.00	1372.00	1338.00	1308.00	1256.00	1217.00	1167.00	1124.00	1080.00	1058.00	1037.00	1015.00	990.00	991.00	989.00	987.00	988.00	970.00	982.00	987.00	991.00	1002.00	1006.00	1004.00	1000.00	998.00	1000.00	999.00	999.00	997.00	990.00	985.00	980.00	973.00	966.00	957.00	952.00	949.00	948.00	953.00	951.00	953.00	957.00	954.00	946.00	942.00	940.00	940.00	922.00	919.00	917.00	921.00	923.00	921.00	917.00	916.00	915.00	912.00	916.00	920.00	927.00	941.00	975.00	976.00	973.00	973.00	979.00	980.00	978.00	971.00	963.00	949.00	949.00	952.00	956.00	988.00	1019.00	1049.00	1049.00	1076.00	1264.00	1305.00	1249.00	1194.00	1173.00	1133.00	1113.00	1074.00	1082.00	1086.00	1084.00	1109.00	1174.00	1194.00	1281.00	1280.00	1216.00	1218.00	1352.00	1454.00	1529.00	1530.00	1413.00	1323.00	1235.00	1152.00	1177.00	1155.00	1127.00	1155.00	1182.00	1109.00	1090.00	1109.00	1120.00	1121.00	964.00	946.00	957.00	1004.00	1003.00	1022.00	1037.00	1039.00	1040.00	1139.00	1213.00	1239.00	1254.00	1292.00	1298.00	1294.00	1279.00	1162.00	1102.00	1075.00	1145.00	1172.00
1047.00	1075.00	1093.00	1094.00	1107.00	1096.00	1055.00	1018.00	998.00	925.00	900.00	862.00	846.00	901.00	1068.00	1159.00	1201.00	1246.00	1333.00	1393.00	1419.00	1343.00	1256.00	1116.00	1090.00	1070.00	1033.00	994.00	994.00	1004.00	1017.00	1013.00	991.00	985.00	966.00	954.00	942.00	970.00	988.00	1018.00	1051.00	1142.00	1179.00	1182.00	1194.00	1147.00	1128.00	1106.00	1040.00	1035.00	1038.00	989.00	977.00	982.00	1039.00	1053.00	1061.00	1127.00	1174.00	1269.00	1345.00	1377.00	1408.00	1602.00	1665.00	1677.00	1669.00	1638.00	1615.00	1553.00	1461.00	1376.00	1103.00	1083.00	1077.00	1088.00	1104.00	1150.00	1167.00	1189.00	1207.00	1253.00	1286.00	1202.00	1106.00	1060.00	1049.00	1047.00	1058.00	1085.00	1189.00	1268.00	1334.00	1305.00	1246.00	1233.00	1154.00	1142.00	1229.00	1177.00	1239.00	1324.00	1396.00	1475.00	1714.00	1649.00	1580.00	1505.00	1338.00	1314.00	1312.00	1308.00	1279.00	1248.00	1289.00	1336.00	1393.00	1442.00	1415.00	1372.00	1338.00	1308.00	1256.00	1217.00	1167.00	1124.00	1080.00	1058.00	1037.00	1015.00	990.00	991.00	989.00	987.00	988.00	970.00	982.00	987.00	991.00	1002.00	1006.00	1004.00	1000.00	998.00	1000.00	999.00	999.00	997.00	990.00	985.00	980.00	973.00	966.00	957.00	952.00	949.00	948.00	953.00	951.00	953.00	957.00	954.00	946.00	942.00	940.00	940.00	922.00	919.00	917.00	921.00	923.00	921.00	917.00	916.00	915.00	912.00	916.00	920.00	927.00	941.00	975.00	976.00	973.00	973.00	979.00	980.00	978.00	971.00	963.00	949.00	949.00	952.00	956.00	988.00	1019.00	1049.00	1049.00	1076.00	1264.00	1305.00	1249.00	1194.00	1173.00	1133.00	1113.00	1074.00	1082.00	1086.00	1084.00	1109.00	1174.00	1194.00	1281.00	1280.00	1216.00	1218.00	1352.00	1454.00	1529.00	1530.00	1413.00	1323.00	1235.00	1152.00	1177.00	1155.00	1127.00	1155.00	1182.00	1109.00	1090.00	1109.00	1120.00	1121.00	964.00	946.00	957.00	1004.00	1003.00	1022.00	1037.00	1039.00	1040.00	1139.00	1213.00	1239.00	1254.00	1292.00	1298.00	1294.00	1279.00	1162.00	1102.00	1075.00	1145.00	1172.00
1207.00	1254.00	1289.00	1282.00	1274.00	1309.00	1239.00	1180.00	1169.00	1103.00	1016.00	925.00	851.00	861.00	985.00	1049.00	1086.00	1121.00	1260.00	1371.00	1429.00	1341.00	1274.00	1121.00	1053.00	1036.00	1028.00	981.00	981.00	976.00	989.00	999.00	966.00	953.00	943.00	935.00	966.00	998.00	1025.00	1063.00	1102.00	1306.00	1383.00	1362.00	1271.00	1169.00	1130.00	1110.00	1069.00	1018.00	1006.00	974.00	973.00	981.00	1017.00	1019.00	1071.00	1113.00	1168.00	1332.00	1404.00	1438.00	1548.00	1649.00	1573.00	1493.00	1447.00	1423.00	1399.00	1338.00	1289.00	1208.00	1088.00	1082.00	1107.00	1165.00	1224.00	1327.00	1423.00	1464.00	1470.00	1395.00	1332.00	1168.00	1099.00	1073.00	1063.00	1082.00	1112.00	1171.00	1370.00	1455.00	1390.00	1320.00	1311.00	1213.00	1173.00	1197.00	1305.00	1311.00	1275.00	1286.00	1348.00	1451.00	1642.00	1530.00	1446.00	1397.00	1415.00	1486.00	1543.00	1491.00	1370.00	1279.00	1231.00	1243.00	1303.00	1401.00	1409.00	1366.00	1310.00	1257.00	1192.00	1164.00	1127.00	1095.00	1060.00	1043.00	1032.00	1029.00	1031.00	1025.00	1015.00	1004.00	998.00	984.00	982.00	982.00	985.00	999.00	1003.00	1002.00	1001.00	1001.00	1011.00	1007.00	985.00	980.00	978.00	974.00	971.00	965.00	961.00	955.00	950.00	945.00	941.00	932.00	930.00	929.00	927.00	926.00	923.00	924.00	924.00	923.00	918.00	915.00	907.00	909.00	910.00	900.00	901.00	902.00	902.00	902.00	909.00	912.00	914.00	915.00	922.00	927.00	933.00	935.00	937.00	936.00	936.00	934.00	936.00	943.00	947.00	955.00	966.00	1013.00	1045.00	1074.00	1089.00	1120.00	1237.00	1163.00	1122.00	1096.00	1053.00	1034.00	1031.00	1036.00	1052.00	1099.00	1153.00	1238.00	1301.00	1319.00	1358.00	1426.00	1429.00	1411.00	1480.00	1508.00	1460.00	1370.00	1383.00	1313.00	1238.00	1167.00	1096.00	1074.00	1114.00	1195.00	1276.00	1097.00	1037.00	1007.00	1044.00	1113.00	959.00	938.00	966.00	1008.00	1059.00	1082.00	1061.00	1084.00	1075.00	1095.00	1123.00	1146.00	1168.00	1206.00	1207.00	1202.00	1195.00	1100.00	1009.00	1025.00	1073.00	1044.00
1207.00	1254.00	1289.00	1282.00	1274.00	1309.00	1239.00	1180.00	1169.00	1103.00	1016.00	925.00	851.00	861.00	985.00	1049.00	1086.00	1121.00	1260.00	1371.00	1429.00	1341.00	1274.00	1121.00	1053.00	1036.00	1028.00	981.00	981.00	976.00	989.00	999.00	966.00	953.00	943.00	935.00	966.00	998.00	1025.00	1063.00	1102.00	1306.00	1383.00	1362.00	1271.00	1169.00	1130.00	1110.00	1069.00	1018.00	1006.00	974.00	973.00	981.00	1017.00	1019.00	1071.00	1113.00	1168.00	1332.00	1404.00	1438.00	1548.00	1649.00	1573.00	1493.00	1447.00	1423.00	1399.00	1338.00	1289.00	1208.00	1088.00	1082.00	1107.00	1165.00	1224.00	1327.00	1423.00	1464.00	1470.00	1395.00	1332.00	1168.00	1099.00	1073.00	1063.00	1082.00	1112.00	1171.00	1370.00	1455.00	1390.00	1320.00	1311.00	1213.00	1173.00	1197.00	1305.00	1311.00	1275.00	1286.00	1348.00	1451.00	1642.00	1530.00	1446.00	1397.00	1415.00	1486.00	1543.00	1491.00	1370.00	1279.00	1231.00	1243.00	1303.00	1401.00	1409.00	1366.00	1310.00	1257.00	1192.00	1164.00	1127.00	1095.00	1060.00	1043.00	1032.00	1029.00	1031.00	1025.00	1015.00	1004.00	998.00	984.00	982.00	982.00	985.00	999.00	1003.00	1002.00	1001.00	1001.00	1011.00	1007.00	985.00	980.00	978.00	974.00	971.00	965.00	961.00	955.00	950.00	945.00	941.00	932.00	930.00	929.00	927.00	926.00	923.00	924.00	924.00	923.00	918.00	915.00	907.00	909.00	910.00	900.00	901.00	902.00	902.00	902.00	909.00	912.00	914.00	915.00	922.00	927.00	933.00	935.00	937.00	936.00	936.00	934.00	936.00	943.00	947.00	955.00	966.00	1013.00	1045.00	1074.00	1089.00	1120.00	1237.00	1163.00	1122.00	1096.00	1053.00	1034.00	1031.00	1036.00	1052.00	1099.00	1153.00	1238.00	1301.00	1319.00	1358.00	1426.00	1429.00	1411.00	1480.00	1508.00	1460.00	1370.00	1383.00	1313.00	1238.00	1167.00	1096.00	1074.00	1114.00	1195.00	1276.00	1097.00	1037.00	1007.00	1044.00	1113.00	959.00	938.00	966.00	1008.00	1059.00	1082.00	1061.00	1084.00	1075.00	1095.00	1123.00	1146.00	1168.00	1206.00	1207.00	1202.00	1195.00	1100.00	1009.00	1025.00	1073.00	1044.00
1092.00	1106.00	1102.00	1103.00	1168.00	1320.00	1372.00	1386.00	1403.00	1121.00	1019.00	941.00	900.00	863.00	901.00	959.00	1032.00	1113.00	1281.00	1361.00	1474.00	1365.00	1256.00	1108.00	1091.00	1068.00	1045.00	1002.00	971.00	955.00	979.00	992.00	953.00	925.00	926.00	973.00	1040.00	1051.00	1041.00	1060.00	1088.00	1260.00	1299.00	1310.00	1265.00	1173.00	1147.00	1108.00	1071.00	1055.00	984.00	955.00	964.00	973.00	1040.00	1087.00	1124.00	1161.00	1242.00	1358.00	1304.00	1317.00	1479.00	1638.00	1574.00	1437.00	1318.00	1265.00	1232.00	1200.00	1162.00	1128.00	1110.00	1127.00	1196.00	1304.00	1402.00	1556.00	1593.00	1563.00	1459.00	1271.00	1177.00	1138.00	1108.00	1088.00	1086.00	1114.00	1175.00	1238.00	1443.00	1534.00	1522.00	1475.00	1316.00	1390.00	1328.00	1291.00	1322.00	1515.00	1531.00	1524.00	1533.00	1579.00	1669.00	1691.00	1635.00	1607.00	1656.00	1670.00	1571.00	1459.00	1401.00	1332.00	1270.00	1235.00	1212.00	1282.00	1298.00	1298.00	1269.00	1231.00	1168.00	1141.00	1100.00	1077.00	1073.00	1081.00	1079.00	1072.00	1061.00	1056.00	1049.00	1040.00	1027.00	1014.00	1010.00	1009.00	1011.00	1011.00	1013.00	1015.00	1016.00	1017.00	1020.00	1014.00	995.00	988.00	978.00	968.00	961.00	960.00	958.00	951.00	948.00	945.00	941.00	933.00	928.00	923.00	920.00	920.00	914.00	910.00	907.00	905.00	902.00	898.00	895.00	894.00	893.00	895.00	895.00	894.00	896.00	914.00	936.00	953.00	951.00	946.00	928.00	921.00	919.00	920.00	924.00	923.00	923.00	925.00	937.00	946.00	952.00	958.00	965.00	1007.00	1043.00	1064.00	1054.00	1079.00	1039.00	1022.00	1019.00	1019.00	1027.00	1037.00	1042.00	1043.00	1077.00	1200.00	1207.00	1243.00	1297.00	1416.00	1424.00	1447.00	1451.00	1456.00	1424.00	1365.00	1311.00	1253.00	1317.00	1259.00	1187.00	1122.00	1067.00	1038.00	1075.00	1135.00	1190.00	1102.00	1076.00	1081.00	1022.00	984.00	936.00	947.00	1004.00	1066.00	1186.00	1208.00	1094.00	1098.00	1129.00	1095.00	1117.00	1149.00	1179.00	1191.00	1160.00	1134.00	1118.00	1098.00	1094.00	1040.00	989.00	979.00
1159.00	1137.00	1079.00	1008.00	987.00	1120.00	1156.00	1179.00	1204.00	1121.00	1061.00	1010.00	958.00	904.00	886.00	928.00	996.00	1081.00	1242.00	1314.00	1455.00	1400.00	1310.00	1238.00	1155.00	1061.00	1010.00	980.00	955.00	936.00	968.00	1040.00	916.00	915.00	965.00	1036.00	1031.00	998.00	1027.00	1065.00	1087.00	1165.00	1132.00	1155.00	1171.00	1207.00	1172.00	1134.00	1138.00	1137.00	979.00	943.00	954.00	974.00	1054.00	1097.00	1170.00	1269.00	1348.00	1248.00	1273.00	1351.00	1450.00	1599.00	1594.00	1489.00	1387.00	1371.00	1406.00	1274.00	1172.00	1124.00	1163.00	1207.00	1255.00	1316.00	1406.00	1633.00	1578.00	1479.00	1392.00	1190.00	1159.00	1299.00	1201.00	1105.00	1118.00	1140.00	1208.00	1316.00	1473.00	1547.00	1610.00	1609.00	1516.00	1652.00	1597.00	1575.00	1555.00	1662.00	1678.00	1590.00	1513.00	1455.00	1593.00	1604.00	1554.00	1554.00	1748.00	1698.00	1630.00	1587.00	1499.00	1339.00	1375.00	1357.00	1302.00	1206.00	1188.00	1178.00	1180.00	1171.00	1144.00	1135.00	1125.00	1107.00	1096.00	1090.00	1086.00	1085.00	1076.00	1073.00	1070.00	1066.00	1060.00	1035.00	1034.00	1033.00	1031.00	1037.00	1036.00	1031.00	1028.00	1025.00	1019.00	1011.00	992.00	984.00	978.00	974.00	967.00	961.00	959.00	952.00	948.00	944.00	941.00	933.00	929.00	924.00	921.00	919.00	915.00	912.00	908.00	904.00	893.00	890.00	887.00	886.00	886.00	887.00	888.00	889.00	894.00	912.00	926.00	954.00	968.00	977.00	965.00	930.00	917.00	914.00	918.00	920.00	926.00	934.00	944.00	952.00	958.00	963.00	968.00	988.00	1001.00	1006.00	997.00	1006.00	1031.00	1042.00	1062.00	1073.00	1094.00	1130.00	1120.00	1094.00	1076.00	1196.00	1244.00	1264.00	1298.00	1326.00	1273.00	1275.00	1279.00	1336.00	1358.00	1336.00	1285.00	1223.00	1159.00	1132.00	1119.00	1111.00	1106.00	1048.00	1025.00	1063.00	1087.00	1205.00	1114.00	1043.00	999.00	967.00	924.00	949.00	982.00	1017.00	1080.00	1074.00	1044.00	1050.00	1086.00	1158.00	1188.00	1244.00	1311.00	1309.00	1246.00	1239.00	1265.00	1213.00	1083.00	1028.00	1005.00	1020.00
1159.00	1137.00	1079.00	1008.00	987.00	1120.00	1156.00	1179.00	1204.00	1121.00	1061.00	1010.00	958.00	904.00	886.00	928.00	996.00	1081.00	1242.00	1314.00	1455.00	1400.00	1310.00	1238.00	1155.00	1061.00	1010.00	980.00	955.00	936.00	968.00	1040.00	916.00	915.00	965.00	1036.00	1031.00	998.00	1027.00	1065.00	1087.00	1165.00	1132.00	1155.00	1171.00	1207.00	1172.00	1134.00	1138.00	1137.00	979.00	943.00	954.00	974.00	1054.00	1097.00	1170.00	1269.00	1348.00	1248.00	1273.00	1351.00	1450.00	1599.00	1594.00	1489.00	1387.00	1371.00	1406.00	1274.00	1172.00	1124.00	1163.00	1207.00	1255.00	1316.00	1406.00	1633.00	1578.00	1479.00	1392.00	1190.00	1159.00	1299.00	1201.00	1105.00	1118.00	1140.00	1208.00	1316.00	1473.00	1547.00	1610.00	1609.00	1516.00	1652.00	1597.00	1575.00	1555.00	1662.00	1678.00	1590.00	1513.00	1455.00	1593.00	1604.00	1554.00	1554.00	1748.00	1698.00	1630.00	1587.00	1499.00	1339.00	1375.00	1357.00	1302.00	1206.00	1188.00	1178.00	1180.00	1171.00	1144.00	1135.00	1125.00	1107.00	1096.00	1090.00	1086.00	1085.00	1076.00	1073.00	1070.00	1066.00	1060.00	1035.00	1034.00	1033.00	1031.00	1037.00	1036.00	1031.00	1028.00	1025.00	1019.00	1011.00	992.00	984.00	978.00	974.00	967.00	961.00	959.00	952.00	948.00	944.00	941.00	933.00	929.00	924.00	921.00	919.00	915.00	912.00	908.00	904.00	893.00	890.00	887.00	886.00	886.00	887.00	888.00	889.00	894.00	912.00	926.00	954.00	968.00	977.00	965.00	930.00	917.00	914.00	918.00	920.00	926.00	934.00	944.00	952.00	958.00	963.00	968.00	988.00	1001.00	1006.00	997.00	1006.00	1031.00	1042.00	1062.00	1073.00	1094.00	1130.00	1120.00	1094.00	1076.00	1196.00	1244.00	1264.00	1298.00	1326.00	1273.00	1275.00	1279.00	1336.00	1358.00	1336.00	1285.00	1223.00	1159.00	1132.00	1119.00	1111.00	1106.00	1048.00	1025.00	1063.00	1087.00	1205.00	1114.00	1043.00	999.00	967.00	924.00	949.00	982.00	1017.00	1080.00	1074.00	1044.00	1050.00	1086.00	1158.00	1188.00	1244.00	1311.00	1309.00	1246.00	1239.00	1265.00	1213.00	1083.00	1028.00	1005.00	1020.00
1159.00	1137.00	1079.00	1008.00	987.00	1120.00	1156.00	1179.00	1204.00	1121.00	1061.00	1010.00	958.00	904.00	886.00	928.00	996.00	1081.00	1242.00	1314.00	1455.00	1400.00	1310.00	1238.00	1155.00	1061.00	1010.00	980.00	955.00	936.00	968.00	1040.00	916.00	915.00	965.00	1036.00	1031.00	998.00	1027.00	1065.00	1087.00	1165.00	1132.00	1155.00	1171.00	1207.00	1172.00	1134.00	1138.00	1137.00	979.00	943.00	954.00	974.00	1054.00	1097.00	1170.00	1269.00	1348.00	1248.00	1273.00	1351.00	1450.00	1599.00	1594.00	1489.00	1387.00	1371.00	1406.00	1274.00	1172.00	1124.00	1163.00	1207.00	1255.00	1316.00	1406.00	1633.00	1578.00	1479.00	1392.00	1190.00	1159.00	1299.00	1201.00	1105.00	1118.00	1140.00	1208.00	1316.00	1473.00	1547.00	1610.00	1609.00	1516.00	1652.00	1597.00	1575.00	1555.00	1662.00	1678.00	1590.00	1513.00	1455.00	1593.00	1604.00	1554.00	1554.00	1748.00	1698.00	1630.00	1587.00	1499.00	1339.00	1375.00	1357.00	1302.00	1206.00	1188.00	1178.00	1180.00	1171.00	1144.00	1135.00	1125.00	1107.00	1096.00	1090.00	1086.00	1085.00	1076.00	1073.00	1070.00	1066.00	1060.00	1035.00	1034.00	1033.00	1031.00	1037.00	1036.00	1031.00	1028.00	1025.00	1019.00	1011.00	992.00	984.00	978.00	974.00	967.00	961.00	959.00	952.00	948.00	944.00	941.00	933.00	929.00	924.00	921.00	919.00	915.00	912.00	908.00	904.00	893.00	890.00	887.00	886.00	886.00	887.00	888.00	889.00	894.00	912.00	926.00	954.00	968.00	977.00	965.00	930.00	917.00	914.00	918.00	920.00	926.00	934.00	944.00	952.00	958.00	963.00	968.00	988.00	1001.00	1006.00	997.00	1006.00	1031.00	1042.00	1062.00	1073.00	1094.00	1130.00	1120.00	1094.00	1076.00	1196.00	1244.00	1264.00	1298.00	1326.00	1273.00	1275.00	1279.00	1336.00	1358.00	1336.00	1285.00	1223.00	1159.00	1132.00	1119.00	1111.00	1106.00	1048.00	1025.00	1063.00	1087.00	1205.00	1114.00	1043.00	999.00	967.00	924.00	949.00	982.00	1017.00	1080.00	1074.00	1044.00	1050.00	1086.00	1158.00	1188.00	1244.00	1311.00	1309.00	1246.00	1239.00	1265.00	1213.00	1083.00	1028.00	1005.00	1020.00
1377.00	1296.00	1181.00	1069.00	965.00	921.00	951.00	954.00	966.00	1070.00	1156.00	1133.00	1065.00	1018.00	901.00	907.00	943.00	983.00	1123.00	1213.00	1406.00	1481.00	1398.00	1209.00	1128.00	1067.00	1039.00	1011.00	982.00	940.00	928.00	1016.00	903.00	909.00	932.00	987.00	973.00	1015.00	1087.00	1101.00	1056.00	1083.00	1060.00	1094.00	1117.00	1170.00	1127.00	1077.00	1080.00	1063.00	951.00	942.00	961.00	986.00	1038.00	1097.00	1193.00	1238.00	1223.00	1215.00	1320.00	1433.00	1539.00	1475.00	1482.00	1541.00	1583.00	1613.00	1413.00	1300.00	1204.00	1144.00	1226.00	1341.00	1437.00	1447.00	1480.00	1659.00	1577.00	1468.00	1378.00	1192.00	1198.00	1364.00	1253.00	1144.00	1129.00	1152.00	1192.00	1229.00	1331.00	1416.00	1521.00	1648.00	1619.00	1573.00	1585.00	1570.00	1597.00	1560.00	1562.00	1539.00	1452.00	1359.00	1383.00	1362.00	1408.00	1489.00	1669.00	1601.00	1525.00	1468.00	1399.00	1307.00	1399.00	1436.00	1421.00	1303.00	1240.00	1203.00	1182.00	1168.00	1157.00	1159.00	1158.00	1112.00	1096.00	1086.00	1080.00	1078.00	1081.00	1080.00	1077.00	1074.00	1069.00	1058.00	1057.00	1056.00	1052.00	1042.00	1038.00	1031.00	1025.00	1022.00	1010.00	1002.00	998.00	997.00	984.00	979.00	973.00	967.00	962.00	956.00	952.00	949.00	946.00	936.00	932.00	928.00	925.00	923.00	920.00	917.00	910.00	903.00	891.00	886.00	883.00	881.00	880.00	883.00	883.00	885.00	891.00	901.00	908.00	922.00	930.00	936.00	935.00	919.00	911.00	913.00	922.00	928.00	936.00	941.00	948.00	956.00	958.00	960.00	961.00	966.00	971.00	981.00	986.00	1008.00	1186.00	1231.00	1214.00	1215.00	1149.00	1192.00	1220.00	1174.00	1125.00	1159.00	1199.00	1203.00	1209.00	1244.00	1194.00	1188.00	1258.00	1263.00	1251.00	1248.00	1222.00	1176.00	1067.00	1097.00	1160.00	1239.00	1237.00	1118.00	1057.00	996.00	996.00	1106.00	1050.00	1026.00	996.00	956.00	925.00	962.00	989.00	995.00	1040.00	1066.00	1048.00	1015.00	1054.00	1178.00	1187.00	1222.00	1261.00	1291.00	1220.00	1182.00	1251.00	1223.00	1057.00	1057.00	1095.00	1076.00
1228.00	1158.00	1084.00	1016.00	944.00	855.00	876.00	895.00	913.00	1081.00	1177.00	1272.00	1257.00	1179.00	1024.00	945.00	916.00	942.00	1077.00	1146.00	1343.00	1419.00	1385.00	1253.00	1205.00	1139.00	1062.00	994.00	970.00	946.00	930.00	905.00	892.00	892.00	901.00	916.00	943.00	999.00	1038.00	1027.00	980.00	1041.00	1087.00	1123.00	1130.00	1161.00	1127.00	1076.00	1012.00	973.00	924.00	948.00	980.00	1019.00	1017.00	1049.00	1087.00	1108.00	1176.00	1335.00	1373.00	1416.00	1363.00	1231.00	1310.00	1372.00	1416.00	1475.00	1432.00	1325.00	1228.00	1162.00	1229.00	1339.00	1430.00	1520.00	1615.00	1625.00	1523.00	1432.00	1354.00	1204.00	1218.00	1413.00	1322.00	1202.00	1149.00	1204.00	1278.00	1364.00	1559.00	1572.00	1639.00	1699.00	1458.00	1356.00	1346.00	1342.00	1348.00	1357.00	1349.00	1403.00	1413.00	1365.00	1258.00	1338.00	1379.00	1398.00	1556.00	1583.00	1630.00	1531.00	1413.00	1265.00	1357.00	1411.00	1416.00	1286.00	1225.00	1191.00	1188.00	1200.00	1171.00	1167.00	1149.00	1111.00	1095.00	1086.00	1080.00	1075.00	1070.00	1069.00	1068.00	1068.00	1067.00	1060.00	1057.00	1053.00	1047.00	1029.00	1022.00	1018.00	1014.00	1010.00	1001.00	1001.00	999.00	994.00	979.00	974.00	970.00	966.00	961.00	956.00	954.00	953.00	949.00	938.00	932.00	926.00	922.00	923.00	919.00	913.00	906.00	901.00	893.00	889.00	886.00	884.00	881.00	880.00	880.00	880.00	884.00	895.00	898.00	904.00	905.00	907.00	905.00	901.00	906.00	916.00	928.00	933.00	936.00	938.00	940.00	944.00	948.00	956.00	959.00	979.00	993.00	1016.00	1029.00	1035.00	1238.00	1321.00	1340.00	1305.00	1187.00	1161.00	1149.00	1146.00	1146.00	1148.00	1165.00	1128.00	1119.00	1145.00	1122.00	1163.00	1173.00	1168.00	1163.00	1150.00	1123.00	1098.00	1045.00	1061.00	1147.00	1193.00	1155.00	1067.00	1047.00	1046.00	1054.00	975.00	980.00	1010.00	1015.00	974.00	918.00	949.00	981.00	1014.00	1065.00	1082.00	1004.00	992.00	1010.00	1057.00	1099.00	1144.00	1180.00	1214.00	1184.00	1108.00	1144.00	1153.00	1097.00	1107.00	1086.00	1054.00
1228.00	1158.00	1084.00	1016.00	944.00	855.00	876.00	895.00	913.00	1081.00	1177.00	1272.00	1257.00	1179.00	1024.00	945.00	916.00	942.00	1077.00	1146.00	1343.00	1419.00	1385.00	1253.00	1205.00	1139.00	1062.00	994.00	970.00	946.00	930.00	905.00	892.00	892.00	901.00	916.00	943.00	999.00	1038.00	1027.00	980.00	1041.00	1087.00	1123.00	1130.00	1161.00	1127.00	1076.00	1012.00	973.00	924.00	948.00	980.00	1019.00	1017.00	1049.00	1087.00	1108.00	1176.00	1335.00	1373.00	1416.00	1363.00	1231.00	1310.00	1372.00	1416.00	1475.00	1432.00	1325.00	1228.00	1162.00	1229.00	1339.00	1430.00	1520.00	1615.00	1625.00	1523.00	1432.00	1354.00	1204.00	1218.00	1413.00	1322.00	1202.00	1149.00	1204.00	1278.00	1364.00	1559.00	1572.00	1639.00	1699.00	1458.00	1356.00	1346.00	1342.00	1348.00	1357.00	1349.00	1403.00	1413.00	1365.00	1258.00	1338.00	1379.00	1398.00	1556.00	1583.00	1630.00	1531.00	1413.00	1265.00	1357.00	1411.00	1416.00	1286.00	1225.00	1191.00	1188.00	1200.00	1171.00	1167.00	1149.00	1111.00	1095.00	1086.00	1080.00	1075.00	1070.00	1069.00	1068.00	1068.00	1067.00	1060.00	1057.00	1053.00	1047.00	1029.00	1022.00	1018.00	1014.00	1010.00	1001.00	1001.00	999.00	994.00	979.00	974.00	970.00	966.00	961.00	956.00	954.00	953.00	949.00	938.00	932.00	926.00	922.00	923.00	919.00	913.00	906.00	901.00	893.00	889.00	886.00	884.00	881.00	880.00	880.00	880.00	884.00	895.00	898.00	904.00	905.00	907.00	905.00	901.00	906.00	916.00	928.00	933.00	936.00	938.00	940.00	944.00	948.00	956.00	959.00	979.00	993.00	1016.00	1029.00	1035.00	1238.00	1321.00	1340.00	1305.00	1187.00	1161.00	1149.00	1146.00	1146.00	1148.00	1165.00	1128.00	1119.00	1145.00	1122.00	1163.00	1173.00	1168.00	1163.00	1150.00	1123.00	1098.00	1045.00	1061.00	1147.00	1193.00	1155.00	1067.00	1047.00	1046.00	1054.00	975.00	980.00	1010.00	1015.00	974.00	918.00	949.00	981.00	1014.00	1065.00	1082.00	1004.00	992.00	1010.00	1057.00	1099.00	1144.00	1180.00	1214.00	1184.00	1108.00	1144.00	1153.00	1097.00	1107.00	1086.00	1054.00
975.00	966.00	934.00	903.00	860.00	846.00	890.00	911.00	930.00	1159.00	1272.00	1390.00	1409.00	1300.00	1116.00	1012.00	957.00	931.00	1013.00	1082.00	1202.00	1249.00	1281.00	1278.00	1241.00	1184.00	1095.00	1011.00	995.00	999.00	969.00	915.00	887.00	881.00	887.00	900.00	929.00	937.00	941.00	953.00	951.00	1083.00	1133.00	1205.00	1214.00	1075.00	1055.00	1019.00	990.00	979.00	940.00	981.00	1058.00	1087.00	1074.00	1078.00	1084.00	1095.00	1119.00	1137.00	1136.00	1151.00	1142.00	1142.00	1182.00	1192.00	1207.00	1247.00	1279.00	1328.00	1301.00	1207.00	1208.00	1261.00	1311.00	1366.00	1445.00	1595.00	1533.00	1460.00	1400.00	1286.00	1247.00	1385.00	1299.00	1189.00	1183.00	1247.00	1335.00	1445.00	1679.00	1703.00	1645.00	1613.00	1550.00	1488.00	1448.00	1360.00	1320.00	1257.00	1243.00	1234.00	1224.00	1223.00	1220.00	1213.00	1227.00	1289.00	1335.00	1410.00	1484.00	1475.00	1380.00	1239.00	1307.00	1344.00	1355.00	1257.00	1224.00	1234.00	1264.00	1268.00	1272.00	1271.00	1238.00	1133.00	1097.00	1090.00	1083.00	1078.00	1068.00	1065.00	1062.00	1058.00	1051.00	1052.00	1048.00	1042.00	1041.00	1035.00	1031.00	1023.00	1016.00	1012.00	1001.00	999.00	996.00	991.00	986.00	984.00	981.00	978.00	975.00	965.00	963.00	961.00	959.00	938.00	928.00	921.00	916.00	915.00	911.00	907.00	904.00	900.00	888.00	885.00	883.00	883.00	881.00	877.00	877.00	878.00	881.00	888.00	891.00	897.00	898.00	897.00	896.00	899.00	907.00	917.00	922.00	923.00	924.00	925.00	936.00	945.00	953.00	960.00	965.00	983.00	999.00	1020.00	1055.00	1076.00	1164.00	1175.00	1156.00	1129.00	1091.00	1099.00	1144.00	1195.00	1214.00	1251.00	1262.00	1182.00	1122.00	1065.00	1068.00	1088.00	1096.00	1122.00	1211.00	1225.00	1197.00	1154.00	1112.00	1039.00	1054.00	1057.00	1074.00	1160.00	1144.00	1113.00	1079.00	989.00	967.00	949.00	942.00	941.00	907.00	934.00	972.00	1006.00	1006.00	987.00	1035.00	1098.00	1117.00	1116.00	1118.00	1139.00	1124.00	1104.00	1110.00	1073.00	1066.00	1063.00	1113.00	1093.00	1054.00	1015.00
814.00	820.00	819.00	823.00	820.00	851.00	888.00	923.00	947.00	1170.00	1288.00	1400.00	1334.00	1249.00	1093.00	1056.00	1001.00	947.00	1047.00	1101.00	1069.00	1059.00	1069.00	1038.00	1012.00	985.00	963.00	968.00	988.00	1009.00	1014.00	928.00	890.00	878.00	880.00	939.00	902.00	943.00	959.00	967.00	973.00	1031.00	1065.00	1109.00	1141.00	1058.00	1008.00	997.00	988.00	964.00	915.00	1012.00	1065.00	1065.00	1022.00	1009.00	1004.00	1013.00	1026.00	1041.00	1039.00	1042.00	1119.00	1305.00	1409.00	1402.00	1396.00	1427.00	1367.00	1332.00	1406.00	1395.00	1237.00	1225.00	1243.00	1266.00	1315.00	1503.00	1614.00	1676.00	1567.00	1330.00	1276.00	1429.00	1358.00	1249.00	1213.00	1293.00	1392.00	1511.00	1664.00	1633.00	1554.00	1439.00	1425.00	1619.00	1659.00	1594.00	1508.00	1322.00	1268.00	1281.00	1248.00	1218.00	1182.00	1173.00	1173.00	1170.00	1184.00	1205.00	1239.00	1264.00	1254.00	1220.00	1279.00	1292.00	1277.00	1238.00	1265.00	1306.00	1331.00	1339.00	1327.00	1296.00	1244.00	1141.00	1110.00	1102.00	1096.00	1089.00	1083.00	1079.00	1076.00	1069.00	1058.00	1029.00	1030.00	1035.00	1039.00	1035.00	1033.00	1035.00	1031.00	1024.00	1016.00	1007.00	1003.00	1005.00	1003.00	996.00	989.00	983.00	976.00	967.00	962.00	957.00	953.00	930.00	924.00	921.00	916.00	908.00	900.00	899.00	897.00	895.00	883.00	881.00	880.00	880.00	879.00	875.00	875.00	878.00	880.00	885.00	886.00	887.00	886.00	889.00	900.00	903.00	908.00	911.00	914.00	917.00	920.00	925.00	936.00	944.00	947.00	951.00	956.00	975.00	989.00	1008.00	1037.00	1062.00	1059.00	1040.00	1037.00	1040.00	1092.00	1111.00	1169.00	1253.00	1333.00	1340.00	1348.00	1212.00	1123.00	1049.00	1056.00	1104.00	1121.00	1162.00	1248.00	1230.00	1183.00	1126.00	1037.00	1018.00	1001.00	1020.00	1067.00	1150.00	1121.00	1093.00	1065.00	979.00	964.00	953.00	945.00	938.00	905.00	900.00	917.00	934.00	946.00	974.00	1034.00	1055.00	1092.00	1166.00	1116.00	1110.00	1107.00	1025.00	1028.00	1023.00	1010.00	1062.00	1089.00	1058.00	1028.00	992.00
814.00	820.00	819.00	823.00	820.00	851.00	888.00	923.00	947.00	1170.00	1288.00	1400.00	1334.00	1249.00	1093.00	1056.00	1001.00	947.00	1047.00	1101.00	1069.00	1059.00	1069.00	1038.00	1012.00	985.00	963.00	968.00	988.00	1009.00	1014.00	928.00	890.00	878.00	880.00	939.00	902.00	943.00	959.00	967.00	973.00	1031.00	1065.00	1109.00	1141.00	1058.00	1008.00	997.00	988.00	964.00	915.00	1012.00	1065.00	1065.00	1022.00	1009.00	1004.00	1013.00	1026.00	1041.00	1039.00	1042.00	1119.00	1305.00	1409.00	1402.00	1396.00	1427.00	1367.00	1332.00	1406.00	1395.00	1237.00	1225.00	1243.00	1266.00	1315.00	1503.00	1614.00	1676.00	1567.00	1330.00	1276.00	1429.00	1358.00	1249.00	1213.00	1293.00	1392.00	1511.00	1664.00	1633.00	1554.00	1439.00	1425.00	1619.00	1659.00	1594.00	1508.00	1322.00	1268.00	1281.00	1248.00	1218.00	1182.00	1173.00	1173.00	1170.00	1184.00	1205.00	1239.00	1264.00	1254.00	1220.00	1279.00	1292.00	1277.00	1238.00	1265.00	1306.00	1331.00	1339.00	1327.00	1296.00	1244.00	1141.00	1110.00	1102.00	1096.00	1089.00	1083.00	1079.00	1076.00	1069.00	1058.00	1029.00	1030.00	1035.00	1039.00	1035.00	1033.00	1035.00	1031.00	1024.00	1016.00	1007.00	1003.00	1005.00	1003.00	996.00	989.00	983.00	976.00	967.00	962.00	957.00	953.00	930.00	924.00	921.00	916.00	908.00	900.00	899.00	897.00	895.00	883.00	881.00	880.00	880.00	879.00	875.00	875.00	878.00	880.00	885.00	886.00	887.00	886.00	889.00	900.00	903.00	908.00	911.00	914.00	917.00	920.00	925.00	936.00	944.00	947.00	951.00	956.00	975.00	989.00	1008.00	1037.00	1062.00	1059.00	1040.00	1037.00	1040.00	1092.00	1111.00	1169.00	1253.00	1333.00	1340.00	1348.00	1212.00	1123.00	1049.00	1056.00	1104.00	1121.00	1162.00	1248.00	1230.00	1183.00	1126.00	1037.00	1018.00	1001.00	1020.00	1067.00	1150.00	1121.00	1093.00	1065.00	979.00	964.00	953.00	945.00	938.00	905.00	900.00	917.00	934.00	946.00	974.00	1034.00	1055.00	1092.00	1166.00	1116.00	1110.00	1107.00	1025.00	1028.00	1023.00	1010.00	1062.00	1089.00	1058.00	1028.00	992.00
807.00	831.00	840.00	843.00	849.00	883.00	923.00	944.00	946.00	1116.00	1224.00	1330.00	1321.00	1269.00	1128.00	1079.00	1019.00	969.00	1068.00	1136.00	1163.00	1134.00	1066.00	975.00	974.00	967.00	955.00	953.00	934.00	919.00	932.00	912.00	887.00	874.00	879.00	911.00	917.00	945.00	969.00	992.00	1015.00	1026.00	1027.00	1050.00	1057.00	1083.00	1084.00	1057.00	1021.00	962.00	928.00	1037.00	1043.00	1003.00	1018.00	1084.00	1134.00	1155.00	1179.00	1267.00	1206.00	1119.00	1125.00	1313.00	1380.00	1368.00	1421.00	1498.00	1561.00	1497.00	1491.00	1577.00	1510.00	1415.00	1323.00	1272.00	1280.00	1447.00	1576.00	1632.00	1515.00	1359.00	1396.00	1368.00	1286.00	1234.00	1308.00	1372.00	1469.00	1590.00	1443.00	1418.00	1381.00	1339.00	1354.00	1558.00	1622.00	1629.00	1545.00	1373.00	1361.00	1420.00	1448.00	1412.00	1215.00	1191.00	1187.00	1175.00	1143.00	1141.00	1140.00	1136.00	1139.00	1142.00	1207.00	1251.00	1248.00	1206.00	1218.00	1256.00	1295.00	1324.00	1350.00	1314.00	1256.00	1150.00	1120.00	1113.00	1104.00	1098.00	1086.00	1082.00	1080.00	1069.00	1060.00	1038.00	1027.00	1020.00	1012.00	1009.00	1008.00	1010.00	1009.00	1007.00	1001.00	995.00	987.00	989.00	987.00	982.00	977.00	971.00	964.00	951.00	949.00	946.00	940.00	920.00	919.00	914.00	910.00	907.00	901.00	900.00	898.00	897.00	887.00	884.00	882.00	882.00	881.00	877.00	873.00	877.00	879.00	879.00	880.00	880.00	880.00	890.00	901.00	901.00	900.00	902.00	912.00	917.00	920.00	922.00	924.00	937.00	942.00	950.00	957.00	972.00	982.00	993.00	1004.00	1008.00	1019.00	1046.00	1067.00	1074.00	1086.00	1135.00	1182.00	1238.00	1262.00	1190.00	1189.00	1169.00	1131.00	1028.00	1100.00	1133.00	1108.00	1132.00	1168.00	1144.00	1114.00	1092.00	1092.00	1056.00	1021.00	997.00	1040.00	1054.00	1057.00	1039.00	1010.00	964.00	954.00	945.00	940.00	939.00	913.00	894.00	901.00	906.00	926.00	945.00	975.00	999.00	1027.00	1033.00	1023.00	1036.00	1021.00	961.00	967.00	986.00	1012.00	1078.00	1028.00	1002.00	980.00	957.00
807.00	831.00	840.00	843.00	849.00	883.00	923.00	944.00	946.00	1116.00	1224.00	1330.00	1321.00	1269.00	1128.00	1079.00	1019.00	969.00	1068.00	1136.00	1163.00	1134.00	1066.00	975.00	974.00	967.00	955.00	953.00	934.00	919.00	932.00	912.00	887.00	874.00	879.00	911.00	917.00	945.00	969.00	992.00	1015.00	1026.00	1027.00	1050.00	1057.00	1083.00	1084.00	1057.00	1021.00	962.00	928.00	1037.00	1043.00	1003.00	1018.00	1084.00	1134.00	1155.00	1179.00	1267.00	1206.00	1119.00	1125.00	1313.00	1380.00	1368.00	1421.00	1498.00	1561.00	1497.00	1491.00	1577.00	1510.00	1415.00	1323.00	1272.00	1280.00	1447.00	1576.00	1632.00	1515.00	1359.00	1396.00	1368.00	1286.00	1234.00	1308.00	1372.00	1469.00	1590.00	1443.00	1418.00	1381.00	1339.00	1354.00	1558.00	1622.00	1629.00	1545.00	1373.00	1361.00	1420.00	1448.00	1412.00	1215.00	1191.00	1187.00	1175.00	1143.00	1141.00	1140.00	1136.00	1139.00	1142.00	1207.00	1251.00	1248.00	1206.00	1218.00	1256.00	1295.00	1324.00	1350.00	1314.00	1256.00	1150.00	1120.00	1113.00	1104.00	1098.00	1086.00	1082.00	1080.00	1069.00	1060.00	1038.00	1027.00	1020.00	1012.00	1009.00	1008.00	1010.00	1009.00	1007.00	1001.00	995.00	987.00	989.00	987.00	982.00	977.00	971.00	964.00	951.00	949.00	946.00	940.00	920.00	919.00	914.00	910.00	907.00	901.00	900.00	898.00	897.00	887.00	884.00	882.00	882.00	881.00	877.00	873.00	877.00	879.00	879.00	880.00	880.00	880.00	890.00	901.00	901.00	900.00	902.00	912.00	917.00	920.00	922.00	924.00	937.00	942.00	950.00	957.00	972.00	982.00	993.00	1004.00	1008.00	1019.00	1046.00	1067.00	1074.00	1086.00	1135.00	1182.00	1238.00	1262.00	1190.00	1189.00	1169.00	1131.00	1028.00	1100.00	1133.00	1108.00	1132.00	1168.00	1144.00	1114.00	1092.00	1092.00	1056.00	1021.00	997.00	1040.00	1054.00	1057.00	1039.00	1010.00	964.00	954.00	945.00	940.00	939.00	913.00	894.00	901.00	906.00	926.00	945.00	975.00	999.00	1027.00	1033.00	1023.00	1036.00	1021.00	961.00	967.00	986.00	1012.00	1078.00	1028.00	1002.00	980.00	957.00
854.00	883.00	881.00	870.00	877.00	953.00	1011.00	1011.00	994.00	1014.00	1050.00	1090.00	1155.00	1251.00	1207.00	1158.00	1095.00	1021.00	1088.00	1190.00	1307.00	1201.00	1098.00	1024.00	1042.00	1026.00	1024.00	989.00	966.00	953.00	944.00	896.00	888.00	896.00	876.00	866.00	956.00	1006.00	1017.00	1037.00	1058.00	998.00	964.00	1008.00	1054.00	1088.00	1081.00	1055.00	1004.00	943.00	995.00	1023.00	966.00	977.00	1146.00	1238.00	1320.00	1403.00	1467.00	1414.00	1315.00	1222.00	1120.00	1174.00	1205.00	1250.00	1308.00	1379.00	1602.00	1707.00	1681.00	1638.00	1594.00	1561.00	1480.00	1415.00	1422.00	1534.00	1512.00	1467.00	1490.00	1517.00	1517.00	1413.00	1335.00	1361.00	1518.00	1603.00	1640.00	1659.00	1500.00	1424.00	1327.00	1272.00	1261.00	1328.00	1369.00	1416.00	1480.00	1533.00	1543.00	1591.00	1617.00	1572.00	1343.00	1321.00	1371.00	1364.00	1238.00	1188.00	1161.00	1164.00	1125.00	1116.00	1114.00	1124.00	1126.00	1152.00	1132.00	1128.00	1152.00	1161.00	1206.00	1214.00	1179.00	1129.00	1103.00	1100.00	1099.00	1094.00	1078.00	1068.00	1061.00	1054.00	1049.00	1041.00	1033.00	1022.00	1020.00	1003.00	992.00	987.00	983.00	981.00	979.00	974.00	966.00	965.00	962.00	960.00	958.00	955.00	952.00	943.00	939.00	937.00	934.00	921.00	919.00	918.00	915.00	910.00	904.00	902.00	900.00	898.00	889.00	886.00	884.00	883.00	881.00	875.00	871.00	870.00	872.00	874.00	874.00	878.00	883.00	889.00	888.00	887.00	891.00	898.00	905.00	907.00	912.00	918.00	929.00	941.00	947.00	951.00	954.00	965.00	967.00	967.00	979.00	998.00	1068.00	1094.00	1133.00	1149.00	1154.00	1134.00	1153.00	1165.00	1178.00	1110.00	1090.00	1090.00	1084.00	1038.00	1025.00	1057.00	1083.00	1101.00	1130.00	1187.00	1212.00	1183.00	1157.00	1112.00	1074.00	1033.00	998.00	987.00	985.00	977.00	969.00	957.00	958.00	947.00	940.00	933.00	917.00	900.00	888.00	885.00	894.00	906.00	928.00	940.00	958.00	969.00	981.00	966.00	946.00	973.00	1005.00	1037.00	1066.00	1092.00	1046.00	1025.00	989.00	950.00
854.00	883.00	881.00	870.00	877.00	953.00	1011.00	1011.00	994.00	1014.00	1050.00	1090.00	1155.00	1251.00	1207.00	1158.00	1095.00	1021.00	1088.00	1190.00	1307.00	1201.00	1098.00	1024.00	1042.00	1026.00	1024.00	989.00	966.00	953.00	944.00	896.00	888.00	896.00	876.00	866.00	956.00	1006.00	1017.00	1037.00	1058.00	998.00	964.00	1008.00	1054.00	1088.00	1081.00	1055.00	1004.00	943.00	995.00	1023.00	966.00	977.00	1146.00	1238.00	1320.00	1403.00	1467.00	1414.00	1315.00	1222.00	1120.00	1174.00	1205.00	1250.00	1308.00	1379.00	1602.00	1707.00	1681.00	1638.00	1594.00	1561.00	1480.00	1415.00	1422.00	1534.00	1512.00	1467.00	1490.00	1517.00	1517.00	1413.00	1335.00	1361.00	1518.00	1603.00	1640.00	1659.00	1500.00	1424.00	1327.00	1272.00	1261.00	1328.00	1369.00	1416.00	1480.00	1533.00	1543.00	1591.00	1617.00	1572.00	1343.00	1321.00	1371.00	1364.00	1238.00	1188.00	1161.00	1164.00	1125.00	1116.00	1114.00	1124.00	1126.00	1152.00	1132.00	1128.00	1152.00	1161.00	1206.00	1214.00	1179.00	1129.00	1103.00	1100.00	1099.00	1094.00	1078.00	1068.00	1061.00	1054.00	1049.00	1041.00	1033.00	1022.00	1020.00	1003.00	992.00	987.00	983.00	981.00	979.00	974.00	966.00	965.00	962.00	960.00	958.00	955.00	952.00	943.00	939.00	937.00	934.00	921.00	919.00	918.00	915.00	910.00	904.00	902.00	900.00	898.00	889.00	886.00	884.00	883.00	881.00	875.00	871.00	870.00	872.00	874.00	874.00	878.00	883.00	889.00	888.00	887.00	891.00	898.00	905.00	907.00	912.00	918.00	929.00	941.00	947.00	951.00	954.00	965.00	967.00	967.00	979.00	998.00	1068.00	1094.00	1133.00	1149.00	1154.00	1134.00	1153.00	1165.00	1178.00	1110.00	1090.00	1090.00	1084.00	1038.00	1025.00	1057.00	1083.00	1101.00	1130.00	1187.00	1212.00	1183.00	1157.00	1112.00	1074.00	1033.00	998.00	987.00	985.00	977.00	969.00	957.00	958.00	947.00	940.00	933.00	917.00	900.00	888.00	885.00	894.00	906.00	928.00	940.00	958.00	969.00	981.00	966.00	946.00	973.00	1005.00	1037.00	1066.00	1092.00	1046.00	1025.00	989.00	950.00
854.00	883.00	881.00	870.00	877.00	953.00	1011.00	1011.00	994.00	1014.00	1050.00	1090.00	1155.00	1251.00	1207.00	1158.00	1095.00	1021.00	1088.00	1190.00	1307.00	1201.00	1098.00	1024.00	1042.00	1026.00	1024.00	989.00	966.00	953.00	944.00	896.00	888.00	896.00	876.00	866.00	956.00	1006.00	1017.00	1037.00	1058.00	998.00	964.00	1008.00	1054.00	1088.00	1081.00	1055.00	1004.00	943.00	995.00	1023.00	966.00	977.00	1146.00	1238.00	1320.00	1403.00	1467.00	1414.00	1315.00	1222.00	1120.00	1174.00	1205.00	1250.00	1308.00	1379.00	1602.00	1707.00	1681.00	1638.00	1594.00	1561.00	1480.00	1415.00	1422.00	1534.00	1512.00	1467.00	1490.00	1517.00	1517.00	1413.00	1335.00	1361.00	1518.00	1603.00	1640.00	1659.00	1500.00	1424.00	1327.00	1272.00	1261.00	1328.00	1369.00	1416.00	1480.00	1533.00	1543.00	1591.00	1617.00	1572.00	1343.00	1321.00	1371.00	1364.00	1238.00	1188.00	1161.00	1164.00	1125.00	1116.00	1114.00	1124.00	1126.00	1152.00	1132.00	1128.00	1152.00	1161.00	1206.00	1214.00	1179.00	1129.00	1103.00	1100.00	1099.00	1094.00	1078.00	1068.00	1061.00	1054.00	1049.00	1041.00	1033.00	1022.00	1020.00	1003.00	992.00	987.00	983.00	981.00	979.00	974.00	966.00	965.00	962.00	960.00	958.00	955.00	952.00	943.00	939.00	937.00	934.00	921.00	919.00	918.00	915.00	910.00	904.00	902.00	900.00	898.00	889.00	886.00	884.00	883.00	881.00	875.00	871.00	870.00	872.00	874.00	874.00	878.00	883.00	889.00	888.00	887.00	891.00	898.00	905.00	907.00	912.00	918.00	929.00	941.00	947.00	951.00	954.00	965.00	967.00	967.00	979.00	998.00	1068.00	1094.00	1133.00	1149.00	1154.00	1134.00	1153.00	1165.00	1178.00	1110.00	1090.00	1090.00	1084.00	1038.00	1025.00	1057.00	1083.00	1101.00	1130.00	1187.00	1212.00	1183.00	1157.00	1112.00	1074.00	1033.00	998.00	987.00	985.00	977.00	969.00	957.00	958.00	947.00	940.00	933.00	917.00	900.00	888.00	885.00	894.00	906.00	928.00	940.00	958.00	969.00	981.00	966.00	946.00	973.00	1005.00	1037.00	1066.00	1092.00	1046.00	1025.00	989.00	950.00
844.00	864.00	865.00	856.00	875.00	930.00	949.00	918.00	914.00	930.00	957.00	1015.00	1108.00	1221.00	1347.00	1241.00	1129.00	1040.00	1126.00	1231.00	1322.00	1213.00	1147.00	1166.00	1181.00	1096.00	1024.00	959.00	939.00	927.00	918.00	935.00	942.00	925.00	905.00	879.00	886.00	948.00	979.00	949.00	1002.00	958.00	918.00	1007.00	1009.00	1043.00	1046.00	1034.00	1014.00	963.00	956.00	937.00	958.00	1008.00	1105.00	1185.00	1268.00	1354.00	1452.00	1497.00	1417.00	1330.00	1306.00	1262.00	1227.00	1267.00	1348.00	1473.00	1581.00	1519.00	1485.00	1418.00	1427.00	1446.00	1498.00	1595.00	1566.00	1394.00	1333.00	1297.00	1307.00	1356.00	1383.00	1266.00	1327.00	1435.00	1664.00	1622.00	1530.00	1453.00	1352.00	1296.00	1263.00	1241.00	1213.00	1203.00	1217.00	1235.00	1265.00	1341.00	1388.00	1404.00	1404.00	1484.00	1563.00	1555.00	1521.00	1436.00	1292.00	1242.00	1230.00	1185.00	1148.00	1174.00	1110.00	1096.00	1091.00	1085.00	1081.00	1080.00	1074.00	1071.00	1080.00	1072.00	1066.00	1051.00	1058.00	1062.00	1063.00	1060.00	1053.00	1049.00	1041.00	1027.00	1024.00	1028.00	1015.00	1009.00	1006.00	997.00	995.00	986.00	982.00	980.00	971.00	965.00	959.00	957.00	953.00	951.00	949.00	945.00	942.00	938.00	935.00	932.00	929.00	919.00	917.00	915.00	912.00	909.00	902.00	900.00	898.00	894.00	886.00	883.00	881.00	880.00	879.00	870.00	867.00	865.00	864.00	865.00	868.00	878.00	880.00	879.00	879.00	882.00	888.00	895.00	901.00	906.00	913.00	919.00	929.00	937.00	936.00	936.00	940.00	956.00	958.00	959.00	968.00	988.00	1085.00	1111.00	1140.00	1139.00	1172.00	1167.00	1145.00	1129.00	1117.00	1081.00	1059.00	1059.00	1055.00	1010.00	988.00	1010.00	1038.00	1074.00	1194.00	1237.00	1183.00	1160.00	1079.00	1056.00	1036.00	1022.00	1020.00	961.00	950.00	955.00	955.00	939.00	938.00	938.00	939.00	937.00	929.00	921.00	904.00	885.00	880.00	887.00	893.00	897.00	905.00	930.00	941.00	913.00	936.00	1004.00	1031.00	1055.00	1075.00	1041.00	987.00	982.00	947.00	928.00
859.00	848.00	829.00	832.00	855.00	884.00	880.00	898.00	930.00	959.00	975.00	1019.00	1078.00	1157.00	1283.00	1173.00	1089.00	1092.00	1279.00	1353.00	1472.00	1387.00	1331.00	1225.00	1130.00	1047.00	986.00	951.00	973.00	1005.00	985.00	994.00	951.00	926.00	937.00	929.00	892.00	876.00	883.00	879.00	914.00	901.00	906.00	941.00	937.00	1012.00	1031.00	1033.00	1016.00	943.00	904.00	986.00	1044.00	1114.00	1219.00	1289.00	1385.00	1437.00	1422.00	1351.00	1341.00	1342.00	1379.00	1459.00	1430.00	1456.00	1531.00	1578.00	1442.00	1350.00	1262.00	1231.00	1272.00	1305.00	1391.00	1522.00	1521.00	1346.00	1319.00	1297.00	1282.00	1195.00	1185.00	1205.00	1290.00	1388.00	1470.00	1517.00	1526.00	1522.00	1526.00	1431.00	1372.00	1309.00	1309.00	1218.00	1190.00	1188.00	1192.00	1200.00	1213.00	1230.00	1285.00	1350.00	1589.00	1604.00	1518.00	1430.00	1255.00	1215.00	1187.00	1171.00	1246.00	1241.00	1201.00	1233.00	1218.00	1222.00	1214.00	1192.00	1137.00	1090.00	1069.00	1059.00	1048.00	1039.00	1041.00	1041.00	1040.00	1041.00	1047.00	1049.00	1047.00	1049.00	1048.00	1032.00	1033.00	1033.00	1024.00	1019.00	1007.00	989.00	981.00	979.00	972.00	967.00	959.00	957.00	951.00	948.00	945.00	942.00	939.00	933.00	930.00	927.00	923.00	917.00	915.00	912.00	908.00	905.00	901.00	899.00	896.00	892.00	884.00	882.00	881.00	879.00	875.00	870.00	869.00	867.00	865.00	860.00	860.00	864.00	867.00	870.00	877.00	881.00	894.00	902.00	909.00	910.00	911.00	914.00	918.00	919.00	922.00	934.00	940.00	943.00	945.00	953.00	957.00	969.00	1054.00	1067.00	1076.00	1102.00	1190.00	1221.00	1203.00	1165.00	1121.00	1065.00	1044.00	1069.00	1111.00	998.00	992.00	1044.00	1066.00	1106.00	1178.00	1167.00	1129.00	1076.00	1031.00	1034.00	1025.00	992.00	969.00	931.00	917.00	918.00	926.00	956.00	951.00	943.00	934.00	927.00	917.00	911.00	904.00	894.00	874.00	877.00	877.00	878.00	883.00	891.00	897.00	928.00	966.00	1018.00	1040.00	1058.00	1060.00	1014.00	965.00	937.00	912.00	899.00
859.00	848.00	829.00	832.00	855.00	884.00	880.00	898.00	930.00	959.00	975.00	1019.00	1078.00	1157.00	1283.00	1173.00	1089.00	1092.00	1279.00	1353.00	1472.00	1387.00	1331.00	1225.00	1130.00	1047.00	986.00	951.00	973.00	1005.00	985.00	994.00	951.00	926.00	937.00	929.00	892.00	876.00	883.00	879.00	914.00	901.00	906.00	941.00	937.00	1012.00	1031.00	1033.00	1016.00	943.00	904.00	986.00	1044.00	1114.00	1219.00	1289.00	1385.00	1437.00	1422.00	1351.00	1341.00	1342.00	1379.00	1459.00	1430.00	1456.00	1531.00	1578.00	1442.00	1350.00	1262.00	1231.00	1272.00	1305.00	1391.00	1522.00	1521.00	1346.00	1319.00	1297.00	1282.00	1195.00	1185.00	1205.00	1290.00	1388.00	1470.00	1517.00	1526.00	1522.00	1526.00	1431.00	1372.00	1309.00	1309.00	1218.00	1190.00	1188.00	1192.00	1200.00	1213.00	1230.00	1285.00	1350.00	1589.00	1604.00	1518.00	1430.00	1255.00	1215.00	1187.00	1171.00	1246.00	1241.00	1201.00	1233.00	1218.00	1222.00	1214.00	1192.00	1137.00	1090.00	1069.00	1059.00	1048.00	1039.00	1041.00	1041.00	1040.00	1041.00	1047.00	1049.00	1047.00	1049.00	1048.00	1032.00	1033.00	1033.00	1024.00	1019.00	1007.00	989.00	981.00	979.00	972.00	967.00	959.00	957.00	951.00	948.00	945.00	942.00	939.00	933.00	930.00	927.00	923.00	917.00	915.00	912.00	908.00	905.00	901.00	899.00	896.00	892.00	884.00	882.00	881.00	879.00	875.00	870.00	869.00	867.00	865.00	860.00	860.00	864.00	867.00	870.00	877.00	881.00	894.00	902.00	909.00	910.00	911.00	914.00	918.00	919.00	922.00	934.00	940.00	943.00	945.00	953.00	957.00	969.00	1054.00	1067.00	1076.00	1102.00	1190.00	1221.00	1203.00	1165.00	1121.00	1065.00	1044.00	1069.00	1111.00	998.00	992.00	1044.00	1066.00	1106.00	1178.00	1167.00	1129.00	1076.00	1031.00	1034.00	1025.00	992.00	969.00	931.00	917.00	918.00	926.00	956.00	951.00	943.00	934.00	927.00	917.00	911.00	904.00	894.00	874.00	877.00	877.00	878.00	883.00	891.00	897.00	928.00	966.00	1018.00	1040.00	1058.00	1060.00	1014.00	965.00	937.00	912.00	899.00
841.00	881.00	875.00	863.00	858.00	928.00	939.00	943.00	936.00	1001.00	1024.00	1066.00	1139.00	1238.00	1320.00	1234.00	1215.00	1244.00	1396.00	1430.00	1439.00	1332.00	1233.00	1076.00	1019.00	982.00	974.00	991.00	987.00	1003.00	1016.00	1009.00	939.00	938.00	968.00	951.00	957.00	922.00	879.00	863.00	851.00	858.00	871.00	924.00	981.00	1006.00	986.00	940.00	893.00	896.00	977.00	1148.00	1219.00	1264.00	1352.00	1334.00	1271.00	1212.00	1168.00	1134.00	1156.00	1199.00	1245.00	1387.00	1492.00	1609.00	1584.00	1485.00	1299.00	1194.00	1170.00	1185.00	1345.00	1420.00	1487.00	1552.00	1566.00	1488.00	1529.00	1534.00	1453.00	1279.00	1191.00	1157.00	1158.00	1174.00	1227.00	1257.00	1298.00	1368.00	1477.00	1514.00	1463.00	1447.00	1560.00	1366.00	1286.00	1222.00	1190.00	1166.00	1163.00	1160.00	1174.00	1198.00	1350.00	1376.00	1348.00	1284.00	1223.00	1203.00	1189.00	1238.00	1290.00	1332.00	1332.00	1342.00	1361.00	1368.00	1365.00	1367.00	1326.00	1278.00	1178.00	1129.00	1090.00	1074.00	1066.00	1073.00	1077.00	1083.00	1083.00	1078.00	1071.00	1064.00	1060.00	1039.00	1030.00	1028.00	1026.00	1006.00	994.00	989.00	983.00	979.00	968.00	963.00	958.00	956.00	949.00	946.00	943.00	941.00	939.00	933.00	930.00	927.00	924.00	915.00	912.00	909.00	905.00	902.00	899.00	896.00	893.00	890.00	883.00	882.00	879.00	878.00	884.00	905.00	904.00	901.00	888.00	866.00	860.00	857.00	859.00	862.00	876.00	882.00	892.00	899.00	899.00	897.00	898.00	900.00	903.00	922.00	925.00	933.00	940.00	946.00	950.00	958.00	967.00	978.00	1003.00	1031.00	1053.00	1079.00	1165.00	1211.00	1251.00	1245.00	1186.00	1082.00	1053.00	1035.00	1106.00	1036.00	983.00	1001.00	1036.00	1064.00	1106.00	1119.00	1107.00	1080.00	972.00	956.00	968.00	947.00	932.00	908.00	896.00	894.00	902.00	950.00	952.00	947.00	942.00	938.00	930.00	923.00	917.00	907.00	888.00	878.00	866.00	861.00	860.00	874.00	885.00	906.00	929.00	985.00	1011.00	1030.00	1026.00	969.00	923.00	908.00	897.00	887.00
841.00	881.00	875.00	863.00	858.00	928.00	939.00	943.00	936.00	1001.00	1024.00	1066.00	1139.00	1238.00	1320.00	1234.00	1215.00	1244.00	1396.00	1430.00	1439.00	1332.00	1233.00	1076.00	1019.00	982.00	974.00	991.00	987.00	1003.00	1016.00	1009.00	939.00	938.00	968.00	951.00	957.00	922.00	879.00	863.00	851.00	858.00	871.00	924.00	981.00	1006.00	986.00	940.00	893.00	896.00	977.00	1148.00	1219.00	1264.00	1352.00	1334.00	1271.00	1212.00	1168.00	1134.00	1156.00	1199.00	1245.00	1387.00	1492.00	1609.00	1584.00	1485.00	1299.00	1194.00	1170.00	1185.00	1345.00	1420.00	1487.00	1552.00	1566.00	1488.00	1529.00	1534.00	1453.00	1279.00	1191.00	1157.00	1158.00	1174.00	1227.00	1257.00	1298.00	1368.00	1477.00	1514.00	1463.00	1447.00	1560.00	1366.00	1286.00	1222.00	1190.00	1166.00	1163.00	1160.00	1174.00	1198.00	1350.00	1376.00	1348.00	1284.00	1223.00	1203.00	1189.00	1238.00	1290.00	1332.00	1332.00	1342.00	1361.00	1368.00	1365.00	1367.00	1326.00	1278.00	1178.00	1129.00	1090.00	1074.00	1066.00	1073.00	1077.00	1083.00	1083.00	1078.00	1071.00	1064.00	1060.00	1039.00	1030.00	1028.00	1026.00	1006.00	994.00	989.00	983.00	979.00	968.00	963.00	958.00	956.00	949.00	946.00	943.00	941.00	939.00	933.00	930.00	927.00	924.00	915.00	912.00	909.00	905.00	902.00	899.00	896.00	893.00	890.00	883.00	882.00	879.00	878.00	884.00	905.00	904.00	901.00	888.00	866.00	860.00	857.00	859.00	862.00	876.00	882.00	892.00	899.00	899.00	897.00	898.00	900.00	903.00	922.00	925.00	933.00	940.00	946.00	950.00	958.00	967.00	978.00	1003.00	1031.00	1053.00	1079.00	1165.00	1211.00	1251.00	1245.00	1186.00	1082.00	1053.00	1035.00	1106.00	1036.00	983.00	1001.00	1036.00	1064.00	1106.00	1119.00	1107.00	1080.00	972.00	956.00	968.00	947.00	932.00	908.00	896.00	894.00	902.00	950.00	952.00	947.00	942.00	938.00	930.00	923.00	917.00	907.00	888.00	878.00	866.00	861.00	860.00	874.00	885.00	906.00	929.00	985.00	1011.00	1030.00	1026.00	969.00	923.00	908.00	897.00	887.00
845.00	907.00	945.00	928.00	895.00	888.00	912.00	941.00	972.00	1016.00	1045.00	1066.00	1097.00	1125.00	1124.00	1119.00	1151.00	1195.00	1234.00	1235.00	1377.00	1246.00	1148.00	1043.00	1018.00	1028.00	1022.00	1031.00	1049.00	1071.00	1059.00	1034.00	956.00	1010.00	1046.00	1056.00	1038.00	1017.00	931.00	972.00	996.00	890.00	852.00	857.00	904.00	944.00	894.00	868.00	933.00	992.00	1086.00	1260.00	1303.00	1270.00	1169.00	1121.00	1068.00	1043.00	1073.00	1240.00	1316.00	1390.00	1422.00	1520.00	1592.00	1577.00	1474.00	1377.00	1222.00	1127.00	1103.00	1095.00	1188.00	1252.00	1319.00	1373.00	1406.00	1396.00	1519.00	1531.00	1438.00	1289.00	1295.00	1304.00	1256.00	1210.00	1128.00	1127.00	1143.00	1173.00	1258.00	1321.00	1381.00	1455.00	1644.00	1491.00	1395.00	1317.00	1259.00	1231.00	1180.00	1157.00	1143.00	1140.00	1171.00	1163.00	1142.00	1151.00	1217.00	1255.00	1279.00	1307.00	1341.00	1397.00	1474.00	1480.00	1454.00	1372.00	1307.00	1274.00	1279.00	1301.00	1254.00	1234.00	1213.00	1180.00	1158.00	1145.00	1135.00	1126.00	1102.00	1095.00	1088.00	1074.00	1063.00	1035.00	1024.00	1020.00	1007.00	990.00	982.00	979.00	978.00	975.00	964.00	960.00	953.00	951.00	946.00	944.00	942.00	939.00	936.00	930.00	928.00	926.00	923.00	916.00	913.00	910.00	908.00	905.00	900.00	899.00	896.00	892.00	897.00	902.00	911.00	930.00	932.00	943.00	948.00	938.00	918.00	893.00	886.00	857.00	855.00	859.00	869.00	873.00	878.00	882.00	895.00	901.00	905.00	909.00	916.00	919.00	920.00	923.00	931.00	937.00	941.00	949.00	956.00	962.00	966.00	984.00	1009.00	1029.00	1060.00	1095.00	1144.00	1183.00	1206.00	1120.00	1063.00	1008.00	1057.00	1029.00	971.00	963.00	1000.00	1021.00	1044.00	1050.00	1040.00	1024.00	943.00	920.00	908.00	904.00	899.00	879.00	877.00	884.00	899.00	937.00	933.00	932.00	933.00	933.00	927.00	923.00	920.00	911.00	895.00	890.00	881.00	873.00	863.00	857.00	858.00	863.00	870.00	893.00	910.00	922.00	918.00	902.00	885.00	879.00	876.00	876.00
845.00	907.00	945.00	928.00	895.00	888.00	912.00	941.00	972.00	1016.00	1045.00	1066.00	1097.00	1125.00	1124.00	1119.00	1151.00	1195.00	1234.00	1235.00	1377.00	1246.00	1148.00	1043.00	1018.00	1028.00	1022.00	1031.00	1049.00	1071.00	1059.00	1034.00	956.00	1010.00	1046.00	1056.00	1038.00	1017.00	931.00	972.00	996.00	890.00	852.00	857.00	904.00	944.00	894.00	868.00	933.00	992.00	1086.00	1260.00	1303.00	1270.00	1169.00	1121.00	1068.00	1043.00	1073.00	1240.00	1316.00	1390.00	1422.00	1520.00	1592.00	1577.00	1474.00	1377.00	1222.00	1127.00	1103.00	1095.00	1188.00	1252.00	1319.00	1373.00	1406.00	1396.00	1519.00	1531.00	1438.00	1289.00	1295.00	1304.00	1256.00	1210.00	1128.00	1127.00	1143.00	1173.00	1258.00	1321.00	1381.00	1455.00	1644.00	1491.00	1395.00	1317.00	1259.00	1231.00	1180.00	1157.00	1143.00	1140.00	1171.00	1163.00	1142.00	1151.00	1217.00	1255.00	1279.00	1307.00	1341.00	1397.00	1474.00	1480.00	1454.00	1372.00	1307.00	1274.00	1279.00	1301.00	1254.00	1234.00	1213.00	1180.00	1158.00	1145.00	1135.00	1126.00	1102.00	1095.00	1088.00	1074.00	1063.00	1035.00	1024.00	1020.00	1007.00	990.00	982.00	979.00	978.00	975.00	964.00	960.00	953.00	951.00	946.00	944.00	942.00	939.00	936.00	930.00	928.00	926.00	923.00	916.00	913.00	910.00	908.00	905.00	900.00	899.00	896.00	892.00	897.00	902.00	911.00	930.00	932.00	943.00	948.00	938.00	918.00	893.00	886.00	857.00	855.00	859.00	869.00	873.00	878.00	882.00	895.00	901.00	905.00	909.00	916.00	919.00	920.00	923.00	931.00	937.00	941.00	949.00	956.00	962.00	966.00	984.00	1009.00	1029.00	1060.00	1095.00	1144.00	1183.00	1206.00	1120.00	1063.00	1008.00	1057.00	1029.00	971.00	963.00	1000.00	1021.00	1044.00	1050.00	1040.00	1024.00	943.00	920.00	908.00	904.00	899.00	879.00	877.00	884.00	899.00	937.00	933.00	932.00	933.00	933.00	927.00	923.00	920.00	911.00	895.00	890.00	881.00	873.00	863.00	857.00	858.00	863.00	870.00	893.00	910.00	922.00	918.00	902.00	885.00	879.00	876.00	876.00
879.00	894.00	913.00	929.00	941.00	940.00	937.00	939.00	936.00	984.00	1008.00	1046.00	1069.00	1042.00	1044.00	1066.00	1096.00	1125.00	1204.00	1293.00	1425.00	1322.00	1252.00	1131.00	1112.00	1098.00	1079.00	1022.00	1000.00	1010.00	1022.00	1015.00	1016.00	1030.00	1048.00	1073.00	1119.00	1085.00	1031.00	1036.00	1047.00	943.00	869.00	824.00	837.00	916.00	860.00	859.00	924.00	1008.00	1153.00	1231.00	1157.00	1073.00	999.00	1019.00	1073.00	1118.00	1085.00	1220.00	1320.00	1371.00	1455.00	1589.00	1492.00	1416.00	1352.00	1277.00	1121.00	1077.00	1073.00	1123.00	1331.00	1276.00	1254.00	1277.00	1315.00	1457.00	1482.00	1386.00	1280.00	1319.00	1441.00	1549.00	1504.00	1437.00	1266.00	1172.00	1130.00	1118.00	1151.00	1189.00	1248.00	1329.00	1529.00	1593.00	1515.00	1470.00	1438.00	1298.00	1256.00	1242.00	1215.00	1181.00	1134.00	1122.00	1116.00	1118.00	1134.00	1170.00	1225.00	1251.00	1247.00	1332.00	1484.00	1542.00	1551.00	1468.00	1401.00	1319.00	1236.00	1188.00	1162.00	1152.00	1144.00	1136.00	1151.00	1141.00	1127.00	1111.00	1090.00	1080.00	1072.00	1061.00	1050.00	1033.00	1020.00	1003.00	989.00	980.00	975.00	970.00	966.00	964.00	959.00	958.00	951.00	947.00	940.00	939.00	937.00	934.00	930.00	923.00	923.00	923.00	922.00	915.00	912.00	909.00	907.00	904.00	900.00	900.00	899.00	899.00	922.00	940.00	956.00	982.00	977.00	983.00	977.00	953.00	934.00	913.00	903.00	864.00	854.00	853.00	861.00	868.00	876.00	881.00	895.00	899.00	903.00	905.00	911.00	918.00	920.00	923.00	924.00	922.00	927.00	932.00	938.00	943.00	942.00	954.00	969.00	982.00	1013.00	1031.00	1054.00	1076.00	1092.00	1076.00	1048.00	991.00	1017.00	987.00	950.00	932.00	926.00	929.00	935.00	936.00	928.00	914.00	887.00	884.00	883.00	881.00	878.00	863.00	864.00	876.00	887.00	898.00	892.00	905.00	919.00	922.00	922.00	921.00	919.00	915.00	901.00	896.00	880.00	880.00	880.00	862.00	857.00	851.00	845.00	841.00	840.00	847.00	847.00	873.00	873.00	869.00	865.00	865.00
879.00	894.00	913.00	929.00	941.00	940.00	937.00	939.00	936.00	984.00	1008.00	1046.00	1069.00	1042.00	1044.00	1066.00	1096.00	1125.00	1204.00	1293.00	1425.00	1322.00	1252.00	1131.00	1112.00	1098.00	1079.00	1022.00	1000.00	1010.00	1022.00	1015.00	1016.00	1030.00	1048.00	1073.00	1119.00	1085.00	1031.00	1036.00	1047.00	943.00	869.00	824.00	837.00	916.00	860.00	859.00	924.00	1008.00	1153.00	1231.00	1157.00	1073.00	999.00	1019.00	1073.00	1118.00	1085.00	1220.00	1320.00	1371.00	1455.00	1589.00	1492.00	1416.00	1352.00	1277.00	1121.00	1077.00	1073.00	1123.00	1331.00	1276.00	1254.00	1277.00	1315.00	1457.00	1482.00	1386.00	1280.00	1319.00	1441.00	1549.00	1504.00	1437.00	1266.00	1172.00	1130.00	1118.00	1151.00	1189.00	1248.00	1329.00	1529.00	1593.00	1515.00	1470.00	1438.00	1298.00	1256.00	1242.00	1215.00	1181.00	1134.00	1122.00	1116.00	1118.00	1134.00	1170.00	1225.00	1251.00	1247.00	1332.00	1484.00	1542.00	1551.00	1468.00	1401.00	1319.00	1236.00	1188.00	1162.00	1152.00	1144.00	1136.00	1151.00	1141.00	1127.00	1111.00	1090.00	1080.00	1072.00	1061.00	1050.00	1033.00	1020.00	1003.00	989.00	980.00	975.00	970.00	966.00	964.00	959.00	958.00	951.00	947.00	940.00	939.00	937.00	934.00	930.00	923.00	923.00	923.00	922.00	915.00	912.00	909.00	907.00	904.00	900.00	900.00	899.00	899.00	922.00	940.00	956.00	982.00	977.00	983.00	977.00	953.00	934.00	913.00	903.00	864.00	854.00	853.00	861.00	868.00	876.00	881.00	895.00	899.00	903.00	905.00	911.00	918.00	920.00	923.00	924.00	922.00	927.00	932.00	938.00	943.00	942.00	954.00	969.00	982.00	1013.00	1031.00	1054.00	1076.00	1092.00	1076.00	1048.00	991.00	1017.00	987.00	950.00	932.00	926.00	929.00	935.00	936.00	928.00	914.00	887.00	884.00	883.00	881.00	878.00	863.00	864.00	876.00	887.00	898.00	892.00	905.00	919.00	922.00	922.00	921.00	919.00	915.00	901.00	896.00	880.00	880.00	880.00	862.00	857.00	851.00	845.00	841.00	840.00	847.00	847.00	873.00	873.00	869.00	865.00	865.00
912.00	939.00	949.00	984.00	1020.00	1079.00	1089.00	1078.00	1058.00	1008.00	1010.00	1041.00	1026.00	1008.00	1079.00	1142.00	1247.00	1334.00	1336.00	1323.00	1345.00	1313.00	1265.00	1139.00	1092.00	1070.00	1042.00	1031.00	987.00	973.00	981.00	964.00	983.00	1019.00	1096.00	1151.00	1176.00	1170.00	1113.00	1023.00	1012.00	902.00	875.00	836.00	823.00	857.00	847.00	886.00	956.00	1021.00	1113.00	1014.00	963.00	965.00	1061.00	1133.00	1196.00	1261.00	1248.00	1188.00	1196.00	1234.00	1441.00	1512.00	1413.00	1313.00	1222.00	1148.00	1050.00	1063.00	1124.00	1182.00	1513.00	1502.00	1461.00	1431.00	1376.00	1403.00	1310.00	1230.00	1239.00	1381.00	1508.00	1556.00	1548.00	1555.00	1511.00	1313.00	1191.00	1127.00	1123.00	1152.00	1204.00	1282.00	1461.00	1684.00	1739.00	1664.00	1580.00	1469.00	1481.00	1487.00	1425.00	1342.00	1156.00	1143.00	1133.00	1123.00	1111.00	1112.00	1122.00	1131.00	1160.00	1322.00	1460.00	1482.00	1493.00	1472.00	1435.00	1378.00	1330.00	1292.00	1187.00	1141.00	1102.00	1078.00	1067.00	1061.00	1056.00	1052.00	1042.00	1038.00	1037.00	1032.00	1023.00	1003.00	995.00	987.00	982.00	973.00	968.00	962.00	958.00	953.00	947.00	947.00	944.00	941.00	935.00	932.00	929.00	927.00	925.00	921.00	919.00	917.00	916.00	912.00	909.00	905.00	902.00	901.00	900.00	903.00	908.00	915.00	973.00	996.00	1005.00	1013.00	1020.00	1011.00	981.00	948.00	929.00	902.00	888.00	859.00	853.00	850.00	857.00	861.00	870.00	876.00	884.00	889.00	891.00	893.00	897.00	905.00	910.00	913.00	916.00	908.00	907.00	914.00	921.00	923.00	931.00	942.00	951.00	959.00	976.00	987.00	1001.00	1013.00	1023.00	1024.00	1009.00	979.00	993.00	987.00	966.00	952.00	939.00	927.00	912.00	909.00	905.00	902.00	894.00	890.00	882.00	869.00	864.00	857.00	854.00	854.00	858.00	867.00	870.00	874.00	874.00	887.00	913.00	912.00	911.00	910.00	906.00	901.00	885.00	878.00	875.00	863.00	859.00	856.00	854.00	846.00	843.00	842.00	839.00	827.00	844.00	849.00	854.00	855.00
921.00	964.00	1032.00	1118.00	1220.00	1332.00	1362.00	1326.00	1278.00	1087.00	1058.00	1046.00	1019.00	995.00	1041.00	1096.00	1166.00	1214.00	1151.00	1121.00	1137.00	1123.00	1085.00	1037.00	1023.00	1030.00	1023.00	988.00	1013.00	1034.00	1053.00	1014.00	939.00	1033.00	1107.00	1160.00	1231.00	1228.00	1159.00	1118.00	1143.00	953.00	913.00	843.00	813.00	840.00	876.00	913.00	953.00	1015.00	980.00	948.00	1019.00	1098.00	1111.00	1159.00	1215.00	1299.00	1394.00	1432.00	1422.00	1416.00	1503.00	1399.00	1310.00	1236.00	1150.00	1064.00	1049.00	1123.00	1236.00	1319.00	1490.00	1452.00	1402.00	1309.00	1242.00	1267.00	1187.00	1213.00	1274.00	1462.00	1582.00	1446.00	1375.00	1364.00	1412.00	1345.00	1206.00	1120.00	1103.00	1136.00	1195.00	1288.00	1479.00	1676.00	1590.00	1513.00	1527.00	1568.00	1486.00	1430.00	1413.00	1370.00	1202.00	1232.00	1269.00	1256.00	1219.00	1176.00	1121.00	1094.00	1092.00	1176.00	1366.00	1361.00	1328.00	1364.00	1362.00	1325.00	1287.00	1248.00	1176.00	1115.00	1086.00	1068.00	1054.00	1047.00	1040.00	1033.00	1020.00	1015.00	1011.00	1008.00	1005.00	986.00	981.00	978.00	976.00	967.00	961.00	956.00	953.00	948.00	940.00	939.00	936.00	934.00	930.00	928.00	926.00	923.00	920.00	914.00	911.00	908.00	906.00	907.00	905.00	902.00	900.00	897.00	899.00	906.00	918.00	933.00	1012.00	1047.00	1071.00	1066.00	1062.00	1024.00	992.00	954.00	927.00	897.00	886.00	858.00	852.00	849.00	850.00	855.00	860.00	863.00	876.00	879.00	880.00	883.00	892.00	894.00	894.00	891.00	891.00	898.00	898.00	900.00	901.00	907.00	928.00	932.00	934.00	935.00	941.00	949.00	958.00	965.00	973.00	978.00	972.00	966.00	977.00	976.00	968.00	965.00	969.00	974.00	968.00	961.00	954.00	931.00	893.00	905.00	910.00	905.00	901.00	886.00	869.00	851.00	844.00	858.00	861.00	855.00	858.00	867.00	897.00	903.00	900.00	903.00	903.00	902.00	895.00	886.00	879.00	864.00	860.00	859.00	857.00	849.00	845.00	843.00	840.00	829.00	821.00	819.00	818.00	818.00
921.00	964.00	1032.00	1118.00	1220.00	1332.00	1362.00	1326.00	1278.00	1087.00	1058.00	1046.00	1019.00	995.00	1041.00	1096.00	1166.00	1214.00	1151.00	1121.00	1137.00	1123.00	1085.00	1037.00	1023.00	1030.00	1023.00	988.00	1013.00	1034.00	1053.00	1014.00	939.00	1033.00	1107.00	1160.00	1231.00	1228.00	1159.00	1118.00	1143.00	953.00	913.00	843.00	813.00	840.00	876.00	913.00	953.00	1015.00	980.00	948.00	1019.00	1098.00	1111.00	1159.00	1215.00	1299.00	1394.00	1432.00	1422.00	1416.00	1503.00	1399.00	1310.00	1236.00	1150.00	1064.00	1049.00	1123.00	1236.00	1319.00	1490.00	1452.00	1402.00	1309.00	1242.00	1267.00	1187.00	1213.00	1274.00	1462.00	1582.00	1446.00	1375.00	1364.00	1412.00	1345.00	1206.00	1120.00	1103.00	1136.00	1195.00	1288.00	1479.00	1676.00	1590.00	1513.00	1527.00	1568.00	1486.00	1430.00	1413.00	1370.00	1202.00	1232.00	1269.00	1256.00	1219.00	1176.00	1121.00	1094.00	1092.00	1176.00	1366.00	1361.00	1328.00	1364.00	1362.00	1325.00	1287.00	1248.00	1176.00	1115.00	1086.00	1068.00	1054.00	1047.00	1040.00	1033.00	1020.00	1015.00	1011.00	1008.00	1005.00	986.00	981.00	978.00	976.00	967.00	961.00	956.00	953.00	948.00	940.00	939.00	936.00	934.00	930.00	928.00	926.00	923.00	920.00	914.00	911.00	908.00	906.00	907.00	905.00	902.00	900.00	897.00	899.00	906.00	918.00	933.00	1012.00	1047.00	1071.00	1066.00	1062.00	1024.00	992.00	954.00	927.00	897.00	886.00	858.00	852.00	849.00	850.00	855.00	860.00	863.00	876.00	879.00	880.00	883.00	892.00	894.00	894.00	891.00	891.00	898.00	898.00	900.00	901.00	907.00	928.00	932.00	934.00	935.00	941.00	949.00	958.00	965.00	973.00	978.00	972.00	966.00	977.00	976.00	968.00	965.00	969.00	974.00	968.00	961.00	954.00	931.00	893.00	905.00	910.00	905.00	901.00	886.00	869.00	851.00	844.00	858.00	861.00	855.00	858.00	867.00	897.00	903.00	900.00	903.00	903.00	902.00	895.00	886.00	879.00	864.00	860.00	859.00	857.00	849.00	845.00	843.00	840.00	829.00	821.00	819.00	818.00	818.00
947.00	1011.00	1108.00	1230.00	1303.00	1288.00	1332.00	1429.00	1471.00	1182.00	1109.00	1054.00	1011.00	989.00	992.00	1020.00	1046.00	1070.00	1047.00	1068.00	1134.00	1073.00	1020.00	981.00	970.00	1005.00	1030.00	960.00	973.00	1045.00	1092.00	1098.00	928.00	934.00	1003.00	1076.00	1171.00	1206.00	1192.00	1178.00	1219.00	980.00	909.00	838.00	809.00	851.00	873.00	886.00	901.00	922.00	896.00	1020.00	1084.00	1144.00	1292.00	1329.00	1352.00	1385.00	1404.00	1455.00	1460.00	1467.00	1370.00	1236.00	1161.00	1087.00	1031.00	1005.00	1069.00	1118.00	1184.00	1258.00	1321.00	1265.00	1201.00	1161.00	1196.00	1203.00	1152.00	1191.00	1258.00	1434.00	1458.00	1572.00	1470.00	1357.00	1217.00	1212.00	1172.00	1115.00	1084.00	1111.00	1181.00	1295.00	1490.00	1661.00	1633.00	1541.00	1453.00	1375.00	1344.00	1315.00	1281.00	1238.00	1235.00	1293.00	1326.00	1361.00	1385.00	1297.00	1213.00	1123.00	1090.00	1090.00	1183.00	1278.00	1305.00	1237.00	1212.00	1195.00	1178.00	1161.00	1114.00	1096.00	1085.00	1076.00	1063.00	1058.00	1048.00	1040.00	1022.00	1016.00	1008.00	1003.00	999.00	980.00	973.00	966.00	963.00	956.00	951.00	947.00	946.00	945.00	940.00	936.00	926.00	923.00	922.00	922.00	922.00	920.00	919.00	909.00	904.00	901.00	900.00	902.00	902.00	900.00	897.00	893.00	899.00	908.00	923.00	947.00	1042.00	1064.00	1080.00	1083.00	1069.00	1001.00	967.00	940.00	922.00	897.00	885.00	862.00	855.00	848.00	847.00	851.00	856.00	860.00	873.00	876.00	880.00	882.00	886.00	876.00	877.00	883.00	893.00	904.00	903.00	902.00	901.00	903.00	913.00	918.00	921.00	923.00	936.00	942.00	946.00	950.00	951.00	956.00	959.00	964.00	962.00	959.00	960.00	965.00	971.00	973.00	972.00	967.00	950.00	926.00	881.00	869.00	859.00	856.00	867.00	898.00	889.00	860.00	842.00	843.00	842.00	841.00	849.00	857.00	883.00	887.00	890.00	895.00	900.00	899.00	895.00	890.00	885.00	873.00	867.00	862.00	858.00	845.00	841.00	839.00	836.00	830.00	825.00	823.00	822.00	820.00
947.00	1011.00	1108.00	1230.00	1303.00	1288.00	1332.00	1429.00	1471.00	1182.00	1109.00	1054.00	1011.00	989.00	992.00	1020.00	1046.00	1070.00	1047.00	1068.00	1134.00	1073.00	1020.00	981.00	970.00	1005.00	1030.00	960.00	973.00	1045.00	1092.00	1098.00	928.00	934.00	1003.00	1076.00	1171.00	1206.00	1192.00	1178.00	1219.00	980.00	909.00	838.00	809.00	851.00	873.00	886.00	901.00	922.00	896.00	1020.00	1084.00	1144.00	1292.00	1329.00	1352.00	1385.00	1404.00	1455.00	1460.00	1467.00	1370.00	1236.00	1161.00	1087.00	1031.00	1005.00	1069.00	1118.00	1184.00	1258.00	1321.00	1265.00	1201.00	1161.00	1196.00	1203.00	1152.00	1191.00	1258.00	1434.00	1458.00	1572.00	1470.00	1357.00	1217.00	1212.00	1172.00	1115.00	1084.00	1111.00	1181.00	1295.00	1490.00	1661.00	1633.00	1541.00	1453.00	1375.00	1344.00	1315.00	1281.00	1238.00	1235.00	1293.00	1326.00	1361.00	1385.00	1297.00	1213.00	1123.00	1090.00	1090.00	1183.00	1278.00	1305.00	1237.00	1212.00	1195.00	1178.00	1161.00	1114.00	1096.00	1085.00	1076.00	1063.00	1058.00	1048.00	1040.00	1022.00	1016.00	1008.00	1003.00	999.00	980.00	973.00	966.00	963.00	956.00	951.00	947.00	946.00	945.00	940.00	936.00	926.00	923.00	922.00	922.00	922.00	920.00	919.00	909.00	904.00	901.00	900.00	902.00	902.00	900.00	897.00	893.00	899.00	908.00	923.00	947.00	1042.00	1064.00	1080.00	1083.00	1069.00	1001.00	967.00	940.00	922.00	897.00	885.00	862.00	855.00	848.00	847.00	851.00	856.00	860.00	873.00	876.00	880.00	882.00	886.00	876.00	877.00	883.00	893.00	904.00	903.00	902.00	901.00	903.00	913.00	918.00	921.00	923.00	936.00	942.00	946.00	950.00	951.00	956.00	959.00	964.00	962.00	959.00	960.00	965.00	971.00	973.00	972.00	967.00	950.00	926.00	881.00	869.00	859.00	856.00	867.00	898.00	889.00	860.00	842.00	843.00	842.00	841.00	849.00	857.00	883.00	887.00	890.00	895.00	900.00	899.00	895.00	890.00	885.00	873.00	867.00	862.00	858.00	845.00	841.00	839.00	836.00	830.00	825.00	823.00	822.00	820.00