																																																																																				165.00	165.00	165.00	165.00	165.00	165.00	165.00	165.00	165.00	165.00	165.00	165.00	164.00	164.00	164.00	165.00	165.00	165.00	165.00	165.00	165.00	165.00	165.00	165.00	166.00	166.00	166.00	166.00	166.00	166.00	166.00	166.00	166.00	166.00	166.00	166.00	166.00	166.00	166.00	166.00	166.00	166.00	166.00																																													167.00	168.00	168.00	168.00	168.00	168.00	169.00	169.00	169.00	169.00	169.00	169.00	170.00	171.00	171.00	172.00	172.00	173.00	174.00	175.00	175.00	175.00	176.00	176.00	177.00	177.00	178.00	179.00	179.00	180.00	181.00	182.00	182.00	183.00	183.00	184.00	184.00	184.00	185.00	185.00	187.00	187.00	188.00	188.00	189.00	190.00	190.00	191.00	191.00	192.00	192.00	193.00	193.00	194.00	194.00	194.00	195.00	195.00	196.00	197.00	197.00	198.00	199.00	200.00	200.00	201.00	201.00	201.00	201.00	201.00	202.00	202.00	203.00	203.00	204.00	204.00	205.00	206.00	206.00	206.00	206.00	207.00	207.00	208.00	208.00
																																																																																	169.00	169.00	169.00	169.00	169.00	169.00	169.00	169.00	169.00	169.00	169.00	169.00	169.00	169.00	168.00	168.00	168.00	168.00	168.00	168.00	169.00	169.00	169.00	169.00	169.00	169.00	169.00	169.00	169.00	170.00	170.00	170.00	170.00	170.00	170.00	170.00	170.00	170.00	169.00	169.00	169.00	169.00	169.00	169.00	169.00																																											174.00	174.00	175.00	176.00	177.00	177.00	178.00	179.00	179.00	180.00	180.00	181.00	182.00	183.00	183.00	184.00	185.00	185.00	186.00	186.00	187.00	188.00	189.00	189.00	191.00	192.00	192.00	193.00	193.00	195.00	196.00	196.00	197.00	198.00	199.00	199.00	200.00	200.00	201.00	202.00	202.00	203.00	203.00	205.00	205.00	206.00	206.00	206.00	207.00	207.00	208.00	208.00	208.00	209.00	210.00	210.00	210.00	211.00	211.00	211.00	211.00	211.00	211.00	211.00	211.00	210.00	211.00	211.00	211.00	211.00	211.00	212.00	212.00	212.00	212.00	212.00	212.00	212.00	212.00	211.00	211.00	211.00	210.00	210.00	210.00	210.00	210.00	210.00
																																																																																	169.00	169.00	169.00	169.00	169.00	169.00	169.00	169.00	169.00	169.00	169.00	169.00	169.00	169.00	168.00	168.00	168.00	168.00	168.00	168.00	169.00	169.00	169.00	169.00	169.00	169.00	169.00	169.00	169.00	170.00	170.00	170.00	170.00	170.00	170.00	170.00	170.00	170.00	169.00	169.00	169.00	169.00	169.00	169.00	169.00																																											174.00	174.00	175.00	176.00	177.00	177.00	178.00	179.00	179.00	180.00	180.00	181.00	182.00	183.00	183.00	184.00	185.00	185.00	186.00	186.00	187.00	188.00	189.00	189.00	191.00	192.00	192.00	193.00	193.00	195.00	196.00	196.00	197.00	198.00	199.00	199.00	200.00	200.00	201.00	202.00	202.00	203.00	203.00	205.00	205.00	206.00	206.00	206.00	207.00	207.00	208.00	208.00	208.00	209.00	210.00	210.00	210.00	211.00	211.00	211.00	211.00	211.00	211.00	211.00	211.00	210.00	211.00	211.00	211.00	211.00	211.00	212.00	212.00	212.00	212.00	212.00	212.00	212.00	212.00	211.00	211.00	211.00	210.00	210.00	210.00	210.00	210.00	210.00
																																																																																	169.00	169.00	169.00	169.00	169.00	169.00	169.00	169.00	169.00	169.00	169.00	169.00	169.00	169.00	168.00	168.00	168.00	168.00	168.00	168.00	169.00	169.00	169.00	169.00	169.00	169.00	169.00	169.00	169.00	170.00	170.00	170.00	170.00	170.00	170.00	170.00	170.00	170.00	169.00	169.00	169.00	169.00	169.00	169.00	169.00																																											174.00	174.00	175.00	176.00	177.00	177.00	178.00	179.00	179.00	180.00	180.00	181.00	182.00	183.00	183.00	184.00	185.00	185.00	186.00	186.00	187.00	188.00	189.00	189.00	191.00	192.00	192.00	193.00	193.00	195.00	196.00	196.00	197.00	198.00	199.00	199.00	200.00	200.00	201.00	202.00	202.00	203.00	203.00	205.00	205.00	206.00	206.00	206.00	207.00	207.00	208.00	208.00	208.00	209.00	210.00	210.00	210.00	211.00	211.00	211.00	211.00	211.00	211.00	211.00	211.00	210.00	211.00	211.00	211.00	211.00	211.00	212.00	212.00	212.00	212.00	212.00	212.00	212.00	212.00	211.00	211.00	211.00	210.00	210.00	210.00	210.00	210.00	210.00
																																																																																	169.00	169.00	169.00	169.00	169.00	169.00	169.00	169.00	169.00	169.00	169.00	169.00	169.00	169.00	168.00	168.00	168.00	168.00	168.00	168.00	169.00	169.00	169.00	169.00	169.00	169.00	169.00	169.00	169.00	170.00	170.00	170.00	170.00	170.00	170.00	170.00	170.00	170.00	169.00	169.00	169.00	169.00	169.00	169.00	169.00																																											174.00	174.00	175.00	176.00	177.00	177.00	178.00	179.00	179.00	180.00	180.00	181.00	182.00	183.00	183.00	184.00	185.00	185.00	186.00	186.00	187.00	188.00	189.00	189.00	191.00	192.00	192.00	193.00	193.00	195.00	196.00	196.00	197.00	198.00	199.00	199.00	200.00	200.00	201.00	202.00	202.00	203.00	203.00	205.00	205.00	206.00	206.00	206.00	207.00	207.00	208.00	208.00	208.00	209.00	210.00	210.00	210.00	211.00	211.00	211.00	211.00	211.00	211.00	211.00	211.00	210.00	211.00	211.00	211.00	211.00	211.00	212.00	212.00	212.00	212.00	212.00	212.00	212.00	212.00	211.00	211.00	211.00	210.00	210.00	210.00	210.00	210.00	210.00
																																																																																	169.00	169.00	169.00	169.00	169.00	169.00	169.00	169.00	169.00	169.00	169.00	169.00	169.00	169.00	168.00	168.00	168.00	168.00	168.00	168.00	169.00	169.00	169.00	169.00	169.00	169.00	169.00	169.00	169.00	170.00	170.00	170.00	170.00	170.00	170.00	170.00	170.00	170.00	169.00	169.00	169.00	169.00	169.00	169.00	169.00																																											174.00	174.00	175.00	176.00	177.00	177.00	178.00	179.00	179.00	180.00	180.00	181.00	182.00	183.00	183.00	184.00	185.00	185.00	186.00	186.00	187.00	188.00	189.00	189.00	191.00	192.00	192.00	193.00	193.00	195.00	196.00	196.00	197.00	198.00	199.00	199.00	200.00	200.00	201.00	202.00	202.00	203.00	203.00	205.00	205.00	206.00	206.00	206.00	207.00	207.00	208.00	208.00	208.00	209.00	210.00	210.00	210.00	211.00	211.00	211.00	211.00	211.00	211.00	211.00	211.00	210.00	211.00	211.00	211.00	211.00	211.00	212.00	212.00	212.00	212.00	212.00	212.00	212.00	212.00	211.00	211.00	211.00	210.00	210.00	210.00	210.00	210.00	210.00
																																																																																	169.00	169.00	169.00	169.00	169.00	169.00	169.00	169.00	169.00	169.00	169.00	169.00	169.00	169.00	168.00	168.00	168.00	168.00	168.00	168.00	169.00	169.00	169.00	169.00	169.00	169.00	169.00	169.00	169.00	170.00	170.00	170.00	170.00	170.00	170.00	170.00	170.00	170.00	169.00	169.00	169.00	169.00	169.00	169.00	169.00																																											174.00	174.00	175.00	176.00	177.00	177.00	178.00	179.00	179.00	180.00	180.00	181.00	182.00	183.00	183.00	184.00	185.00	185.00	186.00	186.00	187.00	188.00	189.00	189.00	191.00	192.00	192.00	193.00	193.00	195.00	196.00	196.00	197.00	198.00	199.00	199.00	200.00	200.00	201.00	202.00	202.00	203.00	203.00	205.00	205.00	206.00	206.00	206.00	207.00	207.00	208.00	208.00	208.00	209.00	210.00	210.00	210.00	211.00	211.00	211.00	211.00	211.00	211.00	211.00	211.00	210.00	211.00	211.00	211.00	211.00	211.00	212.00	212.00	212.00	212.00	212.00	212.00	212.00	212.00	211.00	211.00	211.00	210.00	210.00	210.00	210.00	210.00	210.00
																																																																																	169.00	169.00	169.00	169.00	169.00	169.00	169.00	169.00	169.00	169.00	169.00	169.00	169.00	169.00	168.00	168.00	168.00	168.00	168.00	168.00	169.00	169.00	169.00	169.00	169.00	169.00	169.00	169.00	169.00	170.00	170.00	170.00	170.00	170.00	170.00	170.00	170.00	170.00	169.00	169.00	169.00	169.00	169.00	169.00																																								173.00	173.00	174.00	174.00	174.00	174.00	175.00	176.00	177.00	177.00	178.00	179.00	179.00	180.00	180.00	181.00	182.00	183.00	183.00	184.00	185.00	185.00	186.00	186.00	187.00	188.00	189.00	189.00	191.00	192.00	192.00	193.00	193.00	195.00	196.00	196.00	197.00	198.00	199.00	199.00	200.00	200.00	201.00	202.00	202.00	203.00	203.00	205.00	205.00	206.00	206.00	206.00	207.00	207.00	208.00	208.00	208.00	209.00	210.00	210.00	210.00	211.00	211.00	211.00	211.00	211.00	211.00	211.00	211.00	210.00	211.00	211.00	211.00	211.00	211.00	212.00	212.00	212.00	212.00	212.00	212.00	212.00	212.00	211.00	211.00	211.00	210.00	210.00	210.00	210.00	210.00	210.00
																																																																																	169.00	169.00	169.00	169.00	169.00	169.00	169.00	169.00	169.00	169.00	169.00	169.00	169.00	169.00	168.00	168.00	168.00	168.00	168.00	168.00	169.00	169.00	169.00	169.00	169.00	169.00	169.00	169.00	169.00	170.00	170.00	170.00	170.00	170.00	170.00	170.00	170.00	170.00	169.00	169.00	169.00	169.00	169.00	169.00																																								173.00	173.00	174.00	174.00	174.00	174.00	175.00	176.00	177.00	177.00	178.00	179.00	179.00	180.00	180.00	181.00	182.00	183.00	183.00	184.00	185.00	185.00	186.00	186.00	187.00	188.00	189.00	189.00	191.00	192.00	192.00	193.00	193.00	195.00	196.00	196.00	197.00	198.00	199.00	199.00	200.00	200.00	201.00	202.00	202.00	203.00	203.00	205.00	205.00	206.00	206.00	206.00	207.00	207.00	208.00	208.00	208.00	209.00	210.00	210.00	210.00	211.00	211.00	211.00	211.00	211.00	211.00	211.00	211.00	210.00	211.00	211.00	211.00	211.00	211.00	212.00	212.00	212.00	212.00	212.00	212.00	212.00	212.00	211.00	211.00	211.00	210.00	210.00	210.00	210.00	210.00	210.00
																																																																																	169.00	169.00	169.00	169.00	169.00	169.00	169.00	169.00	169.00	169.00	169.00	169.00	169.00	169.00	168.00	168.00	168.00	168.00	168.00	168.00	169.00	169.00	169.00	169.00	169.00	169.00	169.00	169.00	169.00	170.00	170.00	170.00	170.00	170.00	170.00	170.00	170.00	170.00	169.00	169.00	169.00	169.00	169.00	169.00																																								173.00	173.00	174.00	174.00	174.00	174.00	175.00	176.00	177.00	177.00	178.00	179.00	179.00	180.00	180.00	181.00	182.00	183.00	183.00	184.00	185.00	185.00	186.00	186.00	187.00	188.00	189.00	189.00	191.00	192.00	192.00	193.00	193.00	195.00	196.00	196.00	197.00	198.00	199.00	199.00	200.00	200.00	201.00	202.00	202.00	203.00	203.00	205.00	205.00	206.00	206.00	206.00	207.00	207.00	208.00	208.00	208.00	209.00	210.00	210.00	210.00	211.00	211.00	211.00	211.00	211.00	211.00	211.00	211.00	210.00	211.00	211.00	211.00	211.00	211.00	212.00	212.00	212.00	212.00	212.00	212.00	212.00	212.00	211.00	211.00	211.00	210.00	210.00	210.00	210.00	210.00	210.00
																																																																																	169.00	169.00	169.00	169.00	169.00	169.00	169.00	169.00	169.00	169.00	169.00	169.00	169.00	169.00	168.00	168.00	168.00	168.00	168.00	168.00	169.00	169.00	169.00	169.00	169.00	169.00	169.00	169.00	169.00	170.00	170.00	170.00	170.00	170.00	170.00	170.00	170.00	170.00	169.00	169.00	169.00	169.00	169.00	169.00																																								173.00	173.00	174.00	174.00	174.00	174.00	175.00	176.00	177.00	177.00	178.00	179.00	179.00	180.00	180.00	181.00	182.00	183.00	183.00	184.00	185.00	185.00	186.00	186.00	187.00	188.00	189.00	189.00	191.00	192.00	192.00	193.00	193.00	195.00	196.00	196.00	197.00	198.00	199.00	199.00	200.00	200.00	201.00	202.00	202.00	203.00	203.00	205.00	205.00	206.00	206.00	206.00	207.00	207.00	208.00	208.00	208.00	209.00	210.00	210.00	210.00	211.00	211.00	211.00	211.00	211.00	211.00	211.00	211.00	210.00	211.00	211.00	211.00	211.00	211.00	212.00	212.00	212.00	212.00	212.00	212.00	212.00	212.00	211.00	211.00	211.00	210.00	210.00	210.00	210.00	210.00	210.00
																																																																																	169.00	169.00	169.00	169.00	169.00	169.00	169.00	169.00	169.00	169.00	169.00	169.00	169.00	169.00	168.00	168.00	168.00	168.00	168.00	168.00	169.00	169.00	169.00	169.00	169.00	169.00	169.00	169.00	169.00	170.00	170.00	170.00	170.00	170.00	170.00	170.00	170.00	170.00	169.00	169.00	169.00	169.00	169.00	169.00																																								173.00	173.00	174.00	174.00	174.00	174.00	175.00	176.00	177.00	177.00	178.00	179.00	179.00	180.00	180.00	181.00	182.00	183.00	183.00	184.00	185.00	185.00	186.00	186.00	187.00	188.00	189.00	189.00	191.00	192.00	192.00	193.00	193.00	195.00	196.00	196.00	197.00	198.00	199.00	199.00	200.00	200.00	201.00	202.00	202.00	203.00	203.00	205.00	205.00	206.00	206.00	206.00	207.00	207.00	208.00	208.00	208.00	209.00	210.00	210.00	210.00	211.00	211.00	211.00	211.00	211.00	211.00	211.00	211.00	210.00	211.00	211.00	211.00	211.00	211.00	212.00	212.00	212.00	212.00	212.00	212.00	212.00	212.00	211.00	211.00	211.00	210.00	210.00	210.00	210.00	210.00	210.00
																																																																																175.00	175.00	175.00	175.00	175.00	175.00	175.00	175.00	175.00	175.00	175.00	175.00	176.00	176.00	176.00	176.00	176.00	176.00	176.00	176.00	176.00	176.00	176.00	176.00	176.00	176.00	176.00	176.00	176.00	176.00	176.00	176.00	176.00	176.00	176.00	175.00	175.00	175.00	175.00	175.00	175.00	174.00	174.00	174.00	174.00	174.00																																				181.00	182.00	183.00	183.00	184.00	185.00	185.00	185.00	185.00	186.00	187.00	188.00	188.00	189.00	190.00	190.00	191.00	191.00	193.00	194.00	196.00	196.00	197.00	199.00	199.00	200.00	200.00	202.00	203.00	205.00	205.00	206.00	208.00	208.00	209.00	209.00	210.00	211.00	211.00	212.00	213.00	215.00	215.00	216.00	216.00	217.00	218.00	218.00	219.00	219.00	221.00	221.00	221.00	221.00	221.00	222.00	222.00	222.00	222.00	222.00	222.00	222.00	222.00	222.00	223.00	223.00	223.00	223.00	223.00	223.00	223.00	222.00	221.00	221.00	221.00	220.00	220.00	219.00	218.00	218.00	218.00	218.00	216.00	216.00	216.00	216.00	215.00	215.00	215.00	214.00	214.00	214.00	213.00	212.00	212.00
																																																																																175.00	175.00	175.00	175.00	175.00	175.00	175.00	175.00	175.00	175.00	175.00	175.00	176.00	176.00	176.00	176.00	176.00	176.00	176.00	176.00	176.00	176.00	176.00	176.00	176.00	176.00	176.00	176.00	176.00	176.00	176.00	176.00	176.00	176.00	176.00	175.00	175.00	175.00	175.00	175.00	175.00	174.00	174.00	174.00	174.00	174.00																																				181.00	182.00	183.00	183.00	184.00	185.00	185.00	185.00	185.00	186.00	187.00	188.00	188.00	189.00	190.00	190.00	191.00	191.00	193.00	194.00	196.00	196.00	197.00	199.00	199.00	200.00	200.00	202.00	203.00	205.00	205.00	206.00	208.00	208.00	209.00	209.00	210.00	211.00	211.00	212.00	213.00	215.00	215.00	216.00	216.00	217.00	218.00	218.00	219.00	219.00	221.00	221.00	221.00	221.00	221.00	222.00	222.00	222.00	222.00	222.00	222.00	222.00	222.00	222.00	223.00	223.00	223.00	223.00	223.00	223.00	223.00	222.00	221.00	221.00	221.00	220.00	220.00	219.00	218.00	218.00	218.00	218.00	216.00	216.00	216.00	216.00	215.00	215.00	215.00	214.00	214.00	214.00	213.00	212.00	212.00
																																																																																175.00	175.00	175.00	175.00	175.00	175.00	175.00	175.00	175.00	175.00	175.00	175.00	176.00	176.00	176.00	176.00	176.00	176.00	176.00	176.00	176.00	176.00	176.00	176.00	176.00	176.00	176.00	176.00	176.00	176.00	176.00	176.00	176.00	176.00	176.00	175.00	175.00	175.00	175.00	175.00	175.00	174.00	174.00	174.00	174.00	174.00																																				181.00	182.00	183.00	183.00	184.00	185.00	185.00	185.00	185.00	186.00	187.00	188.00	188.00	189.00	190.00	190.00	191.00	191.00	193.00	194.00	196.00	196.00	197.00	199.00	199.00	200.00	200.00	202.00	203.00	205.00	205.00	206.00	208.00	208.00	209.00	209.00	210.00	211.00	211.00	212.00	213.00	215.00	215.00	216.00	216.00	217.00	218.00	218.00	219.00	219.00	221.00	221.00	221.00	221.00	221.00	222.00	222.00	222.00	222.00	222.00	222.00	222.00	222.00	222.00	223.00	223.00	223.00	223.00	223.00	223.00	223.00	222.00	221.00	221.00	221.00	220.00	220.00	219.00	218.00	218.00	218.00	218.00	216.00	216.00	216.00	216.00	215.00	215.00	215.00	214.00	214.00	214.00	213.00	212.00	212.00
																																																																																175.00	175.00	175.00	175.00	175.00	175.00	175.00	175.00	175.00	175.00	175.00	175.00	176.00	176.00	176.00	176.00	176.00	176.00	176.00	176.00	176.00	176.00	176.00	176.00	176.00	176.00	176.00	176.00	176.00	176.00	176.00	176.00	176.00	176.00	176.00	175.00	175.00	175.00	175.00	175.00	175.00	174.00	174.00	174.00	174.00	174.00																																				181.00	182.00	183.00	183.00	184.00	185.00	185.00	185.00	185.00	186.00	187.00	188.00	188.00	189.00	190.00	190.00	191.00	191.00	193.00	194.00	196.00	196.00	197.00	199.00	199.00	200.00	200.00	202.00	203.00	205.00	205.00	206.00	208.00	208.00	209.00	209.00	210.00	211.00	211.00	212.00	213.00	215.00	215.00	216.00	216.00	217.00	218.00	218.00	219.00	219.00	221.00	221.00	221.00	221.00	221.00	222.00	222.00	222.00	222.00	222.00	222.00	222.00	222.00	222.00	223.00	223.00	223.00	223.00	223.00	223.00	223.00	222.00	221.00	221.00	221.00	220.00	220.00	219.00	218.00	218.00	218.00	218.00	216.00	216.00	216.00	216.00	215.00	215.00	215.00	214.00	214.00	214.00	213.00	212.00	212.00
																																																																																175.00	175.00	175.00	175.00	175.00	175.00	175.00	175.00	175.00	175.00	175.00	175.00	176.00	176.00	176.00	176.00	176.00	176.00	176.00	176.00	176.00	176.00	176.00	176.00	176.00	176.00	176.00	176.00	176.00	176.00	176.00	176.00	176.00	176.00	176.00	175.00	175.00	175.00	175.00	175.00	175.00	174.00	174.00	174.00	174.00	174.00																																				181.00	182.00	183.00	183.00	184.00	185.00	185.00	185.00	185.00	186.00	187.00	188.00	188.00	189.00	190.00	190.00	191.00	191.00	193.00	194.00	196.00	196.00	197.00	199.00	199.00	200.00	200.00	202.00	203.00	205.00	205.00	206.00	208.00	208.00	209.00	209.00	210.00	211.00	211.00	212.00	213.00	215.00	215.00	216.00	216.00	217.00	218.00	218.00	219.00	219.00	221.00	221.00	221.00	221.00	221.00	222.00	222.00	222.00	222.00	222.00	222.00	222.00	222.00	222.00	223.00	223.00	223.00	223.00	223.00	223.00	223.00	222.00	221.00	221.00	221.00	220.00	220.00	219.00	218.00	218.00	218.00	218.00	216.00	216.00	216.00	216.00	215.00	215.00	215.00	214.00	214.00	214.00	213.00	212.00	212.00
																																																																																175.00	175.00	175.00	175.00	175.00	175.00	175.00	175.00	175.00	175.00	175.00	175.00	176.00	176.00	176.00	176.00	176.00	176.00	176.00	176.00	176.00	176.00	176.00	176.00	176.00	176.00	176.00	176.00	176.00	176.00	176.00	176.00	176.00	176.00	176.00	175.00	175.00	175.00	175.00	175.00	175.00	174.00	174.00	174.00	174.00	174.00																																				181.00	182.00	183.00	183.00	184.00	185.00	185.00	185.00	185.00	186.00	187.00	188.00	188.00	189.00	190.00	190.00	191.00	191.00	193.00	194.00	196.00	196.00	197.00	199.00	199.00	200.00	200.00	202.00	203.00	205.00	205.00	206.00	208.00	208.00	209.00	209.00	210.00	211.00	211.00	212.00	213.00	215.00	215.00	216.00	216.00	217.00	218.00	218.00	219.00	219.00	221.00	221.00	221.00	221.00	221.00	222.00	222.00	222.00	222.00	222.00	222.00	222.00	222.00	222.00	223.00	223.00	223.00	223.00	223.00	223.00	223.00	222.00	221.00	221.00	221.00	220.00	220.00	219.00	218.00	218.00	218.00	218.00	216.00	216.00	216.00	216.00	215.00	215.00	215.00	214.00	214.00	214.00	213.00	212.00	212.00
																																																																																175.00	175.00	175.00	175.00	175.00	175.00	175.00	175.00	175.00	175.00	175.00	175.00	176.00	176.00	176.00	176.00	176.00	176.00	176.00	176.00	176.00	176.00	176.00	176.00	176.00	176.00	176.00	176.00	176.00	176.00	176.00	176.00	176.00	176.00	176.00	175.00	175.00	175.00	175.00	175.00	175.00	174.00	174.00	174.00	174.00	174.00																																				181.00	182.00	183.00	183.00	184.00	185.00	185.00	185.00	185.00	186.00	187.00	188.00	188.00	189.00	190.00	190.00	191.00	191.00	193.00	194.00	196.00	196.00	197.00	199.00	199.00	200.00	200.00	202.00	203.00	205.00	205.00	206.00	208.00	208.00	209.00	209.00	210.00	211.00	211.00	212.00	213.00	215.00	215.00	216.00	216.00	217.00	218.00	218.00	219.00	219.00	221.00	221.00	221.00	221.00	221.00	222.00	222.00	222.00	222.00	222.00	222.00	222.00	222.00	222.00	223.00	223.00	223.00	223.00	223.00	223.00	223.00	222.00	221.00	221.00	221.00	220.00	220.00	219.00	218.00	218.00	218.00	218.00	216.00	216.00	216.00	216.00	215.00	215.00	215.00	214.00	214.00	214.00	213.00	212.00	212.00
																																																																																175.00	175.00	175.00	175.00	175.00	175.00	175.00	175.00	175.00	175.00	175.00	175.00	176.00	176.00	176.00	176.00	176.00	176.00	176.00	176.00	176.00	176.00	176.00	176.00	176.00	176.00	176.00	176.00	176.00	176.00	176.00	176.00	176.00	176.00	176.00	175.00	175.00	175.00	175.00	175.00	175.00	174.00	174.00	174.00	174.00	174.00																																180.00	180.00	181.00	181.00	181.00	182.00	183.00	183.00	184.00	185.00	185.00	185.00	185.00	186.00	187.00	188.00	188.00	189.00	190.00	190.00	191.00	191.00	193.00	194.00	196.00	196.00	197.00	199.00	199.00	200.00	200.00	202.00	203.00	205.00	205.00	206.00	208.00	208.00	209.00	209.00	210.00	211.00	211.00	212.00	213.00	215.00	215.00	216.00	216.00	217.00	218.00	218.00	219.00	219.00	221.00	221.00	221.00	221.00	221.00	222.00	222.00	222.00	222.00	222.00	222.00	222.00	222.00	222.00	223.00	223.00	223.00	223.00	223.00	223.00	223.00	222.00	221.00	221.00	221.00	220.00	220.00	219.00	218.00	218.00	218.00	218.00	216.00	216.00	216.00	216.00	215.00	215.00	215.00	214.00	214.00	214.00	213.00	212.00	212.00
																																																																																175.00	175.00	175.00	175.00	175.00	175.00	175.00	175.00	175.00	175.00	175.00	175.00	176.00	176.00	176.00	176.00	176.00	176.00	176.00	176.00	176.00	176.00	176.00	176.00	176.00	176.00	176.00	176.00	176.00	176.00	176.00	176.00	176.00	176.00	176.00	175.00	175.00	175.00	175.00	175.00	175.00	174.00	174.00	174.00	174.00	174.00																																180.00	180.00	181.00	181.00	181.00	182.00	183.00	183.00	184.00	185.00	185.00	185.00	185.00	186.00	187.00	188.00	188.00	189.00	190.00	190.00	191.00	191.00	193.00	194.00	196.00	196.00	197.00	199.00	199.00	200.00	200.00	202.00	203.00	205.00	205.00	206.00	208.00	208.00	209.00	209.00	210.00	211.00	211.00	212.00	213.00	215.00	215.00	216.00	216.00	217.00	218.00	218.00	219.00	219.00	221.00	221.00	221.00	221.00	221.00	222.00	222.00	222.00	222.00	222.00	222.00	222.00	222.00	222.00	223.00	223.00	223.00	223.00	223.00	223.00	223.00	222.00	221.00	221.00	221.00	220.00	220.00	219.00	218.00	218.00	218.00	218.00	216.00	216.00	216.00	216.00	215.00	215.00	215.00	214.00	214.00	214.00	213.00	212.00	212.00
																																																																																175.00	175.00	175.00	175.00	175.00	175.00	175.00	175.00	175.00	175.00	175.00	175.00	176.00	176.00	176.00	176.00	176.00	176.00	176.00	176.00	176.00	176.00	176.00	176.00	176.00	176.00	176.00	176.00	176.00	176.00	176.00	176.00	176.00	176.00	176.00	175.00	175.00	175.00	175.00	175.00	175.00	174.00	174.00	174.00	174.00	174.00																																180.00	180.00	181.00	181.00	181.00	182.00	183.00	183.00	184.00	185.00	185.00	185.00	185.00	186.00	187.00	188.00	188.00	189.00	190.00	190.00	191.00	191.00	193.00	194.00	196.00	196.00	197.00	199.00	199.00	200.00	200.00	202.00	203.00	205.00	205.00	206.00	208.00	208.00	209.00	209.00	210.00	211.00	211.00	212.00	213.00	215.00	215.00	216.00	216.00	217.00	218.00	218.00	219.00	219.00	221.00	221.00	221.00	221.00	221.00	222.00	222.00	222.00	222.00	222.00	222.00	222.00	222.00	222.00	223.00	223.00	223.00	223.00	223.00	223.00	223.00	222.00	221.00	221.00	221.00	220.00	220.00	219.00	218.00	218.00	218.00	218.00	216.00	216.00	216.00	216.00	215.00	215.00	215.00	214.00	214.00	214.00	213.00	212.00	212.00
																																																																																175.00	175.00	175.00	175.00	175.00	175.00	175.00	175.00	175.00	175.00	175.00	175.00	176.00	176.00	176.00	176.00	176.00	176.00	176.00	176.00	176.00	176.00	176.00	176.00	176.00	176.00	176.00	176.00	176.00	176.00	176.00	176.00	176.00	176.00	176.00	175.00	175.00	175.00	175.00	175.00	175.00	174.00	174.00	174.00	174.00	174.00																																180.00	180.00	181.00	181.00	181.00	182.00	183.00	183.00	184.00	185.00	185.00	185.00	185.00	186.00	187.00	188.00	188.00	189.00	190.00	190.00	191.00	191.00	193.00	194.00	196.00	196.00	197.00	199.00	199.00	200.00	200.00	202.00	203.00	205.00	205.00	206.00	208.00	208.00	209.00	209.00	210.00	211.00	211.00	212.00	213.00	215.00	215.00	216.00	216.00	217.00	218.00	218.00	219.00	219.00	221.00	221.00	221.00	221.00	221.00	222.00	222.00	222.00	222.00	222.00	222.00	222.00	222.00	222.00	223.00	223.00	223.00	223.00	223.00	223.00	223.00	222.00	221.00	221.00	221.00	220.00	220.00	219.00	218.00	218.00	218.00	218.00	216.00	216.00	216.00	216.00	215.00	215.00	215.00	214.00	214.00	214.00	213.00	212.00	212.00
																																																																																175.00	175.00	175.00	175.00	175.00	175.00	175.00	175.00	175.00	175.00	175.00	175.00	176.00	176.00	176.00	176.00	176.00	176.00	176.00	176.00	176.00	176.00	176.00	176.00	176.00	176.00	176.00	176.00	176.00	176.00	176.00	176.00	176.00	176.00	176.00	175.00	175.00	175.00	175.00	175.00	175.00	174.00	174.00	174.00	174.00	174.00																																180.00	180.00	181.00	181.00	181.00	182.00	183.00	183.00	184.00	185.00	185.00	185.00	185.00	186.00	187.00	188.00	188.00	189.00	190.00	190.00	191.00	191.00	193.00	194.00	196.00	196.00	197.00	199.00	199.00	200.00	200.00	202.00	203.00	205.00	205.00	206.00	208.00	208.00	209.00	209.00	210.00	211.00	211.00	212.00	213.00	215.00	215.00	216.00	216.00	217.00	218.00	218.00	219.00	219.00	221.00	221.00	221.00	221.00	221.00	222.00	222.00	222.00	222.00	222.00	222.00	222.00	222.00	222.00	223.00	223.00	223.00	223.00	223.00	223.00	223.00	222.00	221.00	221.00	221.00	220.00	220.00	219.00	218.00	218.00	218.00	218.00	216.00	216.00	216.00	216.00	215.00	215.00	215.00	214.00	214.00	214.00	213.00	212.00	212.00
																																																																															186.00	186.00	186.00	186.00	186.00	186.00	186.00	185.00	185.00	185.00	185.00	185.00	185.00	185.00	185.00	184.00	184.00	184.00	184.00	184.00	184.00	184.00	184.00	184.00	184.00	183.00	183.00	183.00	183.00	183.00	183.00	182.00	182.00	182.00	182.00	182.00	182.00	182.00	182.00	182.00	182.00	182.00	182.00	182.00	182.00	182.00	182.00	182.00																											191.00	192.00	192.00	192.00	193.00	193.00	194.00	194.00	194.00	195.00	195.00	195.00	196.00	197.00	197.00	198.00	198.00	200.00	201.00	202.00	202.00	204.00	205.00	205.00	206.00	206.00	208.00	209.00	210.00	210.00	212.00	213.00	213.00	214.00	214.00	215.00	217.00	218.00	218.00	219.00	221.00	221.00	222.00	222.00	223.00	225.00	225.00	226.00	227.00	228.00	228.00	228.00	228.00	229.00	229.00	229.00	230.00	230.00	231.00	231.00	231.00	231.00	231.00	232.00	232.00	232.00	232.00	232.00	232.00	231.00	231.00	231.00	230.00	230.00	230.00	230.00	229.00	228.00	228.00	227.00	227.00	226.00	226.00	225.00	225.00	224.00	223.00	223.00	222.00	222.00	221.00	221.00	220.00	220.00	219.00	218.00	218.00	217.00	217.00	216.00	215.00	214.00	214.00
																																																																															186.00	186.00	186.00	186.00	186.00	186.00	186.00	185.00	185.00	185.00	185.00	185.00	185.00	185.00	185.00	184.00	184.00	184.00	184.00	184.00	184.00	184.00	184.00	184.00	184.00	183.00	183.00	183.00	183.00	183.00	183.00	182.00	182.00	182.00	182.00	182.00	182.00	182.00	182.00	182.00	182.00	182.00	182.00	182.00	182.00	182.00	182.00	182.00																											191.00	192.00	192.00	192.00	193.00	193.00	194.00	194.00	194.00	195.00	195.00	195.00	196.00	197.00	197.00	198.00	198.00	200.00	201.00	202.00	202.00	204.00	205.00	205.00	206.00	206.00	208.00	209.00	210.00	210.00	212.00	213.00	213.00	214.00	214.00	215.00	217.00	218.00	218.00	219.00	221.00	221.00	222.00	222.00	223.00	225.00	225.00	226.00	227.00	228.00	228.00	228.00	228.00	229.00	229.00	229.00	230.00	230.00	231.00	231.00	231.00	231.00	231.00	232.00	232.00	232.00	232.00	232.00	232.00	231.00	231.00	231.00	230.00	230.00	230.00	230.00	229.00	228.00	228.00	227.00	227.00	226.00	226.00	225.00	225.00	224.00	223.00	223.00	222.00	222.00	221.00	221.00	220.00	220.00	219.00	218.00	218.00	217.00	217.00	216.00	215.00	214.00	214.00
																																																																															186.00	186.00	186.00	186.00	186.00	186.00	186.00	185.00	185.00	185.00	185.00	185.00	185.00	185.00	185.00	184.00	184.00	184.00	184.00	184.00	184.00	184.00	184.00	184.00	184.00	183.00	183.00	183.00	183.00	183.00	183.00	182.00	182.00	182.00	182.00	182.00	182.00	182.00	182.00	182.00	182.00	182.00	182.00	182.00	182.00	182.00	182.00	182.00																											191.00	192.00	192.00	192.00	193.00	193.00	194.00	194.00	194.00	195.00	195.00	195.00	196.00	197.00	197.00	198.00	198.00	200.00	201.00	202.00	202.00	204.00	205.00	205.00	206.00	206.00	208.00	209.00	210.00	210.00	212.00	213.00	213.00	214.00	214.00	215.00	217.00	218.00	218.00	219.00	221.00	221.00	222.00	222.00	223.00	225.00	225.00	226.00	227.00	228.00	228.00	228.00	228.00	229.00	229.00	229.00	230.00	230.00	231.00	231.00	231.00	231.00	231.00	232.00	232.00	232.00	232.00	232.00	232.00	231.00	231.00	231.00	230.00	230.00	230.00	230.00	229.00	228.00	228.00	227.00	227.00	226.00	226.00	225.00	225.00	224.00	223.00	223.00	222.00	222.00	221.00	221.00	220.00	220.00	219.00	218.00	218.00	217.00	217.00	216.00	215.00	214.00	214.00
																																																																															186.00	186.00	186.00	186.00	186.00	186.00	186.00	185.00	185.00	185.00	185.00	185.00	185.00	185.00	185.00	184.00	184.00	184.00	184.00	184.00	184.00	184.00	184.00	184.00	184.00	183.00	183.00	183.00	183.00	183.00	183.00	182.00	182.00	182.00	182.00	182.00	182.00	182.00	182.00	182.00	182.00	182.00	182.00	182.00	182.00	182.00	182.00	182.00																											191.00	192.00	192.00	192.00	193.00	193.00	194.00	194.00	194.00	195.00	195.00	195.00	196.00	197.00	197.00	198.00	198.00	200.00	201.00	202.00	202.00	204.00	205.00	205.00	206.00	206.00	208.00	209.00	210.00	210.00	212.00	213.00	213.00	214.00	214.00	215.00	217.00	218.00	218.00	219.00	221.00	221.00	222.00	222.00	223.00	225.00	225.00	226.00	227.00	228.00	228.00	228.00	228.00	229.00	229.00	229.00	230.00	230.00	231.00	231.00	231.00	231.00	231.00	232.00	232.00	232.00	232.00	232.00	232.00	231.00	231.00	231.00	230.00	230.00	230.00	230.00	229.00	228.00	228.00	227.00	227.00	226.00	226.00	225.00	225.00	224.00	223.00	223.00	222.00	222.00	221.00	221.00	220.00	220.00	219.00	218.00	218.00	217.00	217.00	216.00	215.00	214.00	214.00
																																																																															186.00	186.00	186.00	186.00	186.00	186.00	186.00	185.00	185.00	185.00	185.00	185.00	185.00	185.00	185.00	184.00	184.00	184.00	184.00	184.00	184.00	184.00	184.00	184.00	184.00	183.00	183.00	183.00	183.00	183.00	183.00	182.00	182.00	182.00	182.00	182.00	182.00	182.00	182.00	182.00	182.00	182.00	182.00	182.00	182.00	182.00	182.00	182.00																											191.00	192.00	192.00	192.00	193.00	193.00	194.00	194.00	194.00	195.00	195.00	195.00	196.00	197.00	197.00	198.00	198.00	200.00	201.00	202.00	202.00	204.00	205.00	205.00	206.00	206.00	208.00	209.00	210.00	210.00	212.00	213.00	213.00	214.00	214.00	215.00	217.00	218.00	218.00	219.00	221.00	221.00	222.00	222.00	223.00	225.00	225.00	226.00	227.00	228.00	228.00	228.00	228.00	229.00	229.00	229.00	230.00	230.00	231.00	231.00	231.00	231.00	231.00	232.00	232.00	232.00	232.00	232.00	232.00	231.00	231.00	231.00	230.00	230.00	230.00	230.00	229.00	228.00	228.00	227.00	227.00	226.00	226.00	225.00	225.00	224.00	223.00	223.00	222.00	222.00	221.00	221.00	220.00	220.00	219.00	218.00	218.00	217.00	217.00	216.00	215.00	214.00	214.00
																																																																															186.00	186.00	186.00	186.00	186.00	186.00	186.00	185.00	185.00	185.00	185.00	185.00	185.00	185.00	185.00	184.00	184.00	184.00	184.00	184.00	184.00	184.00	184.00	184.00	184.00	183.00	183.00	183.00	183.00	183.00	183.00	182.00	182.00	182.00	182.00	182.00	182.00	182.00	182.00	182.00	182.00	182.00	182.00	182.00	182.00	182.00	182.00	182.00																											191.00	192.00	192.00	192.00	193.00	193.00	194.00	194.00	194.00	195.00	195.00	195.00	196.00	197.00	197.00	198.00	198.00	200.00	201.00	202.00	202.00	204.00	205.00	205.00	206.00	206.00	208.00	209.00	210.00	210.00	212.00	213.00	213.00	214.00	214.00	215.00	217.00	218.00	218.00	219.00	221.00	221.00	222.00	222.00	223.00	225.00	225.00	226.00	227.00	228.00	228.00	228.00	228.00	229.00	229.00	229.00	230.00	230.00	231.00	231.00	231.00	231.00	231.00	232.00	232.00	232.00	232.00	232.00	232.00	231.00	231.00	231.00	230.00	230.00	230.00	230.00	229.00	228.00	228.00	227.00	227.00	226.00	226.00	225.00	225.00	224.00	223.00	223.00	222.00	222.00	221.00	221.00	220.00	220.00	219.00	218.00	218.00	217.00	217.00	216.00	215.00	214.00	214.00
184.00	184.00	184.00	184.00	184.00	183.00	183.00	183.00	183.00	182.00	181.00	181.00	180.00	180.00	179.00																																																																186.00	186.00	186.00	186.00	186.00	186.00	186.00	186.00	185.00	185.00	185.00	185.00	185.00	185.00	185.00	185.00	184.00	184.00	184.00	184.00	184.00	184.00	184.00	184.00	184.00	184.00	183.00	183.00	183.00	183.00	183.00	183.00	182.00	182.00	182.00	182.00	182.00	182.00	182.00	182.00	182.00	182.00	182.00	182.00	182.00	182.00	182.00	182.00	182.00	182.00																					189.00	189.00	189.00	190.00	190.00	191.00	192.00	192.00	192.00	193.00	193.00	194.00	194.00	194.00	195.00	195.00	195.00	196.00	197.00	197.00	198.00	198.00	200.00	201.00	202.00	202.00	204.00	205.00	205.00	206.00	206.00	208.00	209.00	210.00	210.00	212.00	213.00	213.00	214.00	214.00	215.00	217.00	218.00	218.00	219.00	221.00	221.00	222.00	222.00	223.00	225.00	225.00	226.00	227.00	228.00	228.00	228.00	228.00	229.00	229.00	229.00	230.00	230.00	231.00	231.00	231.00	231.00	231.00	232.00	232.00	232.00	232.00	232.00	232.00	231.00	231.00	231.00	230.00	230.00	230.00	230.00	229.00	228.00	228.00	227.00	227.00	226.00	226.00	225.00	225.00	224.00	223.00	223.00	222.00	222.00	221.00	221.00	220.00	220.00	219.00	218.00	218.00	217.00	217.00	216.00	215.00	214.00	214.00
184.00	184.00	184.00	184.00	184.00	183.00	183.00	183.00	183.00	182.00	181.00	181.00	180.00	180.00	179.00																																																																186.00	186.00	186.00	186.00	186.00	186.00	186.00	186.00	185.00	185.00	185.00	185.00	185.00	185.00	185.00	185.00	184.00	184.00	184.00	184.00	184.00	184.00	184.00	184.00	184.00	184.00	183.00	183.00	183.00	183.00	183.00	183.00	182.00	182.00	182.00	182.00	182.00	182.00	182.00	182.00	182.00	182.00	182.00	182.00	182.00	182.00	182.00	182.00	182.00	182.00																					189.00	189.00	189.00	190.00	190.00	191.00	192.00	192.00	192.00	193.00	193.00	194.00	194.00	194.00	195.00	195.00	195.00	196.00	197.00	197.00	198.00	198.00	200.00	201.00	202.00	202.00	204.00	205.00	205.00	206.00	206.00	208.00	209.00	210.00	210.00	212.00	213.00	213.00	214.00	214.00	215.00	217.00	218.00	218.00	219.00	221.00	221.00	222.00	222.00	223.00	225.00	225.00	226.00	227.00	228.00	228.00	228.00	228.00	229.00	229.00	229.00	230.00	230.00	231.00	231.00	231.00	231.00	231.00	232.00	232.00	232.00	232.00	232.00	232.00	231.00	231.00	231.00	230.00	230.00	230.00	230.00	229.00	228.00	228.00	227.00	227.00	226.00	226.00	225.00	225.00	224.00	223.00	223.00	222.00	222.00	221.00	221.00	220.00	220.00	219.00	218.00	218.00	217.00	217.00	216.00	215.00	214.00	214.00
184.00	184.00	184.00	184.00	184.00	183.00	183.00	183.00	183.00	182.00	181.00	181.00	180.00	180.00	179.00																																																																186.00	186.00	186.00	186.00	186.00	186.00	186.00	186.00	185.00	185.00	185.00	185.00	185.00	185.00	185.00	185.00	184.00	184.00	184.00	184.00	184.00	184.00	184.00	184.00	184.00	184.00	183.00	183.00	183.00	183.00	183.00	183.00	182.00	182.00	182.00	182.00	182.00	182.00	182.00	182.00	182.00	182.00	182.00	182.00	182.00	182.00	182.00	182.00	182.00	182.00																					189.00	189.00	189.00	190.00	190.00	191.00	192.00	192.00	192.00	193.00	193.00	194.00	194.00	194.00	195.00	195.00	195.00	196.00	197.00	197.00	198.00	198.00	200.00	201.00	202.00	202.00	204.00	205.00	205.00	206.00	206.00	208.00	209.00	210.00	210.00	212.00	213.00	213.00	214.00	214.00	215.00	217.00	218.00	218.00	219.00	221.00	221.00	222.00	222.00	223.00	225.00	225.00	226.00	227.00	228.00	228.00	228.00	228.00	229.00	229.00	229.00	230.00	230.00	231.00	231.00	231.00	231.00	231.00	232.00	232.00	232.00	232.00	232.00	232.00	231.00	231.00	231.00	230.00	230.00	230.00	230.00	229.00	228.00	228.00	227.00	227.00	226.00	226.00	225.00	225.00	224.00	223.00	223.00	222.00	222.00	221.00	221.00	220.00	220.00	219.00	218.00	218.00	217.00	217.00	216.00	215.00	214.00	214.00
184.00	184.00	184.00	184.00	184.00	183.00	183.00	183.00	183.00	182.00	181.00	181.00	180.00	180.00	179.00																																																																186.00	186.00	186.00	186.00	186.00	186.00	186.00	186.00	185.00	185.00	185.00	185.00	185.00	185.00	185.00	185.00	184.00	184.00	184.00	184.00	184.00	184.00	184.00	184.00	184.00	184.00	183.00	183.00	183.00	183.00	183.00	183.00	182.00	182.00	182.00	182.00	182.00	182.00	182.00	182.00	182.00	182.00	182.00	182.00	182.00	182.00	182.00	182.00	182.00	182.00																					189.00	189.00	189.00	190.00	190.00	191.00	192.00	192.00	192.00	193.00	193.00	194.00	194.00	194.00	195.00	195.00	195.00	196.00	197.00	197.00	198.00	198.00	200.00	201.00	202.00	202.00	204.00	205.00	205.00	206.00	206.00	208.00	209.00	210.00	210.00	212.00	213.00	213.00	214.00	214.00	215.00	217.00	218.00	218.00	219.00	221.00	221.00	222.00	222.00	223.00	225.00	225.00	226.00	227.00	228.00	228.00	228.00	228.00	229.00	229.00	229.00	230.00	230.00	231.00	231.00	231.00	231.00	231.00	232.00	232.00	232.00	232.00	232.00	232.00	231.00	231.00	231.00	230.00	230.00	230.00	230.00	229.00	228.00	228.00	227.00	227.00	226.00	226.00	225.00	225.00	224.00	223.00	223.00	222.00	222.00	221.00	221.00	220.00	220.00	219.00	218.00	218.00	217.00	217.00	216.00	215.00	214.00	214.00
184.00	184.00	184.00	184.00	184.00	183.00	183.00	183.00	183.00	182.00	181.00	181.00	180.00	180.00	179.00																																																																186.00	186.00	186.00	186.00	186.00	186.00	186.00	186.00	185.00	185.00	185.00	185.00	185.00	185.00	185.00	185.00	184.00	184.00	184.00	184.00	184.00	184.00	184.00	184.00	184.00	184.00	183.00	183.00	183.00	183.00	183.00	183.00	182.00	182.00	182.00	182.00	182.00	182.00	182.00	182.00	182.00	182.00	182.00	182.00	182.00	182.00	182.00	182.00	182.00	182.00																					189.00	189.00	189.00	190.00	190.00	191.00	192.00	192.00	192.00	193.00	193.00	194.00	194.00	194.00	195.00	195.00	195.00	196.00	197.00	197.00	198.00	198.00	200.00	201.00	202.00	202.00	204.00	205.00	205.00	206.00	206.00	208.00	209.00	210.00	210.00	212.00	213.00	213.00	214.00	214.00	215.00	217.00	218.00	218.00	219.00	221.00	221.00	222.00	222.00	223.00	225.00	225.00	226.00	227.00	228.00	228.00	228.00	228.00	229.00	229.00	229.00	230.00	230.00	231.00	231.00	231.00	231.00	231.00	232.00	232.00	232.00	232.00	232.00	232.00	231.00	231.00	231.00	230.00	230.00	230.00	230.00	229.00	228.00	228.00	227.00	227.00	226.00	226.00	225.00	225.00	224.00	223.00	223.00	222.00	222.00	221.00	221.00	220.00	220.00	219.00	218.00	218.00	217.00	217.00	216.00	215.00	214.00	214.00
180.00	180.00	180.00	180.00	180.00	180.00	180.00	180.00	180.00	180.00	180.00	180.00	180.00	180.00	180.00	180.00	180.00																																																														199.00	199.00	198.00	197.00	197.00	197.00	197.00	196.00	195.00	195.00	195.00	194.00	194.00	194.00	194.00	194.00	193.00	193.00	193.00	193.00	193.00	192.00	192.00	192.00	192.00	192.00	191.00	191.00	191.00	191.00	191.00	191.00	190.00	190.00	190.00	190.00	190.00	190.00	190.00	191.00	191.00	191.00	191.00	191.00	191.00	191.00	192.00	192.00	192.00	192.00	192.00	192.00	192.00	193.00	193.00	193.00	193.00	193.00			195.00	196.00	197.00	197.00	198.00	198.00	199.00	200.00	200.00	201.00	202.00	203.00	203.00	204.00	204.00	205.00	206.00	206.00	207.00	208.00	208.00	209.00	210.00	210.00	211.00	212.00	212.00	213.00	214.00	214.00	215.00	215.00	216.00	217.00	218.00	218.00	219.00	220.00	220.00	221.00	221.00	222.00	223.00	224.00	224.00	225.00	226.00	226.00	227.00	227.00	228.00	229.00	230.00	230.00	230.00	231.00	231.00	231.00	231.00	232.00	233.00	233.00	234.00	234.00	235.00	235.00	236.00	236.00	237.00	237.00	237.00	237.00	237.00	237.00	237.00	237.00	237.00	237.00	236.00	236.00	236.00	236.00	236.00	235.00	235.00	235.00	235.00	234.00	234.00	234.00	234.00	233.00	232.00	232.00	232.00	231.00	230.00	230.00	229.00	229.00	228.00	227.00	227.00	226.00	226.00	224.00	224.00	223.00	223.00	222.00	221.00	221.00	220.00	220.00	220.00	219.00	218.00	218.00
180.00	180.00	180.00	180.00	180.00	180.00	180.00	180.00	180.00	180.00	180.00	180.00	180.00	180.00	180.00	180.00	180.00																																																														199.00	199.00	198.00	197.00	197.00	197.00	197.00	196.00	195.00	195.00	195.00	194.00	194.00	194.00	194.00	194.00	193.00	193.00	193.00	193.00	193.00	192.00	192.00	192.00	192.00	192.00	191.00	191.00	191.00	191.00	191.00	191.00	190.00	190.00	190.00	190.00	190.00	190.00	190.00	191.00	191.00	191.00	191.00	191.00	191.00	191.00	192.00	192.00	192.00	192.00	192.00	192.00	192.00	193.00	193.00	193.00	193.00	193.00			195.00	196.00	197.00	197.00	198.00	198.00	199.00	200.00	200.00	201.00	202.00	203.00	203.00	204.00	204.00	205.00	206.00	206.00	207.00	208.00	208.00	209.00	210.00	210.00	211.00	212.00	212.00	213.00	214.00	214.00	215.00	215.00	216.00	217.00	218.00	218.00	219.00	220.00	220.00	221.00	221.00	222.00	223.00	224.00	224.00	225.00	226.00	226.00	227.00	227.00	228.00	229.00	230.00	230.00	230.00	231.00	231.00	231.00	231.00	232.00	233.00	233.00	234.00	234.00	235.00	235.00	236.00	236.00	237.00	237.00	237.00	237.00	237.00	237.00	237.00	237.00	237.00	237.00	236.00	236.00	236.00	236.00	236.00	235.00	235.00	235.00	235.00	234.00	234.00	234.00	234.00	233.00	232.00	232.00	232.00	231.00	230.00	230.00	229.00	229.00	228.00	227.00	227.00	226.00	226.00	224.00	224.00	223.00	223.00	222.00	221.00	221.00	220.00	220.00	220.00	219.00	218.00	218.00
180.00	180.00	180.00	180.00	180.00	180.00	180.00	180.00	180.00	180.00	180.00	180.00	180.00	180.00	180.00	180.00	180.00																																																														199.00	199.00	198.00	197.00	197.00	197.00	197.00	196.00	195.00	195.00	195.00	194.00	194.00	194.00	194.00	194.00	193.00	193.00	193.00	193.00	193.00	192.00	192.00	192.00	192.00	192.00	191.00	191.00	191.00	191.00	191.00	191.00	190.00	190.00	190.00	190.00	190.00	190.00	190.00	191.00	191.00	191.00	191.00	191.00	191.00	191.00	192.00	192.00	192.00	192.00	192.00	192.00	192.00	193.00	193.00	193.00	193.00	193.00			195.00	196.00	197.00	197.00	198.00	198.00	199.00	200.00	200.00	201.00	202.00	203.00	203.00	204.00	204.00	205.00	206.00	206.00	207.00	208.00	208.00	209.00	210.00	210.00	211.00	212.00	212.00	213.00	214.00	214.00	215.00	215.00	216.00	217.00	218.00	218.00	219.00	220.00	220.00	221.00	221.00	222.00	223.00	224.00	224.00	225.00	226.00	226.00	227.00	227.00	228.00	229.00	230.00	230.00	230.00	231.00	231.00	231.00	231.00	232.00	233.00	233.00	234.00	234.00	235.00	235.00	236.00	236.00	237.00	237.00	237.00	237.00	237.00	237.00	237.00	237.00	237.00	237.00	236.00	236.00	236.00	236.00	236.00	235.00	235.00	235.00	235.00	234.00	234.00	234.00	234.00	233.00	232.00	232.00	232.00	231.00	230.00	230.00	229.00	229.00	228.00	227.00	227.00	226.00	226.00	224.00	224.00	223.00	223.00	222.00	221.00	221.00	220.00	220.00	220.00	219.00	218.00	218.00
180.00	180.00	180.00	180.00	180.00	180.00	180.00	180.00	180.00	180.00	180.00	180.00	180.00	180.00	180.00	180.00	180.00																																																														199.00	199.00	198.00	197.00	197.00	197.00	197.00	196.00	195.00	195.00	195.00	194.00	194.00	194.00	194.00	194.00	193.00	193.00	193.00	193.00	193.00	192.00	192.00	192.00	192.00	192.00	191.00	191.00	191.00	191.00	191.00	191.00	190.00	190.00	190.00	190.00	190.00	190.00	190.00	191.00	191.00	191.00	191.00	191.00	191.00	191.00	192.00	192.00	192.00	192.00	192.00	192.00	192.00	193.00	193.00	193.00	193.00	193.00			195.00	196.00	197.00	197.00	198.00	198.00	199.00	200.00	200.00	201.00	202.00	203.00	203.00	204.00	204.00	205.00	206.00	206.00	207.00	208.00	208.00	209.00	210.00	210.00	211.00	212.00	212.00	213.00	214.00	214.00	215.00	215.00	216.00	217.00	218.00	218.00	219.00	220.00	220.00	221.00	221.00	222.00	223.00	224.00	224.00	225.00	226.00	226.00	227.00	227.00	228.00	229.00	230.00	230.00	230.00	231.00	231.00	231.00	231.00	232.00	233.00	233.00	234.00	234.00	235.00	235.00	236.00	236.00	237.00	237.00	237.00	237.00	237.00	237.00	237.00	237.00	237.00	237.00	236.00	236.00	236.00	236.00	236.00	235.00	235.00	235.00	235.00	234.00	234.00	234.00	234.00	233.00	232.00	232.00	232.00	231.00	230.00	230.00	229.00	229.00	228.00	227.00	227.00	226.00	226.00	224.00	224.00	223.00	223.00	222.00	221.00	221.00	220.00	220.00	220.00	219.00	218.00	218.00
180.00	180.00	180.00	180.00	180.00	180.00	180.00	180.00	180.00	180.00	180.00	180.00	180.00	180.00	180.00	180.00	180.00																																																														199.00	199.00	198.00	197.00	197.00	197.00	197.00	196.00	195.00	195.00	195.00	194.00	194.00	194.00	194.00	194.00	193.00	193.00	193.00	193.00	193.00	192.00	192.00	192.00	192.00	192.00	191.00	191.00	191.00	191.00	191.00	191.00	190.00	190.00	190.00	190.00	190.00	190.00	190.00	191.00	191.00	191.00	191.00	191.00	191.00	191.00	192.00	192.00	192.00	192.00	192.00	192.00	192.00	193.00	193.00	193.00	193.00	193.00			195.00	196.00	197.00	197.00	198.00	198.00	199.00	200.00	200.00	201.00	202.00	203.00	203.00	204.00	204.00	205.00	206.00	206.00	207.00	208.00	208.00	209.00	210.00	210.00	211.00	212.00	212.00	213.00	214.00	214.00	215.00	215.00	216.00	217.00	218.00	218.00	219.00	220.00	220.00	221.00	221.00	222.00	223.00	224.00	224.00	225.00	226.00	226.00	227.00	227.00	228.00	229.00	230.00	230.00	230.00	231.00	231.00	231.00	231.00	232.00	233.00	233.00	234.00	234.00	235.00	235.00	236.00	236.00	237.00	237.00	237.00	237.00	237.00	237.00	237.00	237.00	237.00	237.00	236.00	236.00	236.00	236.00	236.00	235.00	235.00	235.00	235.00	234.00	234.00	234.00	234.00	233.00	232.00	232.00	232.00	231.00	230.00	230.00	229.00	229.00	228.00	227.00	227.00	226.00	226.00	224.00	224.00	223.00	223.00	222.00	221.00	221.00	220.00	220.00	220.00	219.00	218.00	218.00
180.00	180.00	180.00	180.00	180.00	180.00	180.00	180.00	180.00	180.00	180.00	180.00	180.00	180.00	180.00	180.00	180.00																																																														199.00	199.00	198.00	197.00	197.00	197.00	197.00	196.00	195.00	195.00	195.00	194.00	194.00	194.00	194.00	194.00	193.00	193.00	193.00	193.00	193.00	192.00	192.00	192.00	192.00	192.00	191.00	191.00	191.00	191.00	191.00	191.00	190.00	190.00	190.00	190.00	190.00	190.00	190.00	191.00	191.00	191.00	191.00	191.00	191.00	191.00	192.00	192.00	192.00	192.00	192.00	192.00	192.00	193.00	193.00	193.00	193.00	193.00			195.00	196.00	197.00	197.00	198.00	198.00	199.00	200.00	200.00	201.00	202.00	203.00	203.00	204.00	204.00	205.00	206.00	206.00	207.00	208.00	208.00	209.00	210.00	210.00	211.00	212.00	212.00	213.00	214.00	214.00	215.00	215.00	216.00	217.00	218.00	218.00	219.00	220.00	220.00	221.00	221.00	222.00	223.00	224.00	224.00	225.00	226.00	226.00	227.00	227.00	228.00	229.00	230.00	230.00	230.00	231.00	231.00	231.00	231.00	232.00	233.00	233.00	234.00	234.00	235.00	235.00	236.00	236.00	237.00	237.00	237.00	237.00	237.00	237.00	237.00	237.00	237.00	237.00	236.00	236.00	236.00	236.00	236.00	235.00	235.00	235.00	235.00	234.00	234.00	234.00	234.00	233.00	232.00	232.00	232.00	231.00	230.00	230.00	229.00	229.00	228.00	227.00	227.00	226.00	226.00	224.00	224.00	223.00	223.00	222.00	221.00	221.00	220.00	220.00	220.00	219.00	218.00	218.00
180.00	180.00	180.00	180.00	180.00	180.00	180.00	180.00	180.00	180.00	180.00	180.00	180.00	180.00	180.00	180.00	180.00																																																														199.00	199.00	198.00	197.00	197.00	197.00	197.00	196.00	195.00	195.00	195.00	194.00	194.00	194.00	194.00	194.00	193.00	193.00	193.00	193.00	193.00	192.00	192.00	192.00	192.00	192.00	191.00	191.00	191.00	191.00	191.00	191.00	190.00	190.00	190.00	190.00	190.00	190.00	190.00	191.00	191.00	191.00	191.00	191.00	191.00	191.00	192.00	192.00	192.00	192.00	192.00	192.00	192.00	193.00	193.00	193.00	193.00	193.00			195.00	196.00	197.00	197.00	198.00	198.00	199.00	200.00	200.00	201.00	202.00	203.00	203.00	204.00	204.00	205.00	206.00	206.00	207.00	208.00	208.00	209.00	210.00	210.00	211.00	212.00	212.00	213.00	214.00	214.00	215.00	215.00	216.00	217.00	218.00	218.00	219.00	220.00	220.00	221.00	221.00	222.00	223.00	224.00	224.00	225.00	226.00	226.00	227.00	227.00	228.00	229.00	230.00	230.00	230.00	231.00	231.00	231.00	231.00	232.00	233.00	233.00	234.00	234.00	235.00	235.00	236.00	236.00	237.00	237.00	237.00	237.00	237.00	237.00	237.00	237.00	237.00	237.00	236.00	236.00	236.00	236.00	236.00	235.00	235.00	235.00	235.00	234.00	234.00	234.00	234.00	233.00	232.00	232.00	232.00	231.00	230.00	230.00	229.00	229.00	228.00	227.00	227.00	226.00	226.00	224.00	224.00	223.00	223.00	222.00	221.00	221.00	220.00	220.00	220.00	219.00	218.00	218.00
180.00	180.00	180.00	180.00	180.00	180.00	180.00	180.00	180.00	180.00	180.00	180.00	180.00	180.00	180.00	180.00	180.00	180.00																																																												199.00	199.00	199.00	198.00	197.00	197.00	197.00	197.00	196.00	195.00	195.00	195.00	194.00	194.00	194.00	194.00	194.00	193.00	193.00	193.00	193.00	193.00	192.00	192.00	192.00	192.00	192.00	191.00	191.00	191.00	191.00	191.00	191.00	190.00	190.00	190.00	190.00	190.00	190.00	190.00	191.00	191.00	191.00	191.00	191.00	191.00	191.00	192.00	192.00	192.00	192.00	192.00	192.00	192.00	193.00	193.00	193.00	193.00	193.00	194.00	194.00	195.00	196.00	197.00	197.00	198.00	198.00	199.00	200.00	200.00	201.00	202.00	203.00	203.00	204.00	204.00	205.00	206.00	206.00	207.00	208.00	208.00	209.00	210.00	210.00	211.00	212.00	212.00	213.00	214.00	214.00	215.00	215.00	216.00	217.00	218.00	218.00	219.00	220.00	220.00	221.00	221.00	222.00	223.00	224.00	224.00	225.00	226.00	226.00	227.00	227.00	228.00	229.00	230.00	230.00	230.00	231.00	231.00	231.00	231.00	232.00	233.00	233.00	234.00	234.00	235.00	235.00	236.00	236.00	237.00	237.00	237.00	237.00	237.00	237.00	237.00	237.00	237.00	237.00	236.00	236.00	236.00	236.00	236.00	235.00	235.00	235.00	235.00	234.00	234.00	234.00	234.00	233.00	232.00	232.00	232.00	231.00	230.00	230.00	229.00	229.00	228.00	227.00	227.00	226.00	226.00	224.00	224.00	223.00	223.00	222.00	221.00	221.00	220.00	220.00	220.00	219.00	218.00	218.00
180.00	180.00	180.00	180.00	180.00	180.00	180.00	180.00	180.00	180.00	180.00	180.00	180.00	180.00	180.00	180.00	180.00	180.00																																																												199.00	199.00	199.00	198.00	197.00	197.00	197.00	197.00	196.00	195.00	195.00	195.00	194.00	194.00	194.00	194.00	194.00	193.00	193.00	193.00	193.00	193.00	192.00	192.00	192.00	192.00	192.00	191.00	191.00	191.00	191.00	191.00	191.00	190.00	190.00	190.00	190.00	190.00	190.00	190.00	191.00	191.00	191.00	191.00	191.00	191.00	191.00	192.00	192.00	192.00	192.00	192.00	192.00	192.00	193.00	193.00	193.00	193.00	193.00	194.00	194.00	195.00	196.00	197.00	197.00	198.00	198.00	199.00	200.00	200.00	201.00	202.00	203.00	203.00	204.00	204.00	205.00	206.00	206.00	207.00	208.00	208.00	209.00	210.00	210.00	211.00	212.00	212.00	213.00	214.00	214.00	215.00	215.00	216.00	217.00	218.00	218.00	219.00	220.00	220.00	221.00	221.00	222.00	223.00	224.00	224.00	225.00	226.00	226.00	227.00	227.00	228.00	229.00	230.00	230.00	230.00	231.00	231.00	231.00	231.00	232.00	233.00	233.00	234.00	234.00	235.00	235.00	236.00	236.00	237.00	237.00	237.00	237.00	237.00	237.00	237.00	237.00	237.00	237.00	236.00	236.00	236.00	236.00	236.00	235.00	235.00	235.00	235.00	234.00	234.00	234.00	234.00	233.00	232.00	232.00	232.00	231.00	230.00	230.00	229.00	229.00	228.00	227.00	227.00	226.00	226.00	224.00	224.00	223.00	223.00	222.00	221.00	221.00	220.00	220.00	220.00	219.00	218.00	218.00
180.00	180.00	180.00	180.00	180.00	180.00	180.00	180.00	180.00	180.00	180.00	180.00	180.00	180.00	180.00	180.00	180.00	180.00																																																												199.00	199.00	199.00	198.00	197.00	197.00	197.00	197.00	196.00	195.00	195.00	195.00	194.00	194.00	194.00	194.00	194.00	193.00	193.00	193.00	193.00	193.00	192.00	192.00	192.00	192.00	192.00	191.00	191.00	191.00	191.00	191.00	191.00	190.00	190.00	190.00	190.00	190.00	190.00	190.00	191.00	191.00	191.00	191.00	191.00	191.00	191.00	192.00	192.00	192.00	192.00	192.00	192.00	192.00	193.00	193.00	193.00	193.00	193.00	194.00	194.00	195.00	196.00	197.00	197.00	198.00	198.00	199.00	200.00	200.00	201.00	202.00	203.00	203.00	204.00	204.00	205.00	206.00	206.00	207.00	208.00	208.00	209.00	210.00	210.00	211.00	212.00	212.00	213.00	214.00	214.00	215.00	215.00	216.00	217.00	218.00	218.00	219.00	220.00	220.00	221.00	221.00	222.00	223.00	224.00	224.00	225.00	226.00	226.00	227.00	227.00	228.00	229.00	230.00	230.00	230.00	231.00	231.00	231.00	231.00	232.00	233.00	233.00	234.00	234.00	235.00	235.00	236.00	236.00	237.00	237.00	237.00	237.00	237.00	237.00	237.00	237.00	237.00	237.00	236.00	236.00	236.00	236.00	236.00	235.00	235.00	235.00	235.00	234.00	234.00	234.00	234.00	233.00	232.00	232.00	232.00	231.00	230.00	230.00	229.00	229.00	228.00	227.00	227.00	226.00	226.00	224.00	224.00	223.00	223.00	222.00	221.00	221.00	220.00	220.00	220.00	219.00	218.00	218.00
180.00	180.00	180.00	180.00	180.00	180.00	180.00	180.00	180.00	180.00	180.00	180.00	180.00	180.00	180.00	180.00	180.00	180.00																																																												199.00	199.00	199.00	198.00	197.00	197.00	197.00	197.00	196.00	195.00	195.00	195.00	194.00	194.00	194.00	194.00	194.00	193.00	193.00	193.00	193.00	193.00	192.00	192.00	192.00	192.00	192.00	191.00	191.00	191.00	191.00	191.00	191.00	190.00	190.00	190.00	190.00	190.00	190.00	190.00	191.00	191.00	191.00	191.00	191.00	191.00	191.00	192.00	192.00	192.00	192.00	192.00	192.00	192.00	193.00	193.00	193.00	193.00	193.00	194.00	194.00	195.00	196.00	197.00	197.00	198.00	198.00	199.00	200.00	200.00	201.00	202.00	203.00	203.00	204.00	204.00	205.00	206.00	206.00	207.00	208.00	208.00	209.00	210.00	210.00	211.00	212.00	212.00	213.00	214.00	214.00	215.00	215.00	216.00	217.00	218.00	218.00	219.00	220.00	220.00	221.00	221.00	222.00	223.00	224.00	224.00	225.00	226.00	226.00	227.00	227.00	228.00	229.00	230.00	230.00	230.00	231.00	231.00	231.00	231.00	232.00	233.00	233.00	234.00	234.00	235.00	235.00	236.00	236.00	237.00	237.00	237.00	237.00	237.00	237.00	237.00	237.00	237.00	237.00	236.00	236.00	236.00	236.00	236.00	235.00	235.00	235.00	235.00	234.00	234.00	234.00	234.00	233.00	232.00	232.00	232.00	231.00	230.00	230.00	229.00	229.00	228.00	227.00	227.00	226.00	226.00	224.00	224.00	223.00	223.00	222.00	221.00	221.00	220.00	220.00	220.00	219.00	218.00	218.00
180.00	180.00	180.00	180.00	180.00	180.00	180.00	180.00	180.00	180.00	180.00	180.00	180.00	180.00	180.00	180.00	180.00	180.00																																																												199.00	199.00	199.00	198.00	197.00	197.00	197.00	197.00	196.00	195.00	195.00	195.00	194.00	194.00	194.00	194.00	194.00	193.00	193.00	193.00	193.00	193.00	192.00	192.00	192.00	192.00	192.00	191.00	191.00	191.00	191.00	191.00	191.00	190.00	190.00	190.00	190.00	190.00	190.00	190.00	191.00	191.00	191.00	191.00	191.00	191.00	191.00	192.00	192.00	192.00	192.00	192.00	192.00	192.00	193.00	193.00	193.00	193.00	193.00	194.00	194.00	195.00	196.00	197.00	197.00	198.00	198.00	199.00	200.00	200.00	201.00	202.00	203.00	203.00	204.00	204.00	205.00	206.00	206.00	207.00	208.00	208.00	209.00	210.00	210.00	211.00	212.00	212.00	213.00	214.00	214.00	215.00	215.00	216.00	217.00	218.00	218.00	219.00	220.00	220.00	221.00	221.00	222.00	223.00	224.00	224.00	225.00	226.00	226.00	227.00	227.00	228.00	229.00	230.00	230.00	230.00	231.00	231.00	231.00	231.00	232.00	233.00	233.00	234.00	234.00	235.00	235.00	236.00	236.00	237.00	237.00	237.00	237.00	237.00	237.00	237.00	237.00	237.00	237.00	236.00	236.00	236.00	236.00	236.00	235.00	235.00	235.00	235.00	234.00	234.00	234.00	234.00	233.00	232.00	232.00	232.00	231.00	230.00	230.00	229.00	229.00	228.00	227.00	227.00	226.00	226.00	224.00	224.00	223.00	223.00	222.00	221.00	221.00	220.00	220.00	220.00	219.00	218.00	218.00
175.00	175.00	176.00	176.00	176.00	177.00	177.00	177.00	177.00	178.00	178.00	178.00	178.00	179.00	179.00	179.00	180.00	180.00																																																											210.00	209.00	208.00	208.00	207.00	207.00	207.00	206.00	206.00	205.00	205.00	204.00	204.00	204.00	203.00	203.00	203.00	203.00	202.00	202.00	201.00	201.00	201.00	200.00	200.00	200.00	200.00	199.00	199.00	199.00	199.00	199.00	199.00	199.00	199.00	199.00	199.00	199.00	199.00	199.00	199.00	200.00	200.00	200.00	200.00	200.00	200.00	200.00	201.00	201.00	202.00	203.00	204.00	204.00	205.00	206.00	206.00	207.00	207.00	208.00	209.00	209.00	210.00	211.00	211.00	211.00	213.00	213.00	214.00	215.00	215.00	217.00	218.00	219.00	219.00	221.00	221.00	222.00	223.00	223.00	224.00	225.00	225.00	226.00	227.00	227.00	228.00	229.00	229.00	230.00	230.00	230.00	231.00	231.00	232.00	232.00	233.00	233.00	234.00	235.00	235.00	236.00	236.00	236.00	236.00	237.00	237.00	237.00	237.00	237.00	237.00	237.00	237.00	238.00	238.00	238.00	239.00	239.00	239.00	240.00	240.00	240.00	240.00	240.00	240.00	240.00	240.00	240.00	240.00	240.00	240.00	240.00	240.00	240.00	240.00	240.00	240.00	240.00	240.00	239.00	239.00	239.00	238.00	238.00	238.00	237.00	237.00	237.00	236.00	236.00	236.00	235.00	235.00	234.00	234.00	234.00	233.00	232.00	232.00	232.00	231.00	231.00	231.00	230.00	230.00	229.00	229.00	228.00	228.00	227.00	227.00	226.00	225.00	225.00	224.00	224.00	224.00	223.00	222.00	222.00
175.00	175.00	176.00	176.00	176.00	177.00	177.00	177.00	177.00	178.00	178.00	178.00	178.00	179.00	179.00	179.00	180.00	180.00																																																											210.00	209.00	208.00	208.00	207.00	207.00	207.00	206.00	206.00	205.00	205.00	204.00	204.00	204.00	203.00	203.00	203.00	203.00	202.00	202.00	201.00	201.00	201.00	200.00	200.00	200.00	200.00	199.00	199.00	199.00	199.00	199.00	199.00	199.00	199.00	199.00	199.00	199.00	199.00	199.00	199.00	200.00	200.00	200.00	200.00	200.00	200.00	200.00	201.00	201.00	202.00	203.00	204.00	204.00	205.00	206.00	206.00	207.00	207.00	208.00	209.00	209.00	210.00	211.00	211.00	211.00	213.00	213.00	214.00	215.00	215.00	217.00	218.00	219.00	219.00	221.00	221.00	222.00	223.00	223.00	224.00	225.00	225.00	226.00	227.00	227.00	228.00	229.00	229.00	230.00	230.00	230.00	231.00	231.00	232.00	232.00	233.00	233.00	234.00	235.00	235.00	236.00	236.00	236.00	236.00	237.00	237.00	237.00	237.00	237.00	237.00	237.00	237.00	238.00	238.00	238.00	239.00	239.00	239.00	240.00	240.00	240.00	240.00	240.00	240.00	240.00	240.00	240.00	240.00	240.00	240.00	240.00	240.00	240.00	240.00	240.00	240.00	240.00	240.00	239.00	239.00	239.00	238.00	238.00	238.00	237.00	237.00	237.00	236.00	236.00	236.00	235.00	235.00	234.00	234.00	234.00	233.00	232.00	232.00	232.00	231.00	231.00	231.00	230.00	230.00	229.00	229.00	228.00	228.00	227.00	227.00	226.00	225.00	225.00	224.00	224.00	224.00	223.00	222.00	222.00
175.00	175.00	176.00	176.00	176.00	177.00	177.00	177.00	177.00	178.00	178.00	178.00	178.00	179.00	179.00	179.00	180.00	180.00																																																											210.00	209.00	208.00	208.00	207.00	207.00	207.00	206.00	206.00	205.00	205.00	204.00	204.00	204.00	203.00	203.00	203.00	203.00	202.00	202.00	201.00	201.00	201.00	200.00	200.00	200.00	200.00	199.00	199.00	199.00	199.00	199.00	199.00	199.00	199.00	199.00	199.00	199.00	199.00	199.00	199.00	200.00	200.00	200.00	200.00	200.00	200.00	200.00	201.00	201.00	202.00	203.00	204.00	204.00	205.00	206.00	206.00	207.00	207.00	208.00	209.00	209.00	210.00	211.00	211.00	211.00	213.00	213.00	214.00	215.00	215.00	217.00	218.00	219.00	219.00	221.00	221.00	222.00	223.00	223.00	224.00	225.00	225.00	226.00	227.00	227.00	228.00	229.00	229.00	230.00	230.00	230.00	231.00	231.00	232.00	232.00	233.00	233.00	234.00	235.00	235.00	236.00	236.00	236.00	236.00	237.00	237.00	237.00	237.00	237.00	237.00	237.00	237.00	238.00	238.00	238.00	239.00	239.00	239.00	240.00	240.00	240.00	240.00	240.00	240.00	240.00	240.00	240.00	240.00	240.00	240.00	240.00	240.00	240.00	240.00	240.00	240.00	240.00	240.00	239.00	239.00	239.00	238.00	238.00	238.00	237.00	237.00	237.00	236.00	236.00	236.00	235.00	235.00	234.00	234.00	234.00	233.00	232.00	232.00	232.00	231.00	231.00	231.00	230.00	230.00	229.00	229.00	228.00	228.00	227.00	227.00	226.00	225.00	225.00	224.00	224.00	224.00	223.00	222.00	222.00
175.00	175.00	176.00	176.00	176.00	177.00	177.00	177.00	177.00	178.00	178.00	178.00	178.00	179.00	179.00	179.00	180.00	180.00																																																											210.00	209.00	208.00	208.00	207.00	207.00	207.00	206.00	206.00	205.00	205.00	204.00	204.00	204.00	203.00	203.00	203.00	203.00	202.00	202.00	201.00	201.00	201.00	200.00	200.00	200.00	200.00	199.00	199.00	199.00	199.00	199.00	199.00	199.00	199.00	199.00	199.00	199.00	199.00	199.00	199.00	200.00	200.00	200.00	200.00	200.00	200.00	200.00	201.00	201.00	202.00	203.00	204.00	204.00	205.00	206.00	206.00	207.00	207.00	208.00	209.00	209.00	210.00	211.00	211.00	211.00	213.00	213.00	214.00	215.00	215.00	217.00	218.00	219.00	219.00	221.00	221.00	222.00	223.00	223.00	224.00	225.00	225.00	226.00	227.00	227.00	228.00	229.00	229.00	230.00	230.00	230.00	231.00	231.00	232.00	232.00	233.00	233.00	234.00	235.00	235.00	236.00	236.00	236.00	236.00	237.00	237.00	237.00	237.00	237.00	237.00	237.00	237.00	238.00	238.00	238.00	239.00	239.00	239.00	240.00	240.00	240.00	240.00	240.00	240.00	240.00	240.00	240.00	240.00	240.00	240.00	240.00	240.00	240.00	240.00	240.00	240.00	240.00	240.00	239.00	239.00	239.00	238.00	238.00	238.00	237.00	237.00	237.00	236.00	236.00	236.00	235.00	235.00	234.00	234.00	234.00	233.00	232.00	232.00	232.00	231.00	231.00	231.00	230.00	230.00	229.00	229.00	228.00	228.00	227.00	227.00	226.00	225.00	225.00	224.00	224.00	224.00	223.00	222.00	222.00
175.00	175.00	176.00	176.00	176.00	177.00	177.00	177.00	177.00	178.00	178.00	178.00	178.00	179.00	179.00	179.00	180.00	180.00																																																											210.00	209.00	208.00	208.00	207.00	207.00	207.00	206.00	206.00	205.00	205.00	204.00	204.00	204.00	203.00	203.00	203.00	203.00	202.00	202.00	201.00	201.00	201.00	200.00	200.00	200.00	200.00	199.00	199.00	199.00	199.00	199.00	199.00	199.00	199.00	199.00	199.00	199.00	199.00	199.00	199.00	200.00	200.00	200.00	200.00	200.00	200.00	200.00	201.00	201.00	202.00	203.00	204.00	204.00	205.00	206.00	206.00	207.00	207.00	208.00	209.00	209.00	210.00	211.00	211.00	211.00	213.00	213.00	214.00	215.00	215.00	217.00	218.00	219.00	219.00	221.00	221.00	222.00	223.00	223.00	224.00	225.00	225.00	226.00	227.00	227.00	228.00	229.00	229.00	230.00	230.00	230.00	231.00	231.00	232.00	232.00	233.00	233.00	234.00	235.00	235.00	236.00	236.00	236.00	236.00	237.00	237.00	237.00	237.00	237.00	237.00	237.00	237.00	238.00	238.00	238.00	239.00	239.00	239.00	240.00	240.00	240.00	240.00	240.00	240.00	240.00	240.00	240.00	240.00	240.00	240.00	240.00	240.00	240.00	240.00	240.00	240.00	240.00	240.00	239.00	239.00	239.00	238.00	238.00	238.00	237.00	237.00	237.00	236.00	236.00	236.00	235.00	235.00	234.00	234.00	234.00	233.00	232.00	232.00	232.00	231.00	231.00	231.00	230.00	230.00	229.00	229.00	228.00	228.00	227.00	227.00	226.00	225.00	225.00	224.00	224.00	224.00	223.00	222.00	222.00
175.00	175.00	176.00	176.00	176.00	177.00	177.00	177.00	177.00	178.00	178.00	178.00	178.00	179.00	179.00	179.00	180.00	180.00																																																											210.00	209.00	208.00	208.00	207.00	207.00	207.00	206.00	206.00	205.00	205.00	204.00	204.00	204.00	203.00	203.00	203.00	203.00	202.00	202.00	201.00	201.00	201.00	200.00	200.00	200.00	200.00	199.00	199.00	199.00	199.00	199.00	199.00	199.00	199.00	199.00	199.00	199.00	199.00	199.00	199.00	200.00	200.00	200.00	200.00	200.00	200.00	200.00	201.00	201.00	202.00	203.00	204.00	204.00	205.00	206.00	206.00	207.00	207.00	208.00	209.00	209.00	210.00	211.00	211.00	211.00	213.00	213.00	214.00	215.00	215.00	217.00	218.00	219.00	219.00	221.00	221.00	222.00	223.00	223.00	224.00	225.00	225.00	226.00	227.00	227.00	228.00	229.00	229.00	230.00	230.00	230.00	231.00	231.00	232.00	232.00	233.00	233.00	234.00	235.00	235.00	236.00	236.00	236.00	236.00	237.00	237.00	237.00	237.00	237.00	237.00	237.00	237.00	238.00	238.00	238.00	239.00	239.00	239.00	240.00	240.00	240.00	240.00	240.00	240.00	240.00	240.00	240.00	240.00	240.00	240.00	240.00	240.00	240.00	240.00	240.00	240.00	240.00	240.00	239.00	239.00	239.00	238.00	238.00	238.00	237.00	237.00	237.00	236.00	236.00	236.00	235.00	235.00	234.00	234.00	234.00	233.00	232.00	232.00	232.00	231.00	231.00	231.00	230.00	230.00	229.00	229.00	228.00	228.00	227.00	227.00	226.00	225.00	225.00	224.00	224.00	224.00	223.00	222.00	222.00
175.00	175.00	176.00	176.00	176.00	177.00	177.00	177.00	177.00	178.00	178.00	178.00	178.00	179.00	179.00	179.00	180.00	180.00	181.00	181.00	181.00																																																					212.00	211.00	210.00	210.00	209.00	208.00	208.00	207.00	207.00	207.00	206.00	206.00	205.00	205.00	204.00	204.00	204.00	203.00	203.00	203.00	203.00	202.00	202.00	201.00	201.00	201.00	200.00	200.00	200.00	200.00	199.00	199.00	199.00	199.00	199.00	199.00	199.00	199.00	199.00	199.00	199.00	199.00	199.00	199.00	200.00	200.00	200.00	200.00	200.00	200.00	200.00	201.00	201.00	202.00	203.00	204.00	204.00	205.00	206.00	206.00	207.00	207.00	208.00	209.00	209.00	210.00	211.00	211.00	211.00	213.00	213.00	214.00	215.00	215.00	217.00	218.00	219.00	219.00	221.00	221.00	222.00	223.00	223.00	224.00	225.00	225.00	226.00	227.00	227.00	228.00	229.00	229.00	230.00	230.00	230.00	231.00	231.00	232.00	232.00	233.00	233.00	234.00	235.00	235.00	236.00	236.00	236.00	236.00	237.00	237.00	237.00	237.00	237.00	237.00	237.00	237.00	238.00	238.00	238.00	239.00	239.00	239.00	240.00	240.00	240.00	240.00	240.00	240.00	240.00	240.00	240.00	240.00	240.00	240.00	240.00	240.00	240.00	240.00	240.00	240.00	240.00	240.00	239.00	239.00	239.00	238.00	238.00	238.00	237.00	237.00	237.00	236.00	236.00	236.00	235.00	235.00	234.00	234.00	234.00	233.00	232.00	232.00	232.00	231.00	231.00	231.00	230.00	230.00	229.00	229.00	228.00	228.00	227.00	227.00	226.00	225.00	225.00	224.00	224.00	224.00	223.00	222.00	222.00
175.00	175.00	176.00	176.00	176.00	177.00	177.00	177.00	177.00	178.00	178.00	178.00	178.00	179.00	179.00	179.00	180.00	180.00	181.00	181.00	181.00																																																					212.00	211.00	210.00	210.00	209.00	208.00	208.00	207.00	207.00	207.00	206.00	206.00	205.00	205.00	204.00	204.00	204.00	203.00	203.00	203.00	203.00	202.00	202.00	201.00	201.00	201.00	200.00	200.00	200.00	200.00	199.00	199.00	199.00	199.00	199.00	199.00	199.00	199.00	199.00	199.00	199.00	199.00	199.00	199.00	200.00	200.00	200.00	200.00	200.00	200.00	200.00	201.00	201.00	202.00	203.00	204.00	204.00	205.00	206.00	206.00	207.00	207.00	208.00	209.00	209.00	210.00	211.00	211.00	211.00	213.00	213.00	214.00	215.00	215.00	217.00	218.00	219.00	219.00	221.00	221.00	222.00	223.00	223.00	224.00	225.00	225.00	226.00	227.00	227.00	228.00	229.00	229.00	230.00	230.00	230.00	231.00	231.00	232.00	232.00	233.00	233.00	234.00	235.00	235.00	236.00	236.00	236.00	236.00	237.00	237.00	237.00	237.00	237.00	237.00	237.00	237.00	238.00	238.00	238.00	239.00	239.00	239.00	240.00	240.00	240.00	240.00	240.00	240.00	240.00	240.00	240.00	240.00	240.00	240.00	240.00	240.00	240.00	240.00	240.00	240.00	240.00	240.00	239.00	239.00	239.00	238.00	238.00	238.00	237.00	237.00	237.00	236.00	236.00	236.00	235.00	235.00	234.00	234.00	234.00	233.00	232.00	232.00	232.00	231.00	231.00	231.00	230.00	230.00	229.00	229.00	228.00	228.00	227.00	227.00	226.00	225.00	225.00	224.00	224.00	224.00	223.00	222.00	222.00
175.00	175.00	176.00	176.00	176.00	177.00	177.00	177.00	177.00	178.00	178.00	178.00	178.00	179.00	179.00	179.00	180.00	180.00	181.00	181.00	181.00																																																					212.00	211.00	210.00	210.00	209.00	208.00	208.00	207.00	207.00	207.00	206.00	206.00	205.00	205.00	204.00	204.00	204.00	203.00	203.00	203.00	203.00	202.00	202.00	201.00	201.00	201.00	200.00	200.00	200.00	200.00	199.00	199.00	199.00	199.00	199.00	199.00	199.00	199.00	199.00	199.00	199.00	199.00	199.00	199.00	200.00	200.00	200.00	200.00	200.00	200.00	200.00	201.00	201.00	202.00	203.00	204.00	204.00	205.00	206.00	206.00	207.00	207.00	208.00	209.00	209.00	210.00	211.00	211.00	211.00	213.00	213.00	214.00	215.00	215.00	217.00	218.00	219.00	219.00	221.00	221.00	222.00	223.00	223.00	224.00	225.00	225.00	226.00	227.00	227.00	228.00	229.00	229.00	230.00	230.00	230.00	231.00	231.00	232.00	232.00	233.00	233.00	234.00	235.00	235.00	236.00	236.00	236.00	236.00	237.00	237.00	237.00	237.00	237.00	237.00	237.00	237.00	238.00	238.00	238.00	239.00	239.00	239.00	240.00	240.00	240.00	240.00	240.00	240.00	240.00	240.00	240.00	240.00	240.00	240.00	240.00	240.00	240.00	240.00	240.00	240.00	240.00	240.00	239.00	239.00	239.00	238.00	238.00	238.00	237.00	237.00	237.00	236.00	236.00	236.00	235.00	235.00	234.00	234.00	234.00	233.00	232.00	232.00	232.00	231.00	231.00	231.00	230.00	230.00	229.00	229.00	228.00	228.00	227.00	227.00	226.00	225.00	225.00	224.00	224.00	224.00	223.00	222.00	222.00
175.00	175.00	176.00	176.00	176.00	177.00	177.00	177.00	177.00	178.00	178.00	178.00	178.00	179.00	179.00	179.00	180.00	180.00	181.00	181.00	181.00																																																					212.00	211.00	210.00	210.00	209.00	208.00	208.00	207.00	207.00	207.00	206.00	206.00	205.00	205.00	204.00	204.00	204.00	203.00	203.00	203.00	203.00	202.00	202.00	201.00	201.00	201.00	200.00	200.00	200.00	200.00	199.00	199.00	199.00	199.00	199.00	199.00	199.00	199.00	199.00	199.00	199.00	199.00	199.00	199.00	200.00	200.00	200.00	200.00	200.00	200.00	200.00	201.00	201.00	202.00	203.00	204.00	204.00	205.00	206.00	206.00	207.00	207.00	208.00	209.00	209.00	210.00	211.00	211.00	211.00	213.00	213.00	214.00	215.00	215.00	217.00	218.00	219.00	219.00	221.00	221.00	222.00	223.00	223.00	224.00	225.00	225.00	226.00	227.00	227.00	228.00	229.00	229.00	230.00	230.00	230.00	231.00	231.00	232.00	232.00	233.00	233.00	234.00	235.00	235.00	236.00	236.00	236.00	236.00	237.00	237.00	237.00	237.00	237.00	237.00	237.00	237.00	238.00	238.00	238.00	239.00	239.00	239.00	240.00	240.00	240.00	240.00	240.00	240.00	240.00	240.00	240.00	240.00	240.00	240.00	240.00	240.00	240.00	240.00	240.00	240.00	240.00	240.00	239.00	239.00	239.00	238.00	238.00	238.00	237.00	237.00	237.00	236.00	236.00	236.00	235.00	235.00	234.00	234.00	234.00	233.00	232.00	232.00	232.00	231.00	231.00	231.00	230.00	230.00	229.00	229.00	228.00	228.00	227.00	227.00	226.00	225.00	225.00	224.00	224.00	224.00	223.00	222.00	222.00
175.00	175.00	176.00	176.00	176.00	177.00	177.00	177.00	177.00	178.00	178.00	178.00	178.00	179.00	179.00	179.00	180.00	180.00	181.00	181.00	181.00																																																					212.00	211.00	210.00	210.00	209.00	208.00	208.00	207.00	207.00	207.00	206.00	206.00	205.00	205.00	204.00	204.00	204.00	203.00	203.00	203.00	203.00	202.00	202.00	201.00	201.00	201.00	200.00	200.00	200.00	200.00	199.00	199.00	199.00	199.00	199.00	199.00	199.00	199.00	199.00	199.00	199.00	199.00	199.00	199.00	200.00	200.00	200.00	200.00	200.00	200.00	200.00	201.00	201.00	202.00	203.00	204.00	204.00	205.00	206.00	206.00	207.00	207.00	208.00	209.00	209.00	210.00	211.00	211.00	211.00	213.00	213.00	214.00	215.00	215.00	217.00	218.00	219.00	219.00	221.00	221.00	222.00	223.00	223.00	224.00	225.00	225.00	226.00	227.00	227.00	228.00	229.00	229.00	230.00	230.00	230.00	231.00	231.00	232.00	232.00	233.00	233.00	234.00	235.00	235.00	236.00	236.00	236.00	236.00	237.00	237.00	237.00	237.00	237.00	237.00	237.00	237.00	238.00	238.00	238.00	239.00	239.00	239.00	240.00	240.00	240.00	240.00	240.00	240.00	240.00	240.00	240.00	240.00	240.00	240.00	240.00	240.00	240.00	240.00	240.00	240.00	240.00	240.00	239.00	239.00	239.00	238.00	238.00	238.00	237.00	237.00	237.00	236.00	236.00	236.00	235.00	235.00	234.00	234.00	234.00	233.00	232.00	232.00	232.00	231.00	231.00	231.00	230.00	230.00	229.00	229.00	228.00	228.00	227.00	227.00	226.00	225.00	225.00	224.00	224.00	224.00	223.00	222.00	222.00
175.00	175.00	176.00	176.00	176.00	177.00	177.00	177.00	177.00	178.00	178.00	178.00	178.00	179.00	179.00	179.00	180.00	180.00	181.00	181.00	181.00																																																					212.00	211.00	210.00	210.00	209.00	208.00	208.00	207.00	207.00	207.00	206.00	206.00	205.00	205.00	204.00	204.00	204.00	203.00	203.00	203.00	203.00	202.00	202.00	201.00	201.00	201.00	200.00	200.00	200.00	200.00	199.00	199.00	199.00	199.00	199.00	199.00	199.00	199.00	199.00	199.00	199.00	199.00	199.00	199.00	200.00	200.00	200.00	200.00	200.00	200.00	200.00	201.00	201.00	202.00	203.00	204.00	204.00	205.00	206.00	206.00	207.00	207.00	208.00	209.00	209.00	210.00	211.00	211.00	211.00	213.00	213.00	214.00	215.00	215.00	217.00	218.00	219.00	219.00	221.00	221.00	222.00	223.00	223.00	224.00	225.00	225.00	226.00	227.00	227.00	228.00	229.00	229.00	230.00	230.00	230.00	231.00	231.00	232.00	232.00	233.00	233.00	234.00	235.00	235.00	236.00	236.00	236.00	236.00	237.00	237.00	237.00	237.00	237.00	237.00	237.00	237.00	238.00	238.00	238.00	239.00	239.00	239.00	240.00	240.00	240.00	240.00	240.00	240.00	240.00	240.00	240.00	240.00	240.00	240.00	240.00	240.00	240.00	240.00	240.00	240.00	240.00	240.00	239.00	239.00	239.00	238.00	238.00	238.00	237.00	237.00	237.00	236.00	236.00	236.00	235.00	235.00	234.00	234.00	234.00	233.00	232.00	232.00	232.00	231.00	231.00	231.00	230.00	230.00	229.00	229.00	228.00	228.00	227.00	227.00	226.00	225.00	225.00	224.00	224.00	224.00	223.00	222.00	222.00
171.00	172.00	172.00	172.00	173.00	173.00	173.00	174.00	174.00	175.00	176.00	176.00	177.00	178.00	179.00	179.00	180.00	180.00	181.00	183.00	183.00	184.00	184.00	187.00																																																218.00	218.00	218.00	217.00	217.00	217.00	217.00	216.00	216.00	215.00	215.00	215.00	214.00	214.00	214.00	213.00	213.00	213.00	212.00	212.00	212.00	212.00	212.00	212.00	211.00	211.00	211.00	211.00	211.00	211.00	211.00	211.00	211.00	210.00	210.00	210.00	210.00	210.00	210.00	209.00	209.00	210.00	211.00	211.00	211.00	211.00	212.00	212.00	213.00	213.00	214.00	214.00	214.00	215.00	215.00	216.00	216.00	217.00	217.00	218.00	220.00	220.00	221.00	221.00	222.00	224.00	224.00	225.00	227.00	228.00	228.00	229.00	229.00	231.00	232.00	232.00	234.00	235.00	236.00	236.00	237.00	237.00	239.00	240.00	240.00	241.00	242.00	242.00	243.00	245.00	245.00	246.00	247.00	247.00	248.00	249.00	249.00	249.00	249.00	249.00	249.00	249.00	249.00	249.00	249.00	249.00	249.00	249.00	250.00	250.00	250.00	250.00	250.00	250.00	250.00	250.00	250.00	249.00	249.00	249.00	249.00	248.00	248.00	248.00	248.00	248.00	247.00	247.00	247.00	247.00	247.00	246.00	246.00	246.00	246.00	246.00	246.00	246.00	245.00	245.00	244.00	244.00	244.00	244.00	243.00	243.00	243.00	242.00	242.00	242.00	241.00	241.00	241.00	240.00	240.00	240.00	239.00	239.00	239.00	238.00	238.00	238.00	237.00	237.00	237.00	236.00	236.00	236.00	235.00	235.00	234.00	234.00	233.00	233.00	232.00	232.00	231.00	230.00	230.00	230.00	230.00	229.00	228.00	227.00	227.00
171.00	172.00	172.00	172.00	173.00	173.00	173.00	174.00	174.00	175.00	176.00	176.00	177.00	178.00	179.00	179.00	180.00	180.00	181.00	183.00	183.00	184.00	184.00	187.00																																																218.00	218.00	218.00	217.00	217.00	217.00	217.00	216.00	216.00	215.00	215.00	215.00	214.00	214.00	214.00	213.00	213.00	213.00	212.00	212.00	212.00	212.00	212.00	212.00	211.00	211.00	211.00	211.00	211.00	211.00	211.00	211.00	211.00	210.00	210.00	210.00	210.00	210.00	210.00	209.00	209.00	210.00	211.00	211.00	211.00	211.00	212.00	212.00	213.00	213.00	214.00	214.00	214.00	215.00	215.00	216.00	216.00	217.00	217.00	218.00	220.00	220.00	221.00	221.00	222.00	224.00	224.00	225.00	227.00	228.00	228.00	229.00	229.00	231.00	232.00	232.00	234.00	235.00	236.00	236.00	237.00	237.00	239.00	240.00	240.00	241.00	242.00	242.00	243.00	245.00	245.00	246.00	247.00	247.00	248.00	249.00	249.00	249.00	249.00	249.00	249.00	249.00	249.00	249.00	249.00	249.00	249.00	249.00	250.00	250.00	250.00	250.00	250.00	250.00	250.00	250.00	250.00	249.00	249.00	249.00	249.00	248.00	248.00	248.00	248.00	248.00	247.00	247.00	247.00	247.00	247.00	246.00	246.00	246.00	246.00	246.00	246.00	246.00	245.00	245.00	244.00	244.00	244.00	244.00	243.00	243.00	243.00	242.00	242.00	242.00	241.00	241.00	241.00	240.00	240.00	240.00	239.00	239.00	239.00	238.00	238.00	238.00	237.00	237.00	237.00	236.00	236.00	236.00	235.00	235.00	234.00	234.00	233.00	233.00	232.00	232.00	231.00	230.00	230.00	230.00	230.00	229.00	228.00	227.00	227.00
171.00	172.00	172.00	172.00	173.00	173.00	173.00	174.00	174.00	175.00	176.00	176.00	177.00	178.00	179.00	179.00	180.00	180.00	181.00	183.00	183.00	184.00	184.00	187.00																																																218.00	218.00	218.00	217.00	217.00	217.00	217.00	216.00	216.00	215.00	215.00	215.00	214.00	214.00	214.00	213.00	213.00	213.00	212.00	212.00	212.00	212.00	212.00	212.00	211.00	211.00	211.00	211.00	211.00	211.00	211.00	211.00	211.00	210.00	210.00	210.00	210.00	210.00	210.00	209.00	209.00	210.00	211.00	211.00	211.00	211.00	212.00	212.00	213.00	213.00	214.00	214.00	214.00	215.00	215.00	216.00	216.00	217.00	217.00	218.00	220.00	220.00	221.00	221.00	222.00	224.00	224.00	225.00	227.00	228.00	228.00	229.00	229.00	231.00	232.00	232.00	234.00	235.00	236.00	236.00	237.00	237.00	239.00	240.00	240.00	241.00	242.00	242.00	243.00	245.00	245.00	246.00	247.00	247.00	248.00	249.00	249.00	249.00	249.00	249.00	249.00	249.00	249.00	249.00	249.00	249.00	249.00	249.00	250.00	250.00	250.00	250.00	250.00	250.00	250.00	250.00	250.00	249.00	249.00	249.00	249.00	248.00	248.00	248.00	248.00	248.00	247.00	247.00	247.00	247.00	247.00	246.00	246.00	246.00	246.00	246.00	246.00	246.00	245.00	245.00	244.00	244.00	244.00	244.00	243.00	243.00	243.00	242.00	242.00	242.00	241.00	241.00	241.00	240.00	240.00	240.00	239.00	239.00	239.00	238.00	238.00	238.00	237.00	237.00	237.00	236.00	236.00	236.00	235.00	235.00	234.00	234.00	233.00	233.00	232.00	232.00	231.00	230.00	230.00	230.00	230.00	229.00	228.00	227.00	227.00
171.00	172.00	172.00	172.00	173.00	173.00	173.00	174.00	174.00	175.00	176.00	176.00	177.00	178.00	179.00	179.00	180.00	180.00	181.00	183.00	183.00	184.00	184.00	187.00																																																218.00	218.00	218.00	217.00	217.00	217.00	217.00	216.00	216.00	215.00	215.00	215.00	214.00	214.00	214.00	213.00	213.00	213.00	212.00	212.00	212.00	212.00	212.00	212.00	211.00	211.00	211.00	211.00	211.00	211.00	211.00	211.00	211.00	210.00	210.00	210.00	210.00	210.00	210.00	209.00	209.00	210.00	211.00	211.00	211.00	211.00	212.00	212.00	213.00	213.00	214.00	214.00	214.00	215.00	215.00	216.00	216.00	217.00	217.00	218.00	220.00	220.00	221.00	221.00	222.00	224.00	224.00	225.00	227.00	228.00	228.00	229.00	229.00	231.00	232.00	232.00	234.00	235.00	236.00	236.00	237.00	237.00	239.00	240.00	240.00	241.00	242.00	242.00	243.00	245.00	245.00	246.00	247.00	247.00	248.00	249.00	249.00	249.00	249.00	249.00	249.00	249.00	249.00	249.00	249.00	249.00	249.00	249.00	250.00	250.00	250.00	250.00	250.00	250.00	250.00	250.00	250.00	249.00	249.00	249.00	249.00	248.00	248.00	248.00	248.00	248.00	247.00	247.00	247.00	247.00	247.00	246.00	246.00	246.00	246.00	246.00	246.00	246.00	245.00	245.00	244.00	244.00	244.00	244.00	243.00	243.00	243.00	242.00	242.00	242.00	241.00	241.00	241.00	240.00	240.00	240.00	239.00	239.00	239.00	238.00	238.00	238.00	237.00	237.00	237.00	236.00	236.00	236.00	235.00	235.00	234.00	234.00	233.00	233.00	232.00	232.00	231.00	230.00	230.00	230.00	230.00	229.00	228.00	227.00	227.00
171.00	172.00	172.00	172.00	173.00	173.00	173.00	174.00	174.00	175.00	176.00	176.00	177.00	178.00	179.00	179.00	180.00	180.00	181.00	183.00	183.00	184.00	184.00	187.00																																																218.00	218.00	218.00	217.00	217.00	217.00	217.00	216.00	216.00	215.00	215.00	215.00	214.00	214.00	214.00	213.00	213.00	213.00	212.00	212.00	212.00	212.00	212.00	212.00	211.00	211.00	211.00	211.00	211.00	211.00	211.00	211.00	211.00	210.00	210.00	210.00	210.00	210.00	210.00	209.00	209.00	210.00	211.00	211.00	211.00	211.00	212.00	212.00	213.00	213.00	214.00	214.00	214.00	215.00	215.00	216.00	216.00	217.00	217.00	218.00	220.00	220.00	221.00	221.00	222.00	224.00	224.00	225.00	227.00	228.00	228.00	229.00	229.00	231.00	232.00	232.00	234.00	235.00	236.00	236.00	237.00	237.00	239.00	240.00	240.00	241.00	242.00	242.00	243.00	245.00	245.00	246.00	247.00	247.00	248.00	249.00	249.00	249.00	249.00	249.00	249.00	249.00	249.00	249.00	249.00	249.00	249.00	249.00	250.00	250.00	250.00	250.00	250.00	250.00	250.00	250.00	250.00	249.00	249.00	249.00	249.00	248.00	248.00	248.00	248.00	248.00	247.00	247.00	247.00	247.00	247.00	246.00	246.00	246.00	246.00	246.00	246.00	246.00	245.00	245.00	244.00	244.00	244.00	244.00	243.00	243.00	243.00	242.00	242.00	242.00	241.00	241.00	241.00	240.00	240.00	240.00	239.00	239.00	239.00	238.00	238.00	238.00	237.00	237.00	237.00	236.00	236.00	236.00	235.00	235.00	234.00	234.00	233.00	233.00	232.00	232.00	231.00	230.00	230.00	230.00	230.00	229.00	228.00	227.00	227.00
171.00	172.00	172.00	172.00	173.00	173.00	173.00	174.00	174.00	175.00	176.00	176.00	177.00	178.00	179.00	179.00	180.00	180.00	181.00	183.00	183.00	184.00	184.00	187.00																																																218.00	218.00	218.00	217.00	217.00	217.00	217.00	216.00	216.00	215.00	215.00	215.00	214.00	214.00	214.00	213.00	213.00	213.00	212.00	212.00	212.00	212.00	212.00	212.00	211.00	211.00	211.00	211.00	211.00	211.00	211.00	211.00	211.00	210.00	210.00	210.00	210.00	210.00	210.00	209.00	209.00	210.00	211.00	211.00	211.00	211.00	212.00	212.00	213.00	213.00	214.00	214.00	214.00	215.00	215.00	216.00	216.00	217.00	217.00	218.00	220.00	220.00	221.00	221.00	222.00	224.00	224.00	225.00	227.00	228.00	228.00	229.00	229.00	231.00	232.00	232.00	234.00	235.00	236.00	236.00	237.00	237.00	239.00	240.00	240.00	241.00	242.00	242.00	243.00	245.00	245.00	246.00	247.00	247.00	248.00	249.00	249.00	249.00	249.00	249.00	249.00	249.00	249.00	249.00	249.00	249.00	249.00	249.00	250.00	250.00	250.00	250.00	250.00	250.00	250.00	250.00	250.00	249.00	249.00	249.00	249.00	248.00	248.00	248.00	248.00	248.00	247.00	247.00	247.00	247.00	247.00	246.00	246.00	246.00	246.00	246.00	246.00	246.00	245.00	245.00	244.00	244.00	244.00	244.00	243.00	243.00	243.00	242.00	242.00	242.00	241.00	241.00	241.00	240.00	240.00	240.00	239.00	239.00	239.00	238.00	238.00	238.00	237.00	237.00	237.00	236.00	236.00	236.00	235.00	235.00	234.00	234.00	233.00	233.00	232.00	232.00	231.00	230.00	230.00	230.00	230.00	229.00	228.00	227.00	227.00
171.00	172.00	172.00	172.00	173.00	173.00	173.00	174.00	174.00	175.00	176.00	176.00	177.00	178.00	179.00	179.00	180.00	180.00	181.00	183.00	183.00	184.00	184.00	187.00	187.00	188.00	188.00	189.00	190.00	190.00																																					219.00	219.00	219.00	219.00	219.00	218.00	218.00	218.00	217.00	217.00	217.00	217.00	216.00	216.00	215.00	215.00	215.00	214.00	214.00	214.00	213.00	213.00	213.00	212.00	212.00	212.00	212.00	212.00	212.00	211.00	211.00	211.00	211.00	211.00	211.00	211.00	211.00	211.00	210.00	210.00	210.00	210.00	210.00	210.00	209.00	209.00	210.00	211.00	211.00	211.00	211.00	212.00	212.00	213.00	213.00	214.00	214.00	214.00	215.00	215.00	216.00	216.00	217.00	217.00	218.00	220.00	220.00	221.00	221.00	222.00	224.00	224.00	225.00	227.00	228.00	228.00	229.00	229.00	231.00	232.00	232.00	234.00	235.00	236.00	236.00	237.00	237.00	239.00	240.00	240.00	241.00	242.00	242.00	243.00	245.00	245.00	246.00	247.00	247.00	248.00	249.00	249.00	249.00	249.00	249.00	249.00	249.00	249.00	249.00	249.00	249.00	249.00	249.00	250.00	250.00	250.00	250.00	250.00	250.00	250.00	250.00	250.00	249.00	249.00	249.00	249.00	248.00	248.00	248.00	248.00	248.00	247.00	247.00	247.00	247.00	247.00	246.00	246.00	246.00	246.00	246.00	246.00	246.00	245.00	245.00	244.00	244.00	244.00	244.00	243.00	243.00	243.00	242.00	242.00	242.00	241.00	241.00	241.00	240.00	240.00	240.00	239.00	239.00	239.00	238.00	238.00	238.00	237.00	237.00	237.00	236.00	236.00	236.00	235.00	235.00	234.00	234.00	233.00	233.00	232.00	232.00	231.00	230.00	230.00	230.00	230.00	229.00	228.00	227.00	227.00
171.00	172.00	172.00	172.00	173.00	173.00	173.00	174.00	174.00	175.00	176.00	176.00	177.00	178.00	179.00	179.00	180.00	180.00	181.00	183.00	183.00	184.00	184.00	187.00	187.00	188.00	188.00	189.00	190.00	190.00																																					219.00	219.00	219.00	219.00	219.00	218.00	218.00	218.00	217.00	217.00	217.00	217.00	216.00	216.00	215.00	215.00	215.00	214.00	214.00	214.00	213.00	213.00	213.00	212.00	212.00	212.00	212.00	212.00	212.00	211.00	211.00	211.00	211.00	211.00	211.00	211.00	211.00	211.00	210.00	210.00	210.00	210.00	210.00	210.00	209.00	209.00	210.00	211.00	211.00	211.00	211.00	212.00	212.00	213.00	213.00	214.00	214.00	214.00	215.00	215.00	216.00	216.00	217.00	217.00	218.00	220.00	220.00	221.00	221.00	222.00	224.00	224.00	225.00	227.00	228.00	228.00	229.00	229.00	231.00	232.00	232.00	234.00	235.00	236.00	236.00	237.00	237.00	239.00	240.00	240.00	241.00	242.00	242.00	243.00	245.00	245.00	246.00	247.00	247.00	248.00	249.00	249.00	249.00	249.00	249.00	249.00	249.00	249.00	249.00	249.00	249.00	249.00	249.00	250.00	250.00	250.00	250.00	250.00	250.00	250.00	250.00	250.00	249.00	249.00	249.00	249.00	248.00	248.00	248.00	248.00	248.00	247.00	247.00	247.00	247.00	247.00	246.00	246.00	246.00	246.00	246.00	246.00	246.00	245.00	245.00	244.00	244.00	244.00	244.00	243.00	243.00	243.00	242.00	242.00	242.00	241.00	241.00	241.00	240.00	240.00	240.00	239.00	239.00	239.00	238.00	238.00	238.00	237.00	237.00	237.00	236.00	236.00	236.00	235.00	235.00	234.00	234.00	233.00	233.00	232.00	232.00	231.00	230.00	230.00	230.00	230.00	229.00	228.00	227.00	227.00
171.00	172.00	172.00	172.00	173.00	173.00	173.00	174.00	174.00	175.00	176.00	176.00	177.00	178.00	179.00	179.00	180.00	180.00	181.00	183.00	183.00	184.00	184.00	187.00	187.00	188.00	188.00	189.00	190.00	190.00																																					219.00	219.00	219.00	219.00	219.00	218.00	218.00	218.00	217.00	217.00	217.00	217.00	216.00	216.00	215.00	215.00	215.00	214.00	214.00	214.00	213.00	213.00	213.00	212.00	212.00	212.00	212.00	212.00	212.00	211.00	211.00	211.00	211.00	211.00	211.00	211.00	211.00	211.00	210.00	210.00	210.00	210.00	210.00	210.00	209.00	209.00	210.00	211.00	211.00	211.00	211.00	212.00	212.00	213.00	213.00	214.00	214.00	214.00	215.00	215.00	216.00	216.00	217.00	217.00	218.00	220.00	220.00	221.00	221.00	222.00	224.00	224.00	225.00	227.00	228.00	228.00	229.00	229.00	231.00	232.00	232.00	234.00	235.00	236.00	236.00	237.00	237.00	239.00	240.00	240.00	241.00	242.00	242.00	243.00	245.00	245.00	246.00	247.00	247.00	248.00	249.00	249.00	249.00	249.00	249.00	249.00	249.00	249.00	249.00	249.00	249.00	249.00	249.00	250.00	250.00	250.00	250.00	250.00	250.00	250.00	250.00	250.00	249.00	249.00	249.00	249.00	248.00	248.00	248.00	248.00	248.00	247.00	247.00	247.00	247.00	247.00	246.00	246.00	246.00	246.00	246.00	246.00	246.00	245.00	245.00	244.00	244.00	244.00	244.00	243.00	243.00	243.00	242.00	242.00	242.00	241.00	241.00	241.00	240.00	240.00	240.00	239.00	239.00	239.00	238.00	238.00	238.00	237.00	237.00	237.00	236.00	236.00	236.00	235.00	235.00	234.00	234.00	233.00	233.00	232.00	232.00	231.00	230.00	230.00	230.00	230.00	229.00	228.00	227.00	227.00
171.00	172.00	172.00	172.00	173.00	173.00	173.00	174.00	174.00	175.00	176.00	176.00	177.00	178.00	179.00	179.00	180.00	180.00	181.00	183.00	183.00	184.00	184.00	187.00	187.00	188.00	188.00	189.00	190.00	190.00																																					219.00	219.00	219.00	219.00	219.00	218.00	218.00	218.00	217.00	217.00	217.00	217.00	216.00	216.00	215.00	215.00	215.00	214.00	214.00	214.00	213.00	213.00	213.00	212.00	212.00	212.00	212.00	212.00	212.00	211.00	211.00	211.00	211.00	211.00	211.00	211.00	211.00	211.00	210.00	210.00	210.00	210.00	210.00	210.00	209.00	209.00	210.00	211.00	211.00	211.00	211.00	212.00	212.00	213.00	213.00	214.00	214.00	214.00	215.00	215.00	216.00	216.00	217.00	217.00	218.00	220.00	220.00	221.00	221.00	222.00	224.00	224.00	225.00	227.00	228.00	228.00	229.00	229.00	231.00	232.00	232.00	234.00	235.00	236.00	236.00	237.00	237.00	239.00	240.00	240.00	241.00	242.00	242.00	243.00	245.00	245.00	246.00	247.00	247.00	248.00	249.00	249.00	249.00	249.00	249.00	249.00	249.00	249.00	249.00	249.00	249.00	249.00	249.00	250.00	250.00	250.00	250.00	250.00	250.00	250.00	250.00	250.00	249.00	249.00	249.00	249.00	248.00	248.00	248.00	248.00	248.00	247.00	247.00	247.00	247.00	247.00	246.00	246.00	246.00	246.00	246.00	246.00	246.00	245.00	245.00	244.00	244.00	244.00	244.00	243.00	243.00	243.00	242.00	242.00	242.00	241.00	241.00	241.00	240.00	240.00	240.00	239.00	239.00	239.00	238.00	238.00	238.00	237.00	237.00	237.00	236.00	236.00	236.00	235.00	235.00	234.00	234.00	233.00	233.00	232.00	232.00	231.00	230.00	230.00	230.00	230.00	229.00	228.00	227.00	227.00
171.00	172.00	172.00	172.00	173.00	173.00	173.00	174.00	174.00	175.00	176.00	176.00	177.00	178.00	179.00	179.00	180.00	180.00	181.00	183.00	183.00	184.00	184.00	187.00	187.00	188.00	188.00	189.00	190.00	190.00																																					219.00	219.00	219.00	219.00	219.00	218.00	218.00	218.00	217.00	217.00	217.00	217.00	216.00	216.00	215.00	215.00	215.00	214.00	214.00	214.00	213.00	213.00	213.00	212.00	212.00	212.00	212.00	212.00	212.00	211.00	211.00	211.00	211.00	211.00	211.00	211.00	211.00	211.00	210.00	210.00	210.00	210.00	210.00	210.00	209.00	209.00	210.00	211.00	211.00	211.00	211.00	212.00	212.00	213.00	213.00	214.00	214.00	214.00	215.00	215.00	216.00	216.00	217.00	217.00	218.00	220.00	220.00	221.00	221.00	222.00	224.00	224.00	225.00	227.00	228.00	228.00	229.00	229.00	231.00	232.00	232.00	234.00	235.00	236.00	236.00	237.00	237.00	239.00	240.00	240.00	241.00	242.00	242.00	243.00	245.00	245.00	246.00	247.00	247.00	248.00	249.00	249.00	249.00	249.00	249.00	249.00	249.00	249.00	249.00	249.00	249.00	249.00	249.00	250.00	250.00	250.00	250.00	250.00	250.00	250.00	250.00	250.00	249.00	249.00	249.00	249.00	248.00	248.00	248.00	248.00	248.00	247.00	247.00	247.00	247.00	247.00	246.00	246.00	246.00	246.00	246.00	246.00	246.00	245.00	245.00	244.00	244.00	244.00	244.00	243.00	243.00	243.00	242.00	242.00	242.00	241.00	241.00	241.00	240.00	240.00	240.00	239.00	239.00	239.00	238.00	238.00	238.00	237.00	237.00	237.00	236.00	236.00	236.00	235.00	235.00	234.00	234.00	233.00	233.00	232.00	232.00	231.00	230.00	230.00	230.00	230.00	229.00	228.00	227.00	227.00
171.00	172.00	172.00	172.00	173.00	173.00	173.00	174.00	174.00	175.00	176.00	176.00	177.00	178.00	179.00	179.00	180.00	180.00	181.00	183.00	183.00	184.00	184.00	187.00	187.00	188.00	188.00	189.00	190.00	190.00																																					219.00	219.00	219.00	219.00	219.00	218.00	218.00	218.00	217.00	217.00	217.00	217.00	216.00	216.00	215.00	215.00	215.00	214.00	214.00	214.00	213.00	213.00	213.00	212.00	212.00	212.00	212.00	212.00	212.00	211.00	211.00	211.00	211.00	211.00	211.00	211.00	211.00	211.00	210.00	210.00	210.00	210.00	210.00	210.00	209.00	209.00	210.00	211.00	211.00	211.00	211.00	212.00	212.00	213.00	213.00	214.00	214.00	214.00	215.00	215.00	216.00	216.00	217.00	217.00	218.00	220.00	220.00	221.00	221.00	222.00	224.00	224.00	225.00	227.00	228.00	228.00	229.00	229.00	231.00	232.00	232.00	234.00	235.00	236.00	236.00	237.00	237.00	239.00	240.00	240.00	241.00	242.00	242.00	243.00	245.00	245.00	246.00	247.00	247.00	248.00	249.00	249.00	249.00	249.00	249.00	249.00	249.00	249.00	249.00	249.00	249.00	249.00	249.00	250.00	250.00	250.00	250.00	250.00	250.00	250.00	250.00	250.00	249.00	249.00	249.00	249.00	248.00	248.00	248.00	248.00	248.00	247.00	247.00	247.00	247.00	247.00	246.00	246.00	246.00	246.00	246.00	246.00	246.00	245.00	245.00	244.00	244.00	244.00	244.00	243.00	243.00	243.00	242.00	242.00	242.00	241.00	241.00	241.00	240.00	240.00	240.00	239.00	239.00	239.00	238.00	238.00	238.00	237.00	237.00	237.00	236.00	236.00	236.00	235.00	235.00	234.00	234.00	233.00	233.00	232.00	232.00	231.00	230.00	230.00	230.00	230.00	229.00	228.00	227.00	227.00
170.00	171.00	171.00	171.00	171.00	172.00	172.00	173.00	173.00	175.00	176.00	176.00	177.00	179.00	180.00	180.00	181.00	181.00	183.00	185.00	185.00	186.00	186.00	189.00	189.00	191.00	191.00	192.00	194.00	194.00	195.00	195.00	197.00	198.00	200.00	200.00	202.00	203.00	203.00	205.00	205.00	207.00	210.00	210.00	212.00	214.00	217.00	217.00	219.00	219.00	221.00	223.00	223.00	224.00	225.00	226.00	226.00	226.00	226.00	226.00	226.00	226.00	225.00	225.00	224.00	224.00	223.00	223.00	223.00	223.00	223.00	222.00	222.00	222.00	222.00	222.00	222.00	222.00	222.00	222.00	222.00	222.00	222.00	222.00	222.00	223.00	223.00	223.00	223.00	223.00	223.00	223.00	223.00	223.00	223.00	223.00	223.00	223.00	223.00	223.00	223.00	223.00	223.00	224.00	224.00	224.00	224.00	225.00	225.00	225.00	225.00	225.00	226.00	226.00	226.00	226.00	226.00	227.00	227.00	228.00	228.00	229.00	230.00	230.00	231.00	231.00	232.00	233.00	234.00	234.00	235.00	236.00	236.00	238.00	238.00	239.00	240.00	240.00	241.00	243.00	244.00	244.00	246.00	246.00	247.00	248.00	248.00	250.00	251.00	252.00	252.00	253.00	253.00	255.00	256.00	256.00	256.00	257.00	257.00	258.00	258.00	258.00	259.00	260.00	260.00	260.00	261.00	261.00	261.00	261.00	261.00	262.00	262.00	262.00	262.00	262.00	262.00	261.00	261.00	261.00	261.00	260.00	260.00	260.00	259.00	259.00	259.00	259.00	258.00	258.00	257.00	257.00	257.00	256.00	256.00	256.00	256.00	256.00	255.00	255.00	255.00	255.00	254.00	254.00	254.00	254.00	253.00	253.00	253.00	252.00	252.00	251.00	251.00	250.00	250.00	250.00	249.00	249.00	249.00	249.00	248.00	248.00	247.00	247.00	247.00	246.00	246.00	246.00	246.00	245.00	244.00	244.00	243.00	243.00	242.00	242.00	241.00	241.00	241.00	240.00	240.00	239.00	239.00	238.00	238.00	237.00	237.00	237.00	236.00	236.00	235.00	235.00	234.00	233.00	233.00	233.00
170.00	171.00	171.00	171.00	171.00	172.00	172.00	173.00	173.00	175.00	176.00	176.00	177.00	179.00	180.00	180.00	181.00	181.00	183.00	185.00	185.00	186.00	186.00	189.00	189.00	191.00	191.00	192.00	194.00	194.00	195.00	195.00	197.00	198.00	200.00	200.00	202.00	203.00	203.00	205.00	205.00	207.00	210.00	210.00	212.00	214.00	217.00	217.00	219.00	219.00	221.00	223.00	223.00	224.00	225.00	226.00	226.00	226.00	226.00	226.00	226.00	226.00	225.00	225.00	224.00	224.00	223.00	223.00	223.00	223.00	223.00	222.00	222.00	222.00	222.00	222.00	222.00	222.00	222.00	222.00	222.00	222.00	222.00	222.00	222.00	223.00	223.00	223.00	223.00	223.00	223.00	223.00	223.00	223.00	223.00	223.00	223.00	223.00	223.00	223.00	223.00	223.00	223.00	224.00	224.00	224.00	224.00	225.00	225.00	225.00	225.00	225.00	226.00	226.00	226.00	226.00	226.00	227.00	227.00	228.00	228.00	229.00	230.00	230.00	231.00	231.00	232.00	233.00	234.00	234.00	235.00	236.00	236.00	238.00	238.00	239.00	240.00	240.00	241.00	243.00	244.00	244.00	246.00	246.00	247.00	248.00	248.00	250.00	251.00	252.00	252.00	253.00	253.00	255.00	256.00	256.00	256.00	257.00	257.00	258.00	258.00	258.00	259.00	260.00	260.00	260.00	261.00	261.00	261.00	261.00	261.00	262.00	262.00	262.00	262.00	262.00	262.00	261.00	261.00	261.00	261.00	260.00	260.00	260.00	259.00	259.00	259.00	259.00	258.00	258.00	257.00	257.00	257.00	256.00	256.00	256.00	256.00	256.00	255.00	255.00	255.00	255.00	254.00	254.00	254.00	254.00	253.00	253.00	253.00	252.00	252.00	251.00	251.00	250.00	250.00	250.00	249.00	249.00	249.00	249.00	248.00	248.00	247.00	247.00	247.00	246.00	246.00	246.00	246.00	245.00	244.00	244.00	243.00	243.00	242.00	242.00	241.00	241.00	241.00	240.00	240.00	239.00	239.00	238.00	238.00	237.00	237.00	237.00	236.00	236.00	235.00	235.00	234.00	233.00	233.00	233.00
170.00	171.00	171.00	171.00	171.00	172.00	172.00	173.00	173.00	175.00	176.00	176.00	177.00	179.00	180.00	180.00	181.00	181.00	183.00	185.00	185.00	186.00	186.00	189.00	189.00	191.00	191.00	192.00	194.00	194.00	195.00	195.00	197.00	198.00	200.00	200.00	202.00	203.00	203.00	205.00	205.00	207.00	210.00	210.00	212.00	214.00	217.00	217.00	219.00	219.00	221.00	223.00	223.00	224.00	225.00	226.00	226.00	226.00	226.00	226.00	226.00	226.00	225.00	225.00	224.00	224.00	223.00	223.00	223.00	223.00	223.00	222.00	222.00	222.00	222.00	222.00	222.00	222.00	222.00	222.00	222.00	222.00	222.00	222.00	222.00	223.00	223.00	223.00	223.00	223.00	223.00	223.00	223.00	223.00	223.00	223.00	223.00	223.00	223.00	223.00	223.00	223.00	223.00	224.00	224.00	224.00	224.00	225.00	225.00	225.00	225.00	225.00	226.00	226.00	226.00	226.00	226.00	227.00	227.00	228.00	228.00	229.00	230.00	230.00	231.00	231.00	232.00	233.00	234.00	234.00	235.00	236.00	236.00	238.00	238.00	239.00	240.00	240.00	241.00	243.00	244.00	244.00	246.00	246.00	247.00	248.00	248.00	250.00	251.00	252.00	252.00	253.00	253.00	255.00	256.00	256.00	256.00	257.00	257.00	258.00	258.00	258.00	259.00	260.00	260.00	260.00	261.00	261.00	261.00	261.00	261.00	262.00	262.00	262.00	262.00	262.00	262.00	261.00	261.00	261.00	261.00	260.00	260.00	260.00	259.00	259.00	259.00	259.00	258.00	258.00	257.00	257.00	257.00	256.00	256.00	256.00	256.00	256.00	255.00	255.00	255.00	255.00	254.00	254.00	254.00	254.00	253.00	253.00	253.00	252.00	252.00	251.00	251.00	250.00	250.00	250.00	249.00	249.00	249.00	249.00	248.00	248.00	247.00	247.00	247.00	246.00	246.00	246.00	246.00	245.00	244.00	244.00	243.00	243.00	242.00	242.00	241.00	241.00	241.00	240.00	240.00	239.00	239.00	238.00	238.00	237.00	237.00	237.00	236.00	236.00	235.00	235.00	234.00	233.00	233.00	233.00
170.00	171.00	171.00	171.00	171.00	172.00	172.00	173.00	173.00	175.00	176.00	176.00	177.00	179.00	180.00	180.00	181.00	181.00	183.00	185.00	185.00	186.00	186.00	189.00	189.00	191.00	191.00	192.00	194.00	194.00	195.00	195.00	197.00	198.00	200.00	200.00	202.00	203.00	203.00	205.00	205.00	207.00	210.00	210.00	212.00	214.00	217.00	217.00	219.00	219.00	221.00	223.00	223.00	224.00	225.00	226.00	226.00	226.00	226.00	226.00	226.00	226.00	225.00	225.00	224.00	224.00	223.00	223.00	223.00	223.00	223.00	222.00	222.00	222.00	222.00	222.00	222.00	222.00	222.00	222.00	222.00	222.00	222.00	222.00	222.00	223.00	223.00	223.00	223.00	223.00	223.00	223.00	223.00	223.00	223.00	223.00	223.00	223.00	223.00	223.00	223.00	223.00	223.00	224.00	224.00	224.00	224.00	225.00	225.00	225.00	225.00	225.00	226.00	226.00	226.00	226.00	226.00	227.00	227.00	228.00	228.00	229.00	230.00	230.00	231.00	231.00	232.00	233.00	234.00	234.00	235.00	236.00	236.00	238.00	238.00	239.00	240.00	240.00	241.00	243.00	244.00	244.00	246.00	246.00	247.00	248.00	248.00	250.00	251.00	252.00	252.00	253.00	253.00	255.00	256.00	256.00	256.00	257.00	257.00	258.00	258.00	258.00	259.00	260.00	260.00	260.00	261.00	261.00	261.00	261.00	261.00	262.00	262.00	262.00	262.00	262.00	262.00	261.00	261.00	261.00	261.00	260.00	260.00	260.00	259.00	259.00	259.00	259.00	258.00	258.00	257.00	257.00	257.00	256.00	256.00	256.00	256.00	256.00	255.00	255.00	255.00	255.00	254.00	254.00	254.00	254.00	253.00	253.00	253.00	252.00	252.00	251.00	251.00	250.00	250.00	250.00	249.00	249.00	249.00	249.00	248.00	248.00	247.00	247.00	247.00	246.00	246.00	246.00	246.00	245.00	244.00	244.00	243.00	243.00	242.00	242.00	241.00	241.00	241.00	240.00	240.00	239.00	239.00	238.00	238.00	237.00	237.00	237.00	236.00	236.00	235.00	235.00	234.00	233.00	233.00	233.00
170.00	171.00	171.00	171.00	171.00	172.00	172.00	173.00	173.00	175.00	176.00	176.00	177.00	179.00	180.00	180.00	181.00	181.00	183.00	185.00	185.00	186.00	186.00	189.00	189.00	191.00	191.00	192.00	194.00	194.00	195.00	195.00	197.00	198.00	200.00	200.00	202.00	203.00	203.00	205.00	205.00	207.00	210.00	210.00	212.00	214.00	217.00	217.00	219.00	219.00	221.00	223.00	223.00	224.00	225.00	226.00	226.00	226.00	226.00	226.00	226.00	226.00	225.00	225.00	224.00	224.00	223.00	223.00	223.00	223.00	223.00	222.00	222.00	222.00	222.00	222.00	222.00	222.00	222.00	222.00	222.00	222.00	222.00	222.00	222.00	223.00	223.00	223.00	223.00	223.00	223.00	223.00	223.00	223.00	223.00	223.00	223.00	223.00	223.00	223.00	223.00	223.00	223.00	224.00	224.00	224.00	224.00	225.00	225.00	225.00	225.00	225.00	226.00	226.00	226.00	226.00	226.00	227.00	227.00	228.00	228.00	229.00	230.00	230.00	231.00	231.00	232.00	233.00	234.00	234.00	235.00	236.00	236.00	238.00	238.00	239.00	240.00	240.00	241.00	243.00	244.00	244.00	246.00	246.00	247.00	248.00	248.00	250.00	251.00	252.00	252.00	253.00	253.00	255.00	256.00	256.00	256.00	257.00	257.00	258.00	258.00	258.00	259.00	260.00	260.00	260.00	261.00	261.00	261.00	261.00	261.00	262.00	262.00	262.00	262.00	262.00	262.00	261.00	261.00	261.00	261.00	260.00	260.00	260.00	259.00	259.00	259.00	259.00	258.00	258.00	257.00	257.00	257.00	256.00	256.00	256.00	256.00	256.00	255.00	255.00	255.00	255.00	254.00	254.00	254.00	254.00	253.00	253.00	253.00	252.00	252.00	251.00	251.00	250.00	250.00	250.00	249.00	249.00	249.00	249.00	248.00	248.00	247.00	247.00	247.00	246.00	246.00	246.00	246.00	245.00	244.00	244.00	243.00	243.00	242.00	242.00	241.00	241.00	241.00	240.00	240.00	239.00	239.00	238.00	238.00	237.00	237.00	237.00	236.00	236.00	235.00	235.00	234.00	233.00	233.00	233.00
170.00	171.00	171.00	171.00	171.00	172.00	172.00	173.00	173.00	175.00	176.00	176.00	177.00	179.00	180.00	180.00	181.00	181.00	183.00	185.00	185.00	186.00	186.00	189.00	189.00	191.00	191.00	192.00	194.00	194.00	195.00	195.00	197.00	198.00	200.00	200.00	202.00	203.00	203.00	205.00	205.00	207.00	210.00	210.00	212.00	214.00	217.00	217.00	219.00	219.00	221.00	223.00	223.00	224.00	225.00	226.00	226.00	226.00	226.00	226.00	226.00	226.00	225.00	225.00	224.00	224.00	223.00	223.00	223.00	223.00	223.00	222.00	222.00	222.00	222.00	222.00	222.00	222.00	222.00	222.00	222.00	222.00	222.00	222.00	222.00	223.00	223.00	223.00	223.00	223.00	223.00	223.00	223.00	223.00	223.00	223.00	223.00	223.00	223.00	223.00	223.00	223.00	223.00	224.00	224.00	224.00	224.00	225.00	225.00	225.00	225.00	225.00	226.00	226.00	226.00	226.00	226.00	227.00	227.00	228.00	228.00	229.00	230.00	230.00	231.00	231.00	232.00	233.00	234.00	234.00	235.00	236.00	236.00	238.00	238.00	239.00	240.00	240.00	241.00	243.00	244.00	244.00	246.00	246.00	247.00	248.00	248.00	250.00	251.00	252.00	252.00	253.00	253.00	255.00	256.00	256.00	256.00	257.00	257.00	258.00	258.00	258.00	259.00	260.00	260.00	260.00	261.00	261.00	261.00	261.00	261.00	262.00	262.00	262.00	262.00	262.00	262.00	261.00	261.00	261.00	261.00	260.00	260.00	260.00	259.00	259.00	259.00	259.00	258.00	258.00	257.00	257.00	257.00	256.00	256.00	256.00	256.00	256.00	255.00	255.00	255.00	255.00	254.00	254.00	254.00	254.00	253.00	253.00	253.00	252.00	252.00	251.00	251.00	250.00	250.00	250.00	249.00	249.00	249.00	249.00	248.00	248.00	247.00	247.00	247.00	246.00	246.00	246.00	246.00	245.00	244.00	244.00	243.00	243.00	242.00	242.00	241.00	241.00	241.00	240.00	240.00	239.00	239.00	238.00	238.00	237.00	237.00	237.00	236.00	236.00	235.00	235.00	234.00	233.00	233.00	233.00
170.00	171.00	171.00	171.00	171.00	172.00	172.00	173.00	173.00	175.00	176.00	176.00	177.00	179.00	180.00	180.00	181.00	181.00	183.00	185.00	185.00	186.00	186.00	189.00	189.00	191.00	191.00	192.00	194.00	194.00	195.00	195.00	197.00	198.00	200.00	200.00	202.00	203.00	203.00	205.00	205.00	207.00	210.00	210.00	212.00	214.00	217.00	217.00	219.00	219.00	221.00	223.00	223.00	224.00	225.00	226.00	226.00	226.00	226.00	226.00	226.00	226.00	225.00	225.00	224.00	224.00	223.00	223.00	223.00	223.00	223.00	222.00	222.00	222.00	222.00	222.00	222.00	222.00	222.00	222.00	222.00	222.00	222.00	222.00	222.00	223.00	223.00	223.00	223.00	223.00	223.00	223.00	223.00	223.00	223.00	223.00	223.00	223.00	223.00	223.00	223.00	223.00	223.00	224.00	224.00	224.00	224.00	225.00	225.00	225.00	225.00	225.00	226.00	226.00	226.00	226.00	226.00	227.00	227.00	228.00	228.00	229.00	230.00	230.00	231.00	231.00	232.00	233.00	234.00	234.00	235.00	236.00	236.00	238.00	238.00	239.00	240.00	240.00	241.00	243.00	244.00	244.00	246.00	246.00	247.00	248.00	248.00	250.00	251.00	252.00	252.00	253.00	253.00	255.00	256.00	256.00	256.00	257.00	257.00	258.00	258.00	258.00	259.00	260.00	260.00	260.00	261.00	261.00	261.00	261.00	261.00	262.00	262.00	262.00	262.00	262.00	262.00	261.00	261.00	261.00	261.00	260.00	260.00	260.00	259.00	259.00	259.00	259.00	258.00	258.00	257.00	257.00	257.00	256.00	256.00	256.00	256.00	256.00	255.00	255.00	255.00	255.00	254.00	254.00	254.00	254.00	253.00	253.00	253.00	252.00	252.00	251.00	251.00	250.00	250.00	250.00	249.00	249.00	249.00	249.00	248.00	248.00	247.00	247.00	247.00	246.00	246.00	246.00	246.00	245.00	244.00	244.00	243.00	243.00	242.00	242.00	241.00	241.00	241.00	240.00	240.00	239.00	239.00	238.00	238.00	237.00	237.00	237.00	236.00	236.00	235.00	235.00	234.00	233.00	233.00	233.00
170.00	171.00	171.00	171.00	171.00	172.00	172.00	173.00	173.00	175.00	176.00	176.00	177.00	179.00	180.00	180.00	181.00	181.00	183.00	185.00	185.00	186.00	186.00	189.00	189.00	191.00	191.00	192.00	194.00	194.00	195.00	195.00	197.00	198.00	200.00	200.00	202.00	203.00	203.00	205.00	205.00	207.00	210.00	210.00	212.00	214.00	217.00	217.00	219.00	219.00	221.00	223.00	223.00	224.00	225.00	226.00	226.00	226.00	226.00	226.00	226.00	226.00	225.00	225.00	224.00	224.00	223.00	223.00	223.00	223.00	223.00	222.00	222.00	222.00	222.00	222.00	222.00	222.00	222.00	222.00	222.00	222.00	222.00	222.00	222.00	223.00	223.00	223.00	223.00	223.00	223.00	223.00	223.00	223.00	223.00	223.00	223.00	223.00	223.00	223.00	223.00	223.00	223.00	224.00	224.00	224.00	224.00	225.00	225.00	225.00	225.00	225.00	226.00	226.00	226.00	226.00	226.00	227.00	227.00	228.00	228.00	229.00	230.00	230.00	231.00	231.00	232.00	233.00	234.00	234.00	235.00	236.00	236.00	238.00	238.00	239.00	240.00	240.00	241.00	243.00	244.00	244.00	246.00	246.00	247.00	248.00	248.00	250.00	251.00	252.00	252.00	253.00	253.00	255.00	256.00	256.00	256.00	257.00	257.00	258.00	258.00	258.00	259.00	260.00	260.00	260.00	261.00	261.00	261.00	261.00	261.00	262.00	262.00	262.00	262.00	262.00	262.00	261.00	261.00	261.00	261.00	260.00	260.00	260.00	259.00	259.00	259.00	259.00	258.00	258.00	257.00	257.00	257.00	256.00	256.00	256.00	256.00	256.00	255.00	255.00	255.00	255.00	254.00	254.00	254.00	254.00	253.00	253.00	253.00	252.00	252.00	251.00	251.00	250.00	250.00	250.00	249.00	249.00	249.00	249.00	248.00	248.00	247.00	247.00	247.00	246.00	246.00	246.00	246.00	245.00	244.00	244.00	243.00	243.00	242.00	242.00	241.00	241.00	241.00	240.00	240.00	239.00	239.00	238.00	238.00	237.00	237.00	237.00	236.00	236.00	235.00	235.00	234.00	233.00	233.00	233.00
170.00	171.00	171.00	171.00	171.00	172.00	172.00	173.00	173.00	175.00	176.00	176.00	177.00	179.00	180.00	180.00	181.00	181.00	183.00	185.00	185.00	186.00	186.00	189.00	189.00	191.00	191.00	192.00	194.00	194.00	195.00	195.00	197.00	198.00	200.00	200.00	202.00	203.00	203.00	205.00	205.00	207.00	210.00	210.00	212.00	214.00	217.00	217.00	219.00	219.00	221.00	223.00	223.00	224.00	225.00	226.00	226.00	226.00	226.00	226.00	226.00	226.00	225.00	225.00	224.00	224.00	223.00	223.00	223.00	223.00	223.00	222.00	222.00	222.00	222.00	222.00	222.00	222.00	222.00	222.00	222.00	222.00	222.00	222.00	222.00	223.00	223.00	223.00	223.00	223.00	223.00	223.00	223.00	223.00	223.00	223.00	223.00	223.00	223.00	223.00	223.00	223.00	223.00	224.00	224.00	224.00	224.00	225.00	225.00	225.00	225.00	225.00	226.00	226.00	226.00	226.00	226.00	227.00	227.00	228.00	228.00	229.00	230.00	230.00	231.00	231.00	232.00	233.00	234.00	234.00	235.00	236.00	236.00	238.00	238.00	239.00	240.00	240.00	241.00	243.00	244.00	244.00	246.00	246.00	247.00	248.00	248.00	250.00	251.00	252.00	252.00	253.00	253.00	255.00	256.00	256.00	256.00	257.00	257.00	258.00	258.00	258.00	259.00	260.00	260.00	260.00	261.00	261.00	261.00	261.00	261.00	262.00	262.00	262.00	262.00	262.00	262.00	261.00	261.00	261.00	261.00	260.00	260.00	260.00	259.00	259.00	259.00	259.00	258.00	258.00	257.00	257.00	257.00	256.00	256.00	256.00	256.00	256.00	255.00	255.00	255.00	255.00	254.00	254.00	254.00	254.00	253.00	253.00	253.00	252.00	252.00	251.00	251.00	250.00	250.00	250.00	249.00	249.00	249.00	249.00	248.00	248.00	247.00	247.00	247.00	246.00	246.00	246.00	246.00	245.00	244.00	244.00	243.00	243.00	242.00	242.00	241.00	241.00	241.00	240.00	240.00	239.00	239.00	238.00	238.00	237.00	237.00	237.00	236.00	236.00	235.00	235.00	234.00	233.00	233.00	233.00
170.00	171.00	171.00	171.00	171.00	172.00	172.00	173.00	173.00	175.00	176.00	176.00	177.00	179.00	180.00	180.00	181.00	181.00	183.00	185.00	185.00	186.00	186.00	189.00	189.00	191.00	191.00	192.00	194.00	194.00	195.00	195.00	197.00	198.00	200.00	200.00	202.00	203.00	203.00	205.00	205.00	207.00	210.00	210.00	212.00	214.00	217.00	217.00	219.00	219.00	221.00	223.00	223.00	224.00	225.00	226.00	226.00	226.00	226.00	226.00	226.00	226.00	225.00	225.00	224.00	224.00	223.00	223.00	223.00	223.00	223.00	222.00	222.00	222.00	222.00	222.00	222.00	222.00	222.00	222.00	222.00	222.00	222.00	222.00	222.00	223.00	223.00	223.00	223.00	223.00	223.00	223.00	223.00	223.00	223.00	223.00	223.00	223.00	223.00	223.00	223.00	223.00	223.00	224.00	224.00	224.00	224.00	225.00	225.00	225.00	225.00	225.00	226.00	226.00	226.00	226.00	226.00	227.00	227.00	228.00	228.00	229.00	230.00	230.00	231.00	231.00	232.00	233.00	234.00	234.00	235.00	236.00	236.00	238.00	238.00	239.00	240.00	240.00	241.00	243.00	244.00	244.00	246.00	246.00	247.00	248.00	248.00	250.00	251.00	252.00	252.00	253.00	253.00	255.00	256.00	256.00	256.00	257.00	257.00	258.00	258.00	258.00	259.00	260.00	260.00	260.00	261.00	261.00	261.00	261.00	261.00	262.00	262.00	262.00	262.00	262.00	262.00	261.00	261.00	261.00	261.00	260.00	260.00	260.00	259.00	259.00	259.00	259.00	258.00	258.00	257.00	257.00	257.00	256.00	256.00	256.00	256.00	256.00	255.00	255.00	255.00	255.00	254.00	254.00	254.00	254.00	253.00	253.00	253.00	252.00	252.00	251.00	251.00	250.00	250.00	250.00	249.00	249.00	249.00	249.00	248.00	248.00	247.00	247.00	247.00	246.00	246.00	246.00	246.00	245.00	244.00	244.00	243.00	243.00	242.00	242.00	241.00	241.00	241.00	240.00	240.00	239.00	239.00	238.00	238.00	237.00	237.00	237.00	236.00	236.00	235.00	235.00	234.00	233.00	233.00	233.00
170.00	171.00	171.00	171.00	171.00	172.00	172.00	173.00	173.00	175.00	176.00	176.00	177.00	179.00	180.00	180.00	181.00	181.00	183.00	185.00	185.00	186.00	186.00	189.00	189.00	191.00	191.00	192.00	194.00	194.00	195.00	195.00	197.00	198.00	200.00	200.00	202.00	203.00	203.00	205.00	205.00	207.00	210.00	210.00	212.00	214.00	217.00	217.00	219.00	219.00	221.00	223.00	223.00	224.00	225.00	226.00	226.00	226.00	226.00	226.00	226.00	226.00	225.00	225.00	224.00	224.00	223.00	223.00	223.00	223.00	223.00	222.00	222.00	222.00	222.00	222.00	222.00	222.00	222.00	222.00	222.00	222.00	222.00	222.00	222.00	223.00	223.00	223.00	223.00	223.00	223.00	223.00	223.00	223.00	223.00	223.00	223.00	223.00	223.00	223.00	223.00	223.00	223.00	224.00	224.00	224.00	224.00	225.00	225.00	225.00	225.00	225.00	226.00	226.00	226.00	226.00	226.00	227.00	227.00	228.00	228.00	229.00	230.00	230.00	231.00	231.00	232.00	233.00	234.00	234.00	235.00	236.00	236.00	238.00	238.00	239.00	240.00	240.00	241.00	243.00	244.00	244.00	246.00	246.00	247.00	248.00	248.00	250.00	251.00	252.00	252.00	253.00	253.00	255.00	256.00	256.00	256.00	257.00	257.00	258.00	258.00	258.00	259.00	260.00	260.00	260.00	261.00	261.00	261.00	261.00	261.00	262.00	262.00	262.00	262.00	262.00	262.00	261.00	261.00	261.00	261.00	260.00	260.00	260.00	259.00	259.00	259.00	259.00	258.00	258.00	257.00	257.00	257.00	256.00	256.00	256.00	256.00	256.00	255.00	255.00	255.00	255.00	254.00	254.00	254.00	254.00	253.00	253.00	253.00	252.00	252.00	251.00	251.00	250.00	250.00	250.00	249.00	249.00	249.00	249.00	248.00	248.00	247.00	247.00	247.00	246.00	246.00	246.00	246.00	245.00	244.00	244.00	243.00	243.00	242.00	242.00	241.00	241.00	241.00	240.00	240.00	239.00	239.00	238.00	238.00	237.00	237.00	237.00	236.00	236.00	235.00	235.00	234.00	233.00	233.00	233.00
170.00	171.00	171.00	171.00	171.00	172.00	172.00	173.00	173.00	175.00	176.00	176.00	177.00	179.00	180.00	180.00	181.00	181.00	183.00	185.00	185.00	186.00	186.00	189.00	189.00	191.00	191.00	192.00	194.00	194.00	195.00	195.00	197.00	198.00	200.00	200.00	202.00	203.00	203.00	205.00	205.00	207.00	210.00	210.00	212.00	214.00	217.00	217.00	219.00	219.00	221.00	223.00	223.00	224.00	225.00	226.00	226.00	226.00	226.00	226.00	226.00	226.00	225.00	225.00	224.00	224.00	223.00	223.00	223.00	223.00	223.00	222.00	222.00	222.00	222.00	222.00	222.00	222.00	222.00	222.00	222.00	222.00	222.00	222.00	222.00	223.00	223.00	223.00	223.00	223.00	223.00	223.00	223.00	223.00	223.00	223.00	223.00	223.00	223.00	223.00	223.00	223.00	223.00	224.00	224.00	224.00	224.00	225.00	225.00	225.00	225.00	225.00	226.00	226.00	226.00	226.00	226.00	227.00	227.00	228.00	228.00	229.00	230.00	230.00	231.00	231.00	232.00	233.00	234.00	234.00	235.00	236.00	236.00	238.00	238.00	239.00	240.00	240.00	241.00	243.00	244.00	244.00	246.00	246.00	247.00	248.00	248.00	250.00	251.00	252.00	252.00	253.00	253.00	255.00	256.00	256.00	256.00	257.00	257.00	258.00	258.00	258.00	259.00	260.00	260.00	260.00	261.00	261.00	261.00	261.00	261.00	262.00	262.00	262.00	262.00	262.00	262.00	261.00	261.00	261.00	261.00	260.00	260.00	260.00	259.00	259.00	259.00	259.00	258.00	258.00	257.00	257.00	257.00	256.00	256.00	256.00	256.00	256.00	255.00	255.00	255.00	255.00	254.00	254.00	254.00	254.00	253.00	253.00	253.00	252.00	252.00	251.00	251.00	250.00	250.00	250.00	249.00	249.00	249.00	249.00	248.00	248.00	247.00	247.00	247.00	246.00	246.00	246.00	246.00	245.00	244.00	244.00	243.00	243.00	242.00	242.00	241.00	241.00	241.00	240.00	240.00	239.00	239.00	238.00	238.00	237.00	237.00	237.00	236.00	236.00	235.00	235.00	234.00	233.00	233.00	233.00
177.00	178.00	178.00	178.00	179.00	180.00	180.00	180.00	180.00	181.00	182.00	182.00	183.00	185.00	186.00	186.00	187.00	187.00	188.00	190.00	190.00	191.00	191.00	192.00	192.00	193.00	193.00	194.00	196.00	196.00	197.00	197.00	199.00	202.00	204.00	204.00	206.00	208.00	208.00	210.00	210.00	212.00	214.00	214.00	216.00	218.00	220.00	220.00	223.00	223.00	225.00	226.00	226.00	228.00	229.00	230.00	230.00	231.00	231.00	231.00	231.00	231.00	231.00	231.00	230.00	230.00	230.00	230.00	229.00	229.00	229.00	229.00	229.00	229.00	229.00	229.00	229.00	229.00	230.00	230.00	230.00	230.00	230.00	231.00	231.00	231.00	231.00	232.00	232.00	232.00	233.00	233.00	233.00	233.00	234.00	234.00	235.00	235.00	236.00	236.00	236.00	236.00	236.00	237.00	237.00	237.00	238.00	238.00	239.00	239.00	240.00	240.00	241.00	242.00	242.00	243.00	243.00	244.00	244.00	245.00	245.00	246.00	247.00	247.00	248.00	248.00	248.00	249.00	250.00	250.00	251.00	252.00	252.00	253.00	253.00	255.00	256.00	256.00	257.00	258.00	260.00	260.00	261.00	261.00	262.00	263.00	263.00	264.00	265.00	265.00	265.00	266.00	266.00	267.00	268.00	268.00	269.00	269.00	269.00	270.00	271.00	271.00	271.00	271.00	271.00	271.00	271.00	271.00	271.00	271.00	271.00	271.00	271.00	271.00	271.00	271.00	271.00	270.00	270.00	270.00	269.00	269.00	269.00	268.00	268.00	268.00	267.00	267.00	267.00	266.00	265.00	265.00	265.00	264.00	264.00	264.00	264.00	264.00	263.00	263.00	262.00	262.00	261.00	261.00	261.00	261.00	260.00	259.00	259.00	259.00	259.00	257.00	257.00	257.00	257.00	256.00	255.00	255.00	254.00	254.00	253.00	253.00	252.00	252.00	251.00	250.00	250.00	249.00	249.00	249.00	248.00	248.00	247.00	247.00	246.00	246.00	245.00	245.00	244.00	243.00	243.00	242.00	242.00	240.00	240.00	239.00	239.00	239.00	238.00	238.00	237.00	237.00	237.00	236.00	236.00	236.00
177.00	178.00	178.00	178.00	179.00	180.00	180.00	180.00	180.00	181.00	182.00	182.00	183.00	185.00	186.00	186.00	187.00	187.00	188.00	190.00	190.00	191.00	191.00	192.00	192.00	193.00	193.00	194.00	196.00	196.00	197.00	197.00	199.00	202.00	204.00	204.00	206.00	208.00	208.00	210.00	210.00	212.00	214.00	214.00	216.00	218.00	220.00	220.00	223.00	223.00	225.00	226.00	226.00	228.00	229.00	230.00	230.00	231.00	231.00	231.00	231.00	231.00	231.00	231.00	230.00	230.00	230.00	230.00	229.00	229.00	229.00	229.00	229.00	229.00	229.00	229.00	229.00	229.00	230.00	230.00	230.00	230.00	230.00	231.00	231.00	231.00	231.00	232.00	232.00	232.00	233.00	233.00	233.00	233.00	234.00	234.00	235.00	235.00	236.00	236.00	236.00	236.00	236.00	237.00	237.00	237.00	238.00	238.00	239.00	239.00	240.00	240.00	241.00	242.00	242.00	243.00	243.00	244.00	244.00	245.00	245.00	246.00	247.00	247.00	248.00	248.00	248.00	249.00	250.00	250.00	251.00	252.00	252.00	253.00	253.00	255.00	256.00	256.00	257.00	258.00	260.00	260.00	261.00	261.00	262.00	263.00	263.00	264.00	265.00	265.00	265.00	266.00	266.00	267.00	268.00	268.00	269.00	269.00	269.00	270.00	271.00	271.00	271.00	271.00	271.00	271.00	271.00	271.00	271.00	271.00	271.00	271.00	271.00	271.00	271.00	271.00	271.00	270.00	270.00	270.00	269.00	269.00	269.00	268.00	268.00	268.00	267.00	267.00	267.00	266.00	265.00	265.00	265.00	264.00	264.00	264.00	264.00	264.00	263.00	263.00	262.00	262.00	261.00	261.00	261.00	261.00	260.00	259.00	259.00	259.00	259.00	257.00	257.00	257.00	257.00	256.00	255.00	255.00	254.00	254.00	253.00	253.00	252.00	252.00	251.00	250.00	250.00	249.00	249.00	249.00	248.00	248.00	247.00	247.00	246.00	246.00	245.00	245.00	244.00	243.00	243.00	242.00	242.00	240.00	240.00	239.00	239.00	239.00	238.00	238.00	237.00	237.00	237.00	236.00	236.00	236.00
177.00	178.00	178.00	178.00	179.00	180.00	180.00	180.00	180.00	181.00	182.00	182.00	183.00	185.00	186.00	186.00	187.00	187.00	188.00	190.00	190.00	191.00	191.00	192.00	192.00	193.00	193.00	194.00	196.00	196.00	197.00	197.00	199.00	202.00	204.00	204.00	206.00	208.00	208.00	210.00	210.00	212.00	214.00	214.00	216.00	218.00	220.00	220.00	223.00	223.00	225.00	226.00	226.00	228.00	229.00	230.00	230.00	231.00	231.00	231.00	231.00	231.00	231.00	231.00	230.00	230.00	230.00	230.00	229.00	229.00	229.00	229.00	229.00	229.00	229.00	229.00	229.00	229.00	230.00	230.00	230.00	230.00	230.00	231.00	231.00	231.00	231.00	232.00	232.00	232.00	233.00	233.00	233.00	233.00	234.00	234.00	235.00	235.00	236.00	236.00	236.00	236.00	236.00	237.00	237.00	237.00	238.00	238.00	239.00	239.00	240.00	240.00	241.00	242.00	242.00	243.00	243.00	244.00	244.00	245.00	245.00	246.00	247.00	247.00	248.00	248.00	248.00	249.00	250.00	250.00	251.00	252.00	252.00	253.00	253.00	255.00	256.00	256.00	257.00	258.00	260.00	260.00	261.00	261.00	262.00	263.00	263.00	264.00	265.00	265.00	265.00	266.00	266.00	267.00	268.00	268.00	269.00	269.00	269.00	270.00	271.00	271.00	271.00	271.00	271.00	271.00	271.00	271.00	271.00	271.00	271.00	271.00	271.00	271.00	271.00	271.00	271.00	270.00	270.00	270.00	269.00	269.00	269.00	268.00	268.00	268.00	267.00	267.00	267.00	266.00	265.00	265.00	265.00	264.00	264.00	264.00	264.00	264.00	263.00	263.00	262.00	262.00	261.00	261.00	261.00	261.00	260.00	259.00	259.00	259.00	259.00	257.00	257.00	257.00	257.00	256.00	255.00	255.00	254.00	254.00	253.00	253.00	252.00	252.00	251.00	250.00	250.00	249.00	249.00	249.00	248.00	248.00	247.00	247.00	246.00	246.00	245.00	245.00	244.00	243.00	243.00	242.00	242.00	240.00	240.00	239.00	239.00	239.00	238.00	238.00	237.00	237.00	237.00	236.00	236.00	236.00
177.00	178.00	178.00	178.00	179.00	180.00	180.00	180.00	180.00	181.00	182.00	182.00	183.00	185.00	186.00	186.00	187.00	187.00	188.00	190.00	190.00	191.00	191.00	192.00	192.00	193.00	193.00	194.00	196.00	196.00	197.00	197.00	199.00	202.00	204.00	204.00	206.00	208.00	208.00	210.00	210.00	212.00	214.00	214.00	216.00	218.00	220.00	220.00	223.00	223.00	225.00	226.00	226.00	228.00	229.00	230.00	230.00	231.00	231.00	231.00	231.00	231.00	231.00	231.00	230.00	230.00	230.00	230.00	229.00	229.00	229.00	229.00	229.00	229.00	229.00	229.00	229.00	229.00	230.00	230.00	230.00	230.00	230.00	231.00	231.00	231.00	231.00	232.00	232.00	232.00	233.00	233.00	233.00	233.00	234.00	234.00	235.00	235.00	236.00	236.00	236.00	236.00	236.00	237.00	237.00	237.00	238.00	238.00	239.00	239.00	240.00	240.00	241.00	242.00	242.00	243.00	243.00	244.00	244.00	245.00	245.00	246.00	247.00	247.00	248.00	248.00	248.00	249.00	250.00	250.00	251.00	252.00	252.00	253.00	253.00	255.00	256.00	256.00	257.00	258.00	260.00	260.00	261.00	261.00	262.00	263.00	263.00	264.00	265.00	265.00	265.00	266.00	266.00	267.00	268.00	268.00	269.00	269.00	269.00	270.00	271.00	271.00	271.00	271.00	271.00	271.00	271.00	271.00	271.00	271.00	271.00	271.00	271.00	271.00	271.00	271.00	271.00	270.00	270.00	270.00	269.00	269.00	269.00	268.00	268.00	268.00	267.00	267.00	267.00	266.00	265.00	265.00	265.00	264.00	264.00	264.00	264.00	264.00	263.00	263.00	262.00	262.00	261.00	261.00	261.00	261.00	260.00	259.00	259.00	259.00	259.00	257.00	257.00	257.00	257.00	256.00	255.00	255.00	254.00	254.00	253.00	253.00	252.00	252.00	251.00	250.00	250.00	249.00	249.00	249.00	248.00	248.00	247.00	247.00	246.00	246.00	245.00	245.00	244.00	243.00	243.00	242.00	242.00	240.00	240.00	239.00	239.00	239.00	238.00	238.00	237.00	237.00	237.00	236.00	236.00	236.00
177.00	178.00	178.00	178.00	179.00	180.00	180.00	180.00	180.00	181.00	182.00	182.00	183.00	185.00	186.00	186.00	187.00	187.00	188.00	190.00	190.00	191.00	191.00	192.00	192.00	193.00	193.00	194.00	196.00	196.00	197.00	197.00	199.00	202.00	204.00	204.00	206.00	208.00	208.00	210.00	210.00	212.00	214.00	214.00	216.00	218.00	220.00	220.00	223.00	223.00	225.00	226.00	226.00	228.00	229.00	230.00	230.00	231.00	231.00	231.00	231.00	231.00	231.00	231.00	230.00	230.00	230.00	230.00	229.00	229.00	229.00	229.00	229.00	229.00	229.00	229.00	229.00	229.00	230.00	230.00	230.00	230.00	230.00	231.00	231.00	231.00	231.00	232.00	232.00	232.00	233.00	233.00	233.00	233.00	234.00	234.00	235.00	235.00	236.00	236.00	236.00	236.00	236.00	237.00	237.00	237.00	238.00	238.00	239.00	239.00	240.00	240.00	241.00	242.00	242.00	243.00	243.00	244.00	244.00	245.00	245.00	246.00	247.00	247.00	248.00	248.00	248.00	249.00	250.00	250.00	251.00	252.00	252.00	253.00	253.00	255.00	256.00	256.00	257.00	258.00	260.00	260.00	261.00	261.00	262.00	263.00	263.00	264.00	265.00	265.00	265.00	266.00	266.00	267.00	268.00	268.00	269.00	269.00	269.00	270.00	271.00	271.00	271.00	271.00	271.00	271.00	271.00	271.00	271.00	271.00	271.00	271.00	271.00	271.00	271.00	271.00	271.00	270.00	270.00	270.00	269.00	269.00	269.00	268.00	268.00	268.00	267.00	267.00	267.00	266.00	265.00	265.00	265.00	264.00	264.00	264.00	264.00	264.00	263.00	263.00	262.00	262.00	261.00	261.00	261.00	261.00	260.00	259.00	259.00	259.00	259.00	257.00	257.00	257.00	257.00	256.00	255.00	255.00	254.00	254.00	253.00	253.00	252.00	252.00	251.00	250.00	250.00	249.00	249.00	249.00	248.00	248.00	247.00	247.00	246.00	246.00	245.00	245.00	244.00	243.00	243.00	242.00	242.00	240.00	240.00	239.00	239.00	239.00	238.00	238.00	237.00	237.00	237.00	236.00	236.00	236.00
177.00	178.00	178.00	178.00	179.00	180.00	180.00	180.00	180.00	181.00	182.00	182.00	183.00	185.00	186.00	186.00	187.00	187.00	188.00	190.00	190.00	191.00	191.00	192.00	192.00	193.00	193.00	194.00	196.00	196.00	197.00	197.00	199.00	202.00	204.00	204.00	206.00	208.00	208.00	210.00	210.00	212.00	214.00	214.00	216.00	218.00	220.00	220.00	223.00	223.00	225.00	226.00	226.00	228.00	229.00	230.00	230.00	231.00	231.00	231.00	231.00	231.00	231.00	231.00	230.00	230.00	230.00	230.00	229.00	229.00	229.00	229.00	229.00	229.00	229.00	229.00	229.00	229.00	230.00	230.00	230.00	230.00	230.00	231.00	231.00	231.00	231.00	232.00	232.00	232.00	233.00	233.00	233.00	233.00	234.00	234.00	235.00	235.00	236.00	236.00	236.00	236.00	236.00	237.00	237.00	237.00	238.00	238.00	239.00	239.00	240.00	240.00	241.00	242.00	242.00	243.00	243.00	244.00	244.00	245.00	245.00	246.00	247.00	247.00	248.00	248.00	248.00	249.00	250.00	250.00	251.00	252.00	252.00	253.00	253.00	255.00	256.00	256.00	257.00	258.00	260.00	260.00	261.00	261.00	262.00	263.00	263.00	264.00	265.00	265.00	265.00	266.00	266.00	267.00	268.00	268.00	269.00	269.00	269.00	270.00	271.00	271.00	271.00	271.00	271.00	271.00	271.00	271.00	271.00	271.00	271.00	271.00	271.00	271.00	271.00	271.00	271.00	270.00	270.00	270.00	269.00	269.00	269.00	268.00	268.00	268.00	267.00	267.00	267.00	266.00	265.00	265.00	265.00	264.00	264.00	264.00	264.00	264.00	263.00	263.00	262.00	262.00	261.00	261.00	261.00	261.00	260.00	259.00	259.00	259.00	259.00	257.00	257.00	257.00	257.00	256.00	255.00	255.00	254.00	254.00	253.00	253.00	252.00	252.00	251.00	250.00	250.00	249.00	249.00	249.00	248.00	248.00	247.00	247.00	246.00	246.00	245.00	245.00	244.00	243.00	243.00	242.00	242.00	240.00	240.00	239.00	239.00	239.00	238.00	238.00	237.00	237.00	237.00	236.00	236.00	236.00
177.00	178.00	178.00	178.00	179.00	180.00	180.00	180.00	180.00	181.00	182.00	182.00	183.00	185.00	186.00	186.00	187.00	187.00	188.00	190.00	190.00	191.00	191.00	192.00	192.00	193.00	193.00	194.00	196.00	196.00	197.00	197.00	199.00	202.00	204.00	204.00	206.00	208.00	208.00	210.00	210.00	212.00	214.00	214.00	216.00	218.00	220.00	220.00	223.00	223.00	225.00	226.00	226.00	228.00	229.00	230.00	230.00	231.00	231.00	231.00	231.00	231.00	231.00	231.00	230.00	230.00	230.00	230.00	229.00	229.00	229.00	229.00	229.00	229.00	229.00	229.00	229.00	229.00	230.00	230.00	230.00	230.00	230.00	231.00	231.00	231.00	231.00	232.00	232.00	232.00	233.00	233.00	233.00	233.00	234.00	234.00	235.00	235.00	236.00	236.00	236.00	236.00	236.00	237.00	237.00	237.00	238.00	238.00	239.00	239.00	240.00	240.00	241.00	242.00	242.00	243.00	243.00	244.00	244.00	245.00	245.00	246.00	247.00	247.00	248.00	248.00	248.00	249.00	250.00	250.00	251.00	252.00	252.00	253.00	253.00	255.00	256.00	256.00	257.00	258.00	260.00	260.00	261.00	261.00	262.00	263.00	263.00	264.00	265.00	265.00	265.00	266.00	266.00	267.00	268.00	268.00	269.00	269.00	269.00	270.00	271.00	271.00	271.00	271.00	271.00	271.00	271.00	271.00	271.00	271.00	271.00	271.00	271.00	271.00	271.00	271.00	271.00	270.00	270.00	270.00	269.00	269.00	269.00	268.00	268.00	268.00	267.00	267.00	267.00	266.00	265.00	265.00	265.00	264.00	264.00	264.00	264.00	264.00	263.00	263.00	262.00	262.00	261.00	261.00	261.00	261.00	260.00	259.00	259.00	259.00	259.00	257.00	257.00	257.00	257.00	256.00	255.00	255.00	254.00	254.00	253.00	253.00	252.00	252.00	251.00	250.00	250.00	249.00	249.00	249.00	248.00	248.00	247.00	247.00	246.00	246.00	245.00	245.00	244.00	243.00	243.00	242.00	242.00	240.00	240.00	239.00	239.00	239.00	238.00	238.00	237.00	237.00	237.00	236.00	236.00	236.00
177.00	178.00	178.00	178.00	179.00	180.00	180.00	180.00	180.00	181.00	182.00	182.00	183.00	185.00	186.00	186.00	187.00	187.00	188.00	190.00	190.00	191.00	191.00	192.00	192.00	193.00	193.00	194.00	196.00	196.00	197.00	197.00	199.00	202.00	204.00	204.00	206.00	208.00	208.00	210.00	210.00	212.00	214.00	214.00	216.00	218.00	220.00	220.00	223.00	223.00	225.00	226.00	226.00	228.00	229.00	230.00	230.00	231.00	231.00	231.00	231.00	231.00	231.00	231.00	230.00	230.00	230.00	230.00	229.00	229.00	229.00	229.00	229.00	229.00	229.00	229.00	229.00	229.00	230.00	230.00	230.00	230.00	230.00	231.00	231.00	231.00	231.00	232.00	232.00	232.00	233.00	233.00	233.00	233.00	234.00	234.00	235.00	235.00	236.00	236.00	236.00	236.00	236.00	237.00	237.00	237.00	238.00	238.00	239.00	239.00	240.00	240.00	241.00	242.00	242.00	243.00	243.00	244.00	244.00	245.00	245.00	246.00	247.00	247.00	248.00	248.00	248.00	249.00	250.00	250.00	251.00	252.00	252.00	253.00	253.00	255.00	256.00	256.00	257.00	258.00	260.00	260.00	261.00	261.00	262.00	263.00	263.00	264.00	265.00	265.00	265.00	266.00	266.00	267.00	268.00	268.00	269.00	269.00	269.00	270.00	271.00	271.00	271.00	271.00	271.00	271.00	271.00	271.00	271.00	271.00	271.00	271.00	271.00	271.00	271.00	271.00	271.00	270.00	270.00	270.00	269.00	269.00	269.00	268.00	268.00	268.00	267.00	267.00	267.00	266.00	265.00	265.00	265.00	264.00	264.00	264.00	264.00	264.00	263.00	263.00	262.00	262.00	261.00	261.00	261.00	261.00	260.00	259.00	259.00	259.00	259.00	257.00	257.00	257.00	257.00	256.00	255.00	255.00	254.00	254.00	253.00	253.00	252.00	252.00	251.00	250.00	250.00	249.00	249.00	249.00	248.00	248.00	247.00	247.00	246.00	246.00	245.00	245.00	244.00	243.00	243.00	242.00	242.00	240.00	240.00	239.00	239.00	239.00	238.00	238.00	237.00	237.00	237.00	236.00	236.00	236.00
177.00	178.00	178.00	178.00	179.00	180.00	180.00	180.00	180.00	181.00	182.00	182.00	183.00	185.00	186.00	186.00	187.00	187.00	188.00	190.00	190.00	191.00	191.00	192.00	192.00	193.00	193.00	194.00	196.00	196.00	197.00	197.00	199.00	202.00	204.00	204.00	206.00	208.00	208.00	210.00	210.00	212.00	214.00	214.00	216.00	218.00	220.00	220.00	223.00	223.00	225.00	226.00	226.00	228.00	229.00	230.00	230.00	231.00	231.00	231.00	231.00	231.00	231.00	231.00	230.00	230.00	230.00	230.00	229.00	229.00	229.00	229.00	229.00	229.00	229.00	229.00	229.00	229.00	230.00	230.00	230.00	230.00	230.00	231.00	231.00	231.00	231.00	232.00	232.00	232.00	233.00	233.00	233.00	233.00	234.00	234.00	235.00	235.00	236.00	236.00	236.00	236.00	236.00	237.00	237.00	237.00	238.00	238.00	239.00	239.00	240.00	240.00	241.00	242.00	242.00	243.00	243.00	244.00	244.00	245.00	245.00	246.00	247.00	247.00	248.00	248.00	248.00	249.00	250.00	250.00	251.00	252.00	252.00	253.00	253.00	255.00	256.00	256.00	257.00	258.00	260.00	260.00	261.00	261.00	262.00	263.00	263.00	264.00	265.00	265.00	265.00	266.00	266.00	267.00	268.00	268.00	269.00	269.00	269.00	270.00	271.00	271.00	271.00	271.00	271.00	271.00	271.00	271.00	271.00	271.00	271.00	271.00	271.00	271.00	271.00	271.00	271.00	270.00	270.00	270.00	269.00	269.00	269.00	268.00	268.00	268.00	267.00	267.00	267.00	266.00	265.00	265.00	265.00	264.00	264.00	264.00	264.00	264.00	263.00	263.00	262.00	262.00	261.00	261.00	261.00	261.00	260.00	259.00	259.00	259.00	259.00	257.00	257.00	257.00	257.00	256.00	255.00	255.00	254.00	254.00	253.00	253.00	252.00	252.00	251.00	250.00	250.00	249.00	249.00	249.00	248.00	248.00	247.00	247.00	246.00	246.00	245.00	245.00	244.00	243.00	243.00	242.00	242.00	240.00	240.00	239.00	239.00	239.00	238.00	238.00	237.00	237.00	237.00	236.00	236.00	236.00
177.00	178.00	178.00	178.00	179.00	180.00	180.00	180.00	180.00	181.00	182.00	182.00	183.00	185.00	186.00	186.00	187.00	187.00	188.00	190.00	190.00	191.00	191.00	192.00	192.00	193.00	193.00	194.00	196.00	196.00	197.00	197.00	199.00	202.00	204.00	204.00	206.00	208.00	208.00	210.00	210.00	212.00	214.00	214.00	216.00	218.00	220.00	220.00	223.00	223.00	225.00	226.00	226.00	228.00	229.00	230.00	230.00	231.00	231.00	231.00	231.00	231.00	231.00	231.00	230.00	230.00	230.00	230.00	229.00	229.00	229.00	229.00	229.00	229.00	229.00	229.00	229.00	229.00	230.00	230.00	230.00	230.00	230.00	231.00	231.00	231.00	231.00	232.00	232.00	232.00	233.00	233.00	233.00	233.00	234.00	234.00	235.00	235.00	236.00	236.00	236.00	236.00	236.00	237.00	237.00	237.00	238.00	238.00	239.00	239.00	240.00	240.00	241.00	242.00	242.00	243.00	243.00	244.00	244.00	245.00	245.00	246.00	247.00	247.00	248.00	248.00	248.00	249.00	250.00	250.00	251.00	252.00	252.00	253.00	253.00	255.00	256.00	256.00	257.00	258.00	260.00	260.00	261.00	261.00	262.00	263.00	263.00	264.00	265.00	265.00	265.00	266.00	266.00	267.00	268.00	268.00	269.00	269.00	269.00	270.00	271.00	271.00	271.00	271.00	271.00	271.00	271.00	271.00	271.00	271.00	271.00	271.00	271.00	271.00	271.00	271.00	271.00	270.00	270.00	270.00	269.00	269.00	269.00	268.00	268.00	268.00	267.00	267.00	267.00	266.00	265.00	265.00	265.00	264.00	264.00	264.00	264.00	264.00	263.00	263.00	262.00	262.00	261.00	261.00	261.00	261.00	260.00	259.00	259.00	259.00	259.00	257.00	257.00	257.00	257.00	256.00	255.00	255.00	254.00	254.00	253.00	253.00	252.00	252.00	251.00	250.00	250.00	249.00	249.00	249.00	248.00	248.00	247.00	247.00	246.00	246.00	245.00	245.00	244.00	243.00	243.00	242.00	242.00	240.00	240.00	239.00	239.00	239.00	238.00	238.00	237.00	237.00	237.00	236.00	236.00	236.00
177.00	178.00	178.00	178.00	179.00	180.00	180.00	180.00	180.00	181.00	182.00	182.00	183.00	185.00	186.00	186.00	187.00	187.00	188.00	190.00	190.00	191.00	191.00	192.00	192.00	193.00	193.00	194.00	196.00	196.00	197.00	197.00	199.00	202.00	204.00	204.00	206.00	208.00	208.00	210.00	210.00	212.00	214.00	214.00	216.00	218.00	220.00	220.00	223.00	223.00	225.00	226.00	226.00	228.00	229.00	230.00	230.00	231.00	231.00	231.00	231.00	231.00	231.00	231.00	230.00	230.00	230.00	230.00	229.00	229.00	229.00	229.00	229.00	229.00	229.00	229.00	229.00	229.00	230.00	230.00	230.00	230.00	230.00	231.00	231.00	231.00	231.00	232.00	232.00	232.00	233.00	233.00	233.00	233.00	234.00	234.00	235.00	235.00	236.00	236.00	236.00	236.00	236.00	237.00	237.00	237.00	238.00	238.00	239.00	239.00	240.00	240.00	241.00	242.00	242.00	243.00	243.00	244.00	244.00	245.00	245.00	246.00	247.00	247.00	248.00	248.00	248.00	249.00	250.00	250.00	251.00	252.00	252.00	253.00	253.00	255.00	256.00	256.00	257.00	258.00	260.00	260.00	261.00	261.00	262.00	263.00	263.00	264.00	265.00	265.00	265.00	266.00	266.00	267.00	268.00	268.00	269.00	269.00	269.00	270.00	271.00	271.00	271.00	271.00	271.00	271.00	271.00	271.00	271.00	271.00	271.00	271.00	271.00	271.00	271.00	271.00	271.00	270.00	270.00	270.00	269.00	269.00	269.00	268.00	268.00	268.00	267.00	267.00	267.00	266.00	265.00	265.00	265.00	264.00	264.00	264.00	264.00	264.00	263.00	263.00	262.00	262.00	261.00	261.00	261.00	261.00	260.00	259.00	259.00	259.00	259.00	257.00	257.00	257.00	257.00	256.00	255.00	255.00	254.00	254.00	253.00	253.00	252.00	252.00	251.00	250.00	250.00	249.00	249.00	249.00	248.00	248.00	247.00	247.00	246.00	246.00	245.00	245.00	244.00	243.00	243.00	242.00	242.00	240.00	240.00	239.00	239.00	239.00	238.00	238.00	237.00	237.00	237.00	236.00	236.00	236.00
191.00	191.00	191.00	191.00	192.00	193.00	193.00	193.00	193.00	194.00	195.00	195.00	195.00	196.00	197.00	197.00	197.00	197.00	198.00	199.00	199.00	200.00	200.00	203.00	203.00	205.00	205.00	207.00	208.00	208.00	210.00	210.00	212.00	214.00	216.00	216.00	218.00	219.00	219.00	221.00	221.00	222.00	223.00	223.00	225.00	226.00	228.00	228.00	230.00	230.00	231.00	233.00	233.00	235.00	237.00	239.00	239.00	237.00	237.00	236.00	235.00	235.00	234.00	234.00	233.00	233.00	232.00	232.00	232.00	232.00	232.00	232.00	232.00	232.00	232.00	233.00	233.00	233.00	234.00	234.00	235.00	236.00	236.00	237.00	237.00	237.00	238.00	239.00	239.00	240.00	241.00	241.00	242.00	242.00	242.00	243.00	244.00	244.00	245.00	246.00	246.00	247.00	247.00	248.00	249.00	249.00	250.00	251.00	252.00	252.00	253.00	253.00	254.00	255.00	255.00	256.00	256.00	258.00	258.00	259.00	259.00	260.00	261.00	261.00	262.00	262.00	263.00	264.00	265.00	265.00	266.00	266.00	266.00	267.00	267.00	268.00	268.00	268.00	269.00	270.00	271.00	271.00	271.00	271.00	272.00	273.00	273.00	274.00	275.00	275.00	275.00	275.00	275.00	275.00	275.00	275.00	275.00	276.00	276.00	276.00	276.00	276.00	276.00	276.00	276.00	276.00	276.00	276.00	276.00	276.00	276.00	275.00	275.00	275.00	275.00	274.00	274.00	274.00	274.00	274.00	273.00	273.00	273.00	272.00	272.00	272.00	271.00	271.00	271.00	270.00	270.00	270.00	270.00	269.00	269.00	269.00	269.00	268.00	268.00	268.00	268.00	267.00	266.00	266.00	266.00	266.00	265.00	264.00	264.00	263.00	263.00	261.00	261.00	260.00	260.00	259.00	258.00	258.00	257.00	257.00	257.00	256.00	255.00	255.00	253.00	252.00	252.00	251.00	251.00	250.00	249.00	249.00	248.00	247.00	246.00	246.00	245.00	245.00	244.00	243.00	243.00	242.00	242.00	241.00	241.00	240.00	240.00	240.00	239.00	239.00	239.00	239.00	238.00	238.00	237.00	237.00
191.00	191.00	191.00	191.00	192.00	193.00	193.00	193.00	193.00	194.00	195.00	195.00	195.00	196.00	197.00	197.00	197.00	197.00	198.00	199.00	199.00	200.00	200.00	203.00	203.00	205.00	205.00	207.00	208.00	208.00	210.00	210.00	212.00	214.00	216.00	216.00	218.00	219.00	219.00	221.00	221.00	222.00	223.00	223.00	225.00	226.00	228.00	228.00	230.00	230.00	231.00	233.00	233.00	235.00	237.00	239.00	239.00	237.00	237.00	236.00	235.00	235.00	234.00	234.00	233.00	233.00	232.00	232.00	232.00	232.00	232.00	232.00	232.00	232.00	232.00	233.00	233.00	233.00	234.00	234.00	235.00	236.00	236.00	237.00	237.00	237.00	238.00	239.00	239.00	240.00	241.00	241.00	242.00	242.00	242.00	243.00	244.00	244.00	245.00	246.00	246.00	247.00	247.00	248.00	249.00	249.00	250.00	251.00	252.00	252.00	253.00	253.00	254.00	255.00	255.00	256.00	256.00	258.00	258.00	259.00	259.00	260.00	261.00	261.00	262.00	262.00	263.00	264.00	265.00	265.00	266.00	266.00	266.00	267.00	267.00	268.00	268.00	268.00	269.00	270.00	271.00	271.00	271.00	271.00	272.00	273.00	273.00	274.00	275.00	275.00	275.00	275.00	275.00	275.00	275.00	275.00	275.00	276.00	276.00	276.00	276.00	276.00	276.00	276.00	276.00	276.00	276.00	276.00	276.00	276.00	276.00	275.00	275.00	275.00	275.00	274.00	274.00	274.00	274.00	274.00	273.00	273.00	273.00	272.00	272.00	272.00	271.00	271.00	271.00	270.00	270.00	270.00	270.00	269.00	269.00	269.00	269.00	268.00	268.00	268.00	268.00	267.00	266.00	266.00	266.00	266.00	265.00	264.00	264.00	263.00	263.00	261.00	261.00	260.00	260.00	259.00	258.00	258.00	257.00	257.00	257.00	256.00	255.00	255.00	253.00	252.00	252.00	251.00	251.00	250.00	249.00	249.00	248.00	247.00	246.00	246.00	245.00	245.00	244.00	243.00	243.00	242.00	242.00	241.00	241.00	240.00	240.00	240.00	239.00	239.00	239.00	239.00	238.00	238.00	237.00	237.00
191.00	191.00	191.00	191.00	192.00	193.00	193.00	193.00	193.00	194.00	195.00	195.00	195.00	196.00	197.00	197.00	197.00	197.00	198.00	199.00	199.00	200.00	200.00	203.00	203.00	205.00	205.00	207.00	208.00	208.00	210.00	210.00	212.00	214.00	216.00	216.00	218.00	219.00	219.00	221.00	221.00	222.00	223.00	223.00	225.00	226.00	228.00	228.00	230.00	230.00	231.00	233.00	233.00	235.00	237.00	239.00	239.00	237.00	237.00	236.00	235.00	235.00	234.00	234.00	233.00	233.00	232.00	232.00	232.00	232.00	232.00	232.00	232.00	232.00	232.00	233.00	233.00	233.00	234.00	234.00	235.00	236.00	236.00	237.00	237.00	237.00	238.00	239.00	239.00	240.00	241.00	241.00	242.00	242.00	242.00	243.00	244.00	244.00	245.00	246.00	246.00	247.00	247.00	248.00	249.00	249.00	250.00	251.00	252.00	252.00	253.00	253.00	254.00	255.00	255.00	256.00	256.00	258.00	258.00	259.00	259.00	260.00	261.00	261.00	262.00	262.00	263.00	264.00	265.00	265.00	266.00	266.00	266.00	267.00	267.00	268.00	268.00	268.00	269.00	270.00	271.00	271.00	271.00	271.00	272.00	273.00	273.00	274.00	275.00	275.00	275.00	275.00	275.00	275.00	275.00	275.00	275.00	276.00	276.00	276.00	276.00	276.00	276.00	276.00	276.00	276.00	276.00	276.00	276.00	276.00	276.00	275.00	275.00	275.00	275.00	274.00	274.00	274.00	274.00	274.00	273.00	273.00	273.00	272.00	272.00	272.00	271.00	271.00	271.00	270.00	270.00	270.00	270.00	269.00	269.00	269.00	269.00	268.00	268.00	268.00	268.00	267.00	266.00	266.00	266.00	266.00	265.00	264.00	264.00	263.00	263.00	261.00	261.00	260.00	260.00	259.00	258.00	258.00	257.00	257.00	257.00	256.00	255.00	255.00	253.00	252.00	252.00	251.00	251.00	250.00	249.00	249.00	248.00	247.00	246.00	246.00	245.00	245.00	244.00	243.00	243.00	242.00	242.00	241.00	241.00	240.00	240.00	240.00	239.00	239.00	239.00	239.00	238.00	238.00	237.00	237.00
191.00	191.00	191.00	191.00	192.00	193.00	193.00	193.00	193.00	194.00	195.00	195.00	195.00	196.00	197.00	197.00	197.00	197.00	198.00	199.00	199.00	200.00	200.00	203.00	203.00	205.00	205.00	207.00	208.00	208.00	210.00	210.00	212.00	214.00	216.00	216.00	218.00	219.00	219.00	221.00	221.00	222.00	223.00	223.00	225.00	226.00	228.00	228.00	230.00	230.00	231.00	233.00	233.00	235.00	237.00	239.00	239.00	237.00	237.00	236.00	235.00	235.00	234.00	234.00	233.00	233.00	232.00	232.00	232.00	232.00	232.00	232.00	232.00	232.00	232.00	233.00	233.00	233.00	234.00	234.00	235.00	236.00	236.00	237.00	237.00	237.00	238.00	239.00	239.00	240.00	241.00	241.00	242.00	242.00	242.00	243.00	244.00	244.00	245.00	246.00	246.00	247.00	247.00	248.00	249.00	249.00	250.00	251.00	252.00	252.00	253.00	253.00	254.00	255.00	255.00	256.00	256.00	258.00	258.00	259.00	259.00	260.00	261.00	261.00	262.00	262.00	263.00	264.00	265.00	265.00	266.00	266.00	266.00	267.00	267.00	268.00	268.00	268.00	269.00	270.00	271.00	271.00	271.00	271.00	272.00	273.00	273.00	274.00	275.00	275.00	275.00	275.00	275.00	275.00	275.00	275.00	275.00	276.00	276.00	276.00	276.00	276.00	276.00	276.00	276.00	276.00	276.00	276.00	276.00	276.00	276.00	275.00	275.00	275.00	275.00	274.00	274.00	274.00	274.00	274.00	273.00	273.00	273.00	272.00	272.00	272.00	271.00	271.00	271.00	270.00	270.00	270.00	270.00	269.00	269.00	269.00	269.00	268.00	268.00	268.00	268.00	267.00	266.00	266.00	266.00	266.00	265.00	264.00	264.00	263.00	263.00	261.00	261.00	260.00	260.00	259.00	258.00	258.00	257.00	257.00	257.00	256.00	255.00	255.00	253.00	252.00	252.00	251.00	251.00	250.00	249.00	249.00	248.00	247.00	246.00	246.00	245.00	245.00	244.00	243.00	243.00	242.00	242.00	241.00	241.00	240.00	240.00	240.00	239.00	239.00	239.00	239.00	238.00	238.00	237.00	237.00
191.00	191.00	191.00	191.00	192.00	193.00	193.00	193.00	193.00	194.00	195.00	195.00	195.00	196.00	197.00	197.00	197.00	197.00	198.00	199.00	199.00	200.00	200.00	203.00	203.00	205.00	205.00	207.00	208.00	208.00	210.00	210.00	212.00	214.00	216.00	216.00	218.00	219.00	219.00	221.00	221.00	222.00	223.00	223.00	225.00	226.00	228.00	228.00	230.00	230.00	231.00	233.00	233.00	235.00	237.00	239.00	239.00	237.00	237.00	236.00	235.00	235.00	234.00	234.00	233.00	233.00	232.00	232.00	232.00	232.00	232.00	232.00	232.00	232.00	232.00	233.00	233.00	233.00	234.00	234.00	235.00	236.00	236.00	237.00	237.00	237.00	238.00	239.00	239.00	240.00	241.00	241.00	242.00	242.00	242.00	243.00	244.00	244.00	245.00	246.00	246.00	247.00	247.00	248.00	249.00	249.00	250.00	251.00	252.00	252.00	253.00	253.00	254.00	255.00	255.00	256.00	256.00	258.00	258.00	259.00	259.00	260.00	261.00	261.00	262.00	262.00	263.00	264.00	265.00	265.00	266.00	266.00	266.00	267.00	267.00	268.00	268.00	268.00	269.00	270.00	271.00	271.00	271.00	271.00	272.00	273.00	273.00	274.00	275.00	275.00	275.00	275.00	275.00	275.00	275.00	275.00	275.00	276.00	276.00	276.00	276.00	276.00	276.00	276.00	276.00	276.00	276.00	276.00	276.00	276.00	276.00	275.00	275.00	275.00	275.00	274.00	274.00	274.00	274.00	274.00	273.00	273.00	273.00	272.00	272.00	272.00	271.00	271.00	271.00	270.00	270.00	270.00	270.00	269.00	269.00	269.00	269.00	268.00	268.00	268.00	268.00	267.00	266.00	266.00	266.00	266.00	265.00	264.00	264.00	263.00	263.00	261.00	261.00	260.00	260.00	259.00	258.00	258.00	257.00	257.00	257.00	256.00	255.00	255.00	253.00	252.00	252.00	251.00	251.00	250.00	249.00	249.00	248.00	247.00	246.00	246.00	245.00	245.00	244.00	243.00	243.00	242.00	242.00	241.00	241.00	240.00	240.00	240.00	239.00	239.00	239.00	239.00	238.00	238.00	237.00	237.00
191.00	191.00	191.00	191.00	192.00	193.00	193.00	193.00	193.00	194.00	195.00	195.00	195.00	196.00	197.00	197.00	197.00	197.00	198.00	199.00	199.00	200.00	200.00	203.00	203.00	205.00	205.00	207.00	208.00	208.00	210.00	210.00	212.00	214.00	216.00	216.00	218.00	219.00	219.00	221.00	221.00	222.00	223.00	223.00	225.00	226.00	228.00	228.00	230.00	230.00	231.00	233.00	233.00	235.00	237.00	239.00	239.00	237.00	237.00	236.00	235.00	235.00	234.00	234.00	233.00	233.00	232.00	232.00	232.00	232.00	232.00	232.00	232.00	232.00	232.00	233.00	233.00	233.00	234.00	234.00	235.00	236.00	236.00	237.00	237.00	237.00	238.00	239.00	239.00	240.00	241.00	241.00	242.00	242.00	242.00	243.00	244.00	244.00	245.00	246.00	246.00	247.00	247.00	248.00	249.00	249.00	250.00	251.00	252.00	252.00	253.00	253.00	254.00	255.00	255.00	256.00	256.00	258.00	258.00	259.00	259.00	260.00	261.00	261.00	262.00	262.00	263.00	264.00	265.00	265.00	266.00	266.00	266.00	267.00	267.00	268.00	268.00	268.00	269.00	270.00	271.00	271.00	271.00	271.00	272.00	273.00	273.00	274.00	275.00	275.00	275.00	275.00	275.00	275.00	275.00	275.00	275.00	276.00	276.00	276.00	276.00	276.00	276.00	276.00	276.00	276.00	276.00	276.00	276.00	276.00	276.00	275.00	275.00	275.00	275.00	274.00	274.00	274.00	274.00	274.00	273.00	273.00	273.00	272.00	272.00	272.00	271.00	271.00	271.00	270.00	270.00	270.00	270.00	269.00	269.00	269.00	269.00	268.00	268.00	268.00	268.00	267.00	266.00	266.00	266.00	266.00	265.00	264.00	264.00	263.00	263.00	261.00	261.00	260.00	260.00	259.00	258.00	258.00	257.00	257.00	257.00	256.00	255.00	255.00	253.00	252.00	252.00	251.00	251.00	250.00	249.00	249.00	248.00	247.00	246.00	246.00	245.00	245.00	244.00	243.00	243.00	242.00	242.00	241.00	241.00	240.00	240.00	240.00	239.00	239.00	239.00	239.00	238.00	238.00	237.00	237.00
191.00	191.00	191.00	191.00	192.00	193.00	193.00	193.00	193.00	194.00	195.00	195.00	195.00	196.00	197.00	197.00	197.00	197.00	198.00	199.00	199.00	200.00	200.00	203.00	203.00	205.00	205.00	207.00	208.00	208.00	210.00	210.00	212.00	214.00	216.00	216.00	218.00	219.00	219.00	221.00	221.00	222.00	223.00	223.00	225.00	226.00	228.00	228.00	230.00	230.00	231.00	233.00	233.00	235.00	237.00	239.00	239.00	237.00	237.00	236.00	235.00	235.00	234.00	234.00	233.00	233.00	232.00	232.00	232.00	232.00	232.00	232.00	232.00	232.00	232.00	233.00	233.00	233.00	234.00	234.00	235.00	236.00	236.00	237.00	237.00	237.00	238.00	239.00	239.00	240.00	241.00	241.00	242.00	242.00	242.00	243.00	244.00	244.00	245.00	246.00	246.00	247.00	247.00	248.00	249.00	249.00	250.00	251.00	252.00	252.00	253.00	253.00	254.00	255.00	255.00	256.00	256.00	258.00	258.00	259.00	259.00	260.00	261.00	261.00	262.00	262.00	263.00	264.00	265.00	265.00	266.00	266.00	266.00	267.00	267.00	268.00	268.00	268.00	269.00	270.00	271.00	271.00	271.00	271.00	272.00	273.00	273.00	274.00	275.00	275.00	275.00	275.00	275.00	275.00	275.00	275.00	275.00	276.00	276.00	276.00	276.00	276.00	276.00	276.00	276.00	276.00	276.00	276.00	276.00	276.00	276.00	275.00	275.00	275.00	275.00	274.00	274.00	274.00	274.00	274.00	273.00	273.00	273.00	272.00	272.00	272.00	271.00	271.00	271.00	270.00	270.00	270.00	270.00	269.00	269.00	269.00	269.00	268.00	268.00	268.00	268.00	267.00	266.00	266.00	266.00	266.00	265.00	264.00	264.00	263.00	263.00	261.00	261.00	260.00	260.00	259.00	258.00	258.00	257.00	257.00	257.00	256.00	255.00	255.00	253.00	252.00	252.00	251.00	251.00	250.00	249.00	249.00	248.00	247.00	246.00	246.00	245.00	245.00	244.00	243.00	243.00	242.00	242.00	241.00	241.00	240.00	240.00	240.00	239.00	239.00	239.00	239.00	238.00	238.00	237.00	237.00
191.00	191.00	191.00	191.00	192.00	193.00	193.00	193.00	193.00	194.00	195.00	195.00	195.00	196.00	197.00	197.00	197.00	197.00	198.00	199.00	199.00	200.00	200.00	203.00	203.00	205.00	205.00	207.00	208.00	208.00	210.00	210.00	212.00	214.00	216.00	216.00	218.00	219.00	219.00	221.00	221.00	222.00	223.00	223.00	225.00	226.00	228.00	228.00	230.00	230.00	231.00	233.00	233.00	235.00	237.00	239.00	239.00	237.00	237.00	236.00	235.00	235.00	234.00	234.00	233.00	233.00	232.00	232.00	232.00	232.00	232.00	232.00	232.00	232.00	232.00	233.00	233.00	233.00	234.00	234.00	235.00	236.00	236.00	237.00	237.00	237.00	238.00	239.00	239.00	240.00	241.00	241.00	242.00	242.00	242.00	243.00	244.00	244.00	245.00	246.00	246.00	247.00	247.00	248.00	249.00	249.00	250.00	251.00	252.00	252.00	253.00	253.00	254.00	255.00	255.00	256.00	256.00	258.00	258.00	259.00	259.00	260.00	261.00	261.00	262.00	262.00	263.00	264.00	265.00	265.00	266.00	266.00	266.00	267.00	267.00	268.00	268.00	268.00	269.00	270.00	271.00	271.00	271.00	271.00	272.00	273.00	273.00	274.00	275.00	275.00	275.00	275.00	275.00	275.00	275.00	275.00	275.00	276.00	276.00	276.00	276.00	276.00	276.00	276.00	276.00	276.00	276.00	276.00	276.00	276.00	276.00	275.00	275.00	275.00	275.00	274.00	274.00	274.00	274.00	274.00	273.00	273.00	273.00	272.00	272.00	272.00	271.00	271.00	271.00	270.00	270.00	270.00	270.00	269.00	269.00	269.00	269.00	268.00	268.00	268.00	268.00	267.00	266.00	266.00	266.00	266.00	265.00	264.00	264.00	263.00	263.00	261.00	261.00	260.00	260.00	259.00	258.00	258.00	257.00	257.00	257.00	256.00	255.00	255.00	253.00	252.00	252.00	251.00	251.00	250.00	249.00	249.00	248.00	247.00	246.00	246.00	245.00	245.00	244.00	243.00	243.00	242.00	242.00	241.00	241.00	240.00	240.00	240.00	239.00	239.00	239.00	239.00	238.00	238.00	237.00	237.00
191.00	191.00	191.00	191.00	192.00	193.00	193.00	193.00	193.00	194.00	195.00	195.00	195.00	196.00	197.00	197.00	197.00	197.00	198.00	199.00	199.00	200.00	200.00	203.00	203.00	205.00	205.00	207.00	208.00	208.00	210.00	210.00	212.00	214.00	216.00	216.00	218.00	219.00	219.00	221.00	221.00	222.00	223.00	223.00	225.00	226.00	228.00	228.00	230.00	230.00	231.00	233.00	233.00	235.00	237.00	239.00	239.00	237.00	237.00	236.00	235.00	235.00	234.00	234.00	233.00	233.00	232.00	232.00	232.00	232.00	232.00	232.00	232.00	232.00	232.00	233.00	233.00	233.00	234.00	234.00	235.00	236.00	236.00	237.00	237.00	237.00	238.00	239.00	239.00	240.00	241.00	241.00	242.00	242.00	242.00	243.00	244.00	244.00	245.00	246.00	246.00	247.00	247.00	248.00	249.00	249.00	250.00	251.00	252.00	252.00	253.00	253.00	254.00	255.00	255.00	256.00	256.00	258.00	258.00	259.00	259.00	260.00	261.00	261.00	262.00	262.00	263.00	264.00	265.00	265.00	266.00	266.00	266.00	267.00	267.00	268.00	268.00	268.00	269.00	270.00	271.00	271.00	271.00	271.00	272.00	273.00	273.00	274.00	275.00	275.00	275.00	275.00	275.00	275.00	275.00	275.00	275.00	276.00	276.00	276.00	276.00	276.00	276.00	276.00	276.00	276.00	276.00	276.00	276.00	276.00	276.00	275.00	275.00	275.00	275.00	274.00	274.00	274.00	274.00	274.00	273.00	273.00	273.00	272.00	272.00	272.00	271.00	271.00	271.00	270.00	270.00	270.00	270.00	269.00	269.00	269.00	269.00	268.00	268.00	268.00	268.00	267.00	266.00	266.00	266.00	266.00	265.00	264.00	264.00	263.00	263.00	261.00	261.00	260.00	260.00	259.00	258.00	258.00	257.00	257.00	257.00	256.00	255.00	255.00	253.00	252.00	252.00	251.00	251.00	250.00	249.00	249.00	248.00	247.00	246.00	246.00	245.00	245.00	244.00	243.00	243.00	242.00	242.00	241.00	241.00	240.00	240.00	240.00	239.00	239.00	239.00	239.00	238.00	238.00	237.00	237.00
191.00	191.00	191.00	191.00	192.00	193.00	193.00	193.00	193.00	194.00	195.00	195.00	195.00	196.00	197.00	197.00	197.00	197.00	198.00	199.00	199.00	200.00	200.00	203.00	203.00	205.00	205.00	207.00	208.00	208.00	210.00	210.00	212.00	214.00	216.00	216.00	218.00	219.00	219.00	221.00	221.00	222.00	223.00	223.00	225.00	226.00	228.00	228.00	230.00	230.00	231.00	233.00	233.00	235.00	237.00	239.00	239.00	237.00	237.00	236.00	235.00	235.00	234.00	234.00	233.00	233.00	232.00	232.00	232.00	232.00	232.00	232.00	232.00	232.00	232.00	233.00	233.00	233.00	234.00	234.00	235.00	236.00	236.00	237.00	237.00	237.00	238.00	239.00	239.00	240.00	241.00	241.00	242.00	242.00	242.00	243.00	244.00	244.00	245.00	246.00	246.00	247.00	247.00	248.00	249.00	249.00	250.00	251.00	252.00	252.00	253.00	253.00	254.00	255.00	255.00	256.00	256.00	258.00	258.00	259.00	259.00	260.00	261.00	261.00	262.00	262.00	263.00	264.00	265.00	265.00	266.00	266.00	266.00	267.00	267.00	268.00	268.00	268.00	269.00	270.00	271.00	271.00	271.00	271.00	272.00	273.00	273.00	274.00	275.00	275.00	275.00	275.00	275.00	275.00	275.00	275.00	275.00	276.00	276.00	276.00	276.00	276.00	276.00	276.00	276.00	276.00	276.00	276.00	276.00	276.00	276.00	275.00	275.00	275.00	275.00	274.00	274.00	274.00	274.00	274.00	273.00	273.00	273.00	272.00	272.00	272.00	271.00	271.00	271.00	270.00	270.00	270.00	270.00	269.00	269.00	269.00	269.00	268.00	268.00	268.00	268.00	267.00	266.00	266.00	266.00	266.00	265.00	264.00	264.00	263.00	263.00	261.00	261.00	260.00	260.00	259.00	258.00	258.00	257.00	257.00	257.00	256.00	255.00	255.00	253.00	252.00	252.00	251.00	251.00	250.00	249.00	249.00	248.00	247.00	246.00	246.00	245.00	245.00	244.00	243.00	243.00	242.00	242.00	241.00	241.00	240.00	240.00	240.00	239.00	239.00	239.00	239.00	238.00	238.00	237.00	237.00
191.00	191.00	191.00	191.00	192.00	193.00	193.00	193.00	193.00	194.00	195.00	195.00	195.00	196.00	197.00	197.00	197.00	197.00	198.00	199.00	199.00	200.00	200.00	203.00	203.00	205.00	205.00	207.00	208.00	208.00	210.00	210.00	212.00	214.00	216.00	216.00	218.00	219.00	219.00	221.00	221.00	222.00	223.00	223.00	225.00	226.00	228.00	228.00	230.00	230.00	231.00	233.00	233.00	235.00	237.00	239.00	239.00	237.00	237.00	236.00	235.00	235.00	234.00	234.00	233.00	233.00	232.00	232.00	232.00	232.00	232.00	232.00	232.00	232.00	232.00	233.00	233.00	233.00	234.00	234.00	235.00	236.00	236.00	237.00	237.00	237.00	238.00	239.00	239.00	240.00	241.00	241.00	242.00	242.00	242.00	243.00	244.00	244.00	245.00	246.00	246.00	247.00	247.00	248.00	249.00	249.00	250.00	251.00	252.00	252.00	253.00	253.00	254.00	255.00	255.00	256.00	256.00	258.00	258.00	259.00	259.00	260.00	261.00	261.00	262.00	262.00	263.00	264.00	265.00	265.00	266.00	266.00	266.00	267.00	267.00	268.00	268.00	268.00	269.00	270.00	271.00	271.00	271.00	271.00	272.00	273.00	273.00	274.00	275.00	275.00	275.00	275.00	275.00	275.00	275.00	275.00	275.00	276.00	276.00	276.00	276.00	276.00	276.00	276.00	276.00	276.00	276.00	276.00	276.00	276.00	276.00	275.00	275.00	275.00	275.00	274.00	274.00	274.00	274.00	274.00	273.00	273.00	273.00	272.00	272.00	272.00	271.00	271.00	271.00	270.00	270.00	270.00	270.00	269.00	269.00	269.00	269.00	268.00	268.00	268.00	268.00	267.00	266.00	266.00	266.00	266.00	265.00	264.00	264.00	263.00	263.00	261.00	261.00	260.00	260.00	259.00	258.00	258.00	257.00	257.00	257.00	256.00	255.00	255.00	253.00	252.00	252.00	251.00	251.00	250.00	249.00	249.00	248.00	247.00	246.00	246.00	245.00	245.00	244.00	243.00	243.00	242.00	242.00	241.00	241.00	240.00	240.00	240.00	239.00	239.00	239.00	239.00	238.00	238.00	237.00	237.00
191.00	191.00	191.00	191.00	192.00	193.00	193.00	193.00	193.00	194.00	195.00	195.00	195.00	196.00	197.00	197.00	197.00	197.00	198.00	199.00	199.00	200.00	200.00	203.00	203.00	205.00	205.00	207.00	208.00	208.00	210.00	210.00	212.00	214.00	216.00	216.00	218.00	219.00	219.00	221.00	221.00	222.00	223.00	223.00	225.00	226.00	228.00	228.00	230.00	230.00	231.00	233.00	233.00	235.00	237.00	239.00	239.00	237.00	237.00	236.00	235.00	235.00	234.00	234.00	233.00	233.00	232.00	232.00	232.00	232.00	232.00	232.00	232.00	232.00	232.00	233.00	233.00	233.00	234.00	234.00	235.00	236.00	236.00	237.00	237.00	237.00	238.00	239.00	239.00	240.00	241.00	241.00	242.00	242.00	242.00	243.00	244.00	244.00	245.00	246.00	246.00	247.00	247.00	248.00	249.00	249.00	250.00	251.00	252.00	252.00	253.00	253.00	254.00	255.00	255.00	256.00	256.00	258.00	258.00	259.00	259.00	260.00	261.00	261.00	262.00	262.00	263.00	264.00	265.00	265.00	266.00	266.00	266.00	267.00	267.00	268.00	268.00	268.00	269.00	270.00	271.00	271.00	271.00	271.00	272.00	273.00	273.00	274.00	275.00	275.00	275.00	275.00	275.00	275.00	275.00	275.00	275.00	276.00	276.00	276.00	276.00	276.00	276.00	276.00	276.00	276.00	276.00	276.00	276.00	276.00	276.00	275.00	275.00	275.00	275.00	274.00	274.00	274.00	274.00	274.00	273.00	273.00	273.00	272.00	272.00	272.00	271.00	271.00	271.00	270.00	270.00	270.00	270.00	269.00	269.00	269.00	269.00	268.00	268.00	268.00	268.00	267.00	266.00	266.00	266.00	266.00	265.00	264.00	264.00	263.00	263.00	261.00	261.00	260.00	260.00	259.00	258.00	258.00	257.00	257.00	257.00	256.00	255.00	255.00	253.00	252.00	252.00	251.00	251.00	250.00	249.00	249.00	248.00	247.00	246.00	246.00	245.00	245.00	244.00	243.00	243.00	242.00	242.00	241.00	241.00	240.00	240.00	240.00	239.00	239.00	239.00	239.00	238.00	238.00	237.00	237.00
211.00	211.00	211.00	211.00	211.00	211.00	211.00	211.00	211.00	211.00	211.00	211.00	212.00	212.00	213.00	213.00	214.00	214.00	215.00	216.00	216.00	217.00	217.00	219.00	219.00	220.00	220.00	220.00	220.00	220.00	220.00	220.00	220.00	221.00	222.00	222.00	223.00	224.00	224.00	225.00	225.00	227.00	228.00	228.00	229.00	230.00	230.00	230.00	231.00	231.00	231.00	231.00	231.00	231.00	231.00	231.00	231.00	231.00	231.00	231.00	231.00	231.00	230.00	231.00	231.00	231.00	232.00	232.00	232.00	233.00	233.00	234.00	235.00	235.00	236.00	236.00	236.00	237.00	238.00	238.00	239.00	240.00	240.00	241.00	241.00	242.00	243.00	245.00	245.00	246.00	247.00	247.00	248.00	248.00	249.00	251.00	252.00	252.00	253.00	255.00	255.00	256.00	256.00	257.00	258.00	258.00	259.00	260.00	261.00	261.00	262.00	262.00	263.00	265.00	265.00	266.00	266.00	269.00	269.00	270.00	270.00	270.00	271.00	271.00	271.00	271.00	272.00	273.00	273.00	273.00	274.00	275.00	275.00	276.00	276.00	277.00	278.00	278.00	278.00	278.00	278.00	278.00	278.00	278.00	278.00	278.00	278.00	278.00	278.00	278.00	278.00	278.00	278.00	278.00	278.00	278.00	278.00	278.00	278.00	278.00	277.00	277.00	277.00	277.00	277.00	277.00	277.00	277.00	277.00	277.00	276.00	276.00	276.00	276.00	276.00	276.00	276.00	275.00	275.00	275.00	275.00	275.00	275.00	274.00	274.00	274.00	274.00	274.00	274.00	273.00	273.00	273.00	273.00	272.00	272.00	272.00	272.00	271.00	270.00	270.00	270.00	269.00	268.00	268.00	267.00	267.00	266.00	266.00	266.00	265.00	265.00	263.00	263.00	262.00	262.00	260.00	259.00	259.00	258.00	258.00	257.00	255.00	254.00	254.00	253.00	252.00	252.00	250.00	250.00	249.00	248.00	248.00	247.00	246.00	245.00	245.00	244.00	244.00	243.00	243.00	243.00	242.00	242.00	240.00	240.00	240.00	240.00	239.00	239.00	239.00	239.00	239.00	238.00	238.00	238.00	238.00
211.00	211.00	211.00	211.00	211.00	211.00	211.00	211.00	211.00	211.00	211.00	211.00	212.00	212.00	213.00	213.00	214.00	214.00	215.00	216.00	216.00	217.00	217.00	219.00	219.00	220.00	220.00	220.00	220.00	220.00	220.00	220.00	220.00	221.00	222.00	222.00	223.00	224.00	224.00	225.00	225.00	227.00	228.00	228.00	229.00	230.00	230.00	230.00	231.00	231.00	231.00	231.00	231.00	231.00	231.00	231.00	231.00	231.00	231.00	231.00	231.00	231.00	230.00	231.00	231.00	231.00	232.00	232.00	232.00	233.00	233.00	234.00	235.00	235.00	236.00	236.00	236.00	237.00	238.00	238.00	239.00	240.00	240.00	241.00	241.00	242.00	243.00	245.00	245.00	246.00	247.00	247.00	248.00	248.00	249.00	251.00	252.00	252.00	253.00	255.00	255.00	256.00	256.00	257.00	258.00	258.00	259.00	260.00	261.00	261.00	262.00	262.00	263.00	265.00	265.00	266.00	266.00	269.00	269.00	270.00	270.00	270.00	271.00	271.00	271.00	271.00	272.00	273.00	273.00	273.00	274.00	275.00	275.00	276.00	276.00	277.00	278.00	278.00	278.00	278.00	278.00	278.00	278.00	278.00	278.00	278.00	278.00	278.00	278.00	278.00	278.00	278.00	278.00	278.00	278.00	278.00	278.00	278.00	278.00	278.00	277.00	277.00	277.00	277.00	277.00	277.00	277.00	277.00	277.00	277.00	276.00	276.00	276.00	276.00	276.00	276.00	276.00	275.00	275.00	275.00	275.00	275.00	275.00	274.00	274.00	274.00	274.00	274.00	274.00	273.00	273.00	273.00	273.00	272.00	272.00	272.00	272.00	271.00	270.00	270.00	270.00	269.00	268.00	268.00	267.00	267.00	266.00	266.00	266.00	265.00	265.00	263.00	263.00	262.00	262.00	260.00	259.00	259.00	258.00	258.00	257.00	255.00	254.00	254.00	253.00	252.00	252.00	250.00	250.00	249.00	248.00	248.00	247.00	246.00	245.00	245.00	244.00	244.00	243.00	243.00	243.00	242.00	242.00	240.00	240.00	240.00	240.00	239.00	239.00	239.00	239.00	239.00	238.00	238.00	238.00	238.00
211.00	211.00	211.00	211.00	211.00	211.00	211.00	211.00	211.00	211.00	211.00	211.00	212.00	212.00	213.00	213.00	214.00	214.00	215.00	216.00	216.00	217.00	217.00	219.00	219.00	220.00	220.00	220.00	220.00	220.00	220.00	220.00	220.00	221.00	222.00	222.00	223.00	224.00	224.00	225.00	225.00	227.00	228.00	228.00	229.00	230.00	230.00	230.00	231.00	231.00	231.00	231.00	231.00	231.00	231.00	231.00	231.00	231.00	231.00	231.00	231.00	231.00	230.00	231.00	231.00	231.00	232.00	232.00	232.00	233.00	233.00	234.00	235.00	235.00	236.00	236.00	236.00	237.00	238.00	238.00	239.00	240.00	240.00	241.00	241.00	242.00	243.00	245.00	245.00	246.00	247.00	247.00	248.00	248.00	249.00	251.00	252.00	252.00	253.00	255.00	255.00	256.00	256.00	257.00	258.00	258.00	259.00	260.00	261.00	261.00	262.00	262.00	263.00	265.00	265.00	266.00	266.00	269.00	269.00	270.00	270.00	270.00	271.00	271.00	271.00	271.00	272.00	273.00	273.00	273.00	274.00	275.00	275.00	276.00	276.00	277.00	278.00	278.00	278.00	278.00	278.00	278.00	278.00	278.00	278.00	278.00	278.00	278.00	278.00	278.00	278.00	278.00	278.00	278.00	278.00	278.00	278.00	278.00	278.00	278.00	277.00	277.00	277.00	277.00	277.00	277.00	277.00	277.00	277.00	277.00	276.00	276.00	276.00	276.00	276.00	276.00	276.00	275.00	275.00	275.00	275.00	275.00	275.00	274.00	274.00	274.00	274.00	274.00	274.00	273.00	273.00	273.00	273.00	272.00	272.00	272.00	272.00	271.00	270.00	270.00	270.00	269.00	268.00	268.00	267.00	267.00	266.00	266.00	266.00	265.00	265.00	263.00	263.00	262.00	262.00	260.00	259.00	259.00	258.00	258.00	257.00	255.00	254.00	254.00	253.00	252.00	252.00	250.00	250.00	249.00	248.00	248.00	247.00	246.00	245.00	245.00	244.00	244.00	243.00	243.00	243.00	242.00	242.00	240.00	240.00	240.00	240.00	239.00	239.00	239.00	239.00	239.00	238.00	238.00	238.00	238.00
211.00	211.00	211.00	211.00	211.00	211.00	211.00	211.00	211.00	211.00	211.00	211.00	212.00	212.00	213.00	213.00	214.00	214.00	215.00	216.00	216.00	217.00	217.00	219.00	219.00	220.00	220.00	220.00	220.00	220.00	220.00	220.00	220.00	221.00	222.00	222.00	223.00	224.00	224.00	225.00	225.00	227.00	228.00	228.00	229.00	230.00	230.00	230.00	231.00	231.00	231.00	231.00	231.00	231.00	231.00	231.00	231.00	231.00	231.00	231.00	231.00	231.00	230.00	231.00	231.00	231.00	232.00	232.00	232.00	233.00	233.00	234.00	235.00	235.00	236.00	236.00	236.00	237.00	238.00	238.00	239.00	240.00	240.00	241.00	241.00	242.00	243.00	245.00	245.00	246.00	247.00	247.00	248.00	248.00	249.00	251.00	252.00	252.00	253.00	255.00	255.00	256.00	256.00	257.00	258.00	258.00	259.00	260.00	261.00	261.00	262.00	262.00	263.00	265.00	265.00	266.00	266.00	269.00	269.00	270.00	270.00	270.00	271.00	271.00	271.00	271.00	272.00	273.00	273.00	273.00	274.00	275.00	275.00	276.00	276.00	277.00	278.00	278.00	278.00	278.00	278.00	278.00	278.00	278.00	278.00	278.00	278.00	278.00	278.00	278.00	278.00	278.00	278.00	278.00	278.00	278.00	278.00	278.00	278.00	278.00	277.00	277.00	277.00	277.00	277.00	277.00	277.00	277.00	277.00	277.00	276.00	276.00	276.00	276.00	276.00	276.00	276.00	275.00	275.00	275.00	275.00	275.00	275.00	274.00	274.00	274.00	274.00	274.00	274.00	273.00	273.00	273.00	273.00	272.00	272.00	272.00	272.00	271.00	270.00	270.00	270.00	269.00	268.00	268.00	267.00	267.00	266.00	266.00	266.00	265.00	265.00	263.00	263.00	262.00	262.00	260.00	259.00	259.00	258.00	258.00	257.00	255.00	254.00	254.00	253.00	252.00	252.00	250.00	250.00	249.00	248.00	248.00	247.00	246.00	245.00	245.00	244.00	244.00	243.00	243.00	243.00	242.00	242.00	240.00	240.00	240.00	240.00	239.00	239.00	239.00	239.00	239.00	238.00	238.00	238.00	238.00
211.00	211.00	211.00	211.00	211.00	211.00	211.00	211.00	211.00	211.00	211.00	211.00	212.00	212.00	213.00	213.00	214.00	214.00	215.00	216.00	216.00	217.00	217.00	219.00	219.00	220.00	220.00	220.00	220.00	220.00	220.00	220.00	220.00	221.00	222.00	222.00	223.00	224.00	224.00	225.00	225.00	227.00	228.00	228.00	229.00	230.00	230.00	230.00	231.00	231.00	231.00	231.00	231.00	231.00	231.00	231.00	231.00	231.00	231.00	231.00	231.00	231.00	230.00	231.00	231.00	231.00	232.00	232.00	232.00	233.00	233.00	234.00	235.00	235.00	236.00	236.00	236.00	237.00	238.00	238.00	239.00	240.00	240.00	241.00	241.00	242.00	243.00	245.00	245.00	246.00	247.00	247.00	248.00	248.00	249.00	251.00	252.00	252.00	253.00	255.00	255.00	256.00	256.00	257.00	258.00	258.00	259.00	260.00	261.00	261.00	262.00	262.00	263.00	265.00	265.00	266.00	266.00	269.00	269.00	270.00	270.00	270.00	271.00	271.00	271.00	271.00	272.00	273.00	273.00	273.00	274.00	275.00	275.00	276.00	276.00	277.00	278.00	278.00	278.00	278.00	278.00	278.00	278.00	278.00	278.00	278.00	278.00	278.00	278.00	278.00	278.00	278.00	278.00	278.00	278.00	278.00	278.00	278.00	278.00	278.00	277.00	277.00	277.00	277.00	277.00	277.00	277.00	277.00	277.00	277.00	276.00	276.00	276.00	276.00	276.00	276.00	276.00	275.00	275.00	275.00	275.00	275.00	275.00	274.00	274.00	274.00	274.00	274.00	274.00	273.00	273.00	273.00	273.00	272.00	272.00	272.00	272.00	271.00	270.00	270.00	270.00	269.00	268.00	268.00	267.00	267.00	266.00	266.00	266.00	265.00	265.00	263.00	263.00	262.00	262.00	260.00	259.00	259.00	258.00	258.00	257.00	255.00	254.00	254.00	253.00	252.00	252.00	250.00	250.00	249.00	248.00	248.00	247.00	246.00	245.00	245.00	244.00	244.00	243.00	243.00	243.00	242.00	242.00	240.00	240.00	240.00	240.00	239.00	239.00	239.00	239.00	239.00	238.00	238.00	238.00	238.00
211.00	211.00	211.00	211.00	211.00	211.00	211.00	211.00	211.00	211.00	211.00	211.00	212.00	212.00	213.00	213.00	214.00	214.00	215.00	216.00	216.00	217.00	217.00	219.00	219.00	220.00	220.00	220.00	220.00	220.00	220.00	220.00	220.00	221.00	222.00	222.00	223.00	224.00	224.00	225.00	225.00	227.00	228.00	228.00	229.00	230.00	230.00	230.00	231.00	231.00	231.00	231.00	231.00	231.00	231.00	231.00	231.00	231.00	231.00	231.00	231.00	231.00	230.00	231.00	231.00	231.00	232.00	232.00	232.00	233.00	233.00	234.00	235.00	235.00	236.00	236.00	236.00	237.00	238.00	238.00	239.00	240.00	240.00	241.00	241.00	242.00	243.00	245.00	245.00	246.00	247.00	247.00	248.00	248.00	249.00	251.00	252.00	252.00	253.00	255.00	255.00	256.00	256.00	257.00	258.00	258.00	259.00	260.00	261.00	261.00	262.00	262.00	263.00	265.00	265.00	266.00	266.00	269.00	269.00	270.00	270.00	270.00	271.00	271.00	271.00	271.00	272.00	273.00	273.00	273.00	274.00	275.00	275.00	276.00	276.00	277.00	278.00	278.00	278.00	278.00	278.00	278.00	278.00	278.00	278.00	278.00	278.00	278.00	278.00	278.00	278.00	278.00	278.00	278.00	278.00	278.00	278.00	278.00	278.00	278.00	277.00	277.00	277.00	277.00	277.00	277.00	277.00	277.00	277.00	277.00	276.00	276.00	276.00	276.00	276.00	276.00	276.00	275.00	275.00	275.00	275.00	275.00	275.00	274.00	274.00	274.00	274.00	274.00	274.00	273.00	273.00	273.00	273.00	272.00	272.00	272.00	272.00	271.00	270.00	270.00	270.00	269.00	268.00	268.00	267.00	267.00	266.00	266.00	266.00	265.00	265.00	263.00	263.00	262.00	262.00	260.00	259.00	259.00	258.00	258.00	257.00	255.00	254.00	254.00	253.00	252.00	252.00	250.00	250.00	249.00	248.00	248.00	247.00	246.00	245.00	245.00	244.00	244.00	243.00	243.00	243.00	242.00	242.00	240.00	240.00	240.00	240.00	239.00	239.00	239.00	239.00	239.00	238.00	238.00	238.00	238.00
211.00	211.00	211.00	211.00	211.00	211.00	211.00	211.00	211.00	211.00	211.00	211.00	212.00	212.00	213.00	213.00	214.00	214.00	215.00	216.00	216.00	217.00	217.00	219.00	219.00	220.00	220.00	220.00	220.00	220.00	220.00	220.00	220.00	221.00	222.00	222.00	223.00	224.00	224.00	225.00	225.00	227.00	228.00	228.00	229.00	230.00	230.00	230.00	231.00	231.00	231.00	231.00	231.00	231.00	231.00	231.00	231.00	231.00	231.00	231.00	231.00	231.00	230.00	231.00	231.00	231.00	232.00	232.00	232.00	233.00	233.00	234.00	235.00	235.00	236.00	236.00	236.00	237.00	238.00	238.00	239.00	240.00	240.00	241.00	241.00	242.00	243.00	245.00	245.00	246.00	247.00	247.00	248.00	248.00	249.00	251.00	252.00	252.00	253.00	255.00	255.00	256.00	256.00	257.00	258.00	258.00	259.00	260.00	261.00	261.00	262.00	262.00	263.00	265.00	265.00	266.00	266.00	269.00	269.00	270.00	270.00	270.00	271.00	271.00	271.00	271.00	272.00	273.00	273.00	273.00	274.00	275.00	275.00	276.00	276.00	277.00	278.00	278.00	278.00	278.00	278.00	278.00	278.00	278.00	278.00	278.00	278.00	278.00	278.00	278.00	278.00	278.00	278.00	278.00	278.00	278.00	278.00	278.00	278.00	278.00	277.00	277.00	277.00	277.00	277.00	277.00	277.00	277.00	277.00	277.00	276.00	276.00	276.00	276.00	276.00	276.00	276.00	275.00	275.00	275.00	275.00	275.00	275.00	274.00	274.00	274.00	274.00	274.00	274.00	273.00	273.00	273.00	273.00	272.00	272.00	272.00	272.00	271.00	270.00	270.00	270.00	269.00	268.00	268.00	267.00	267.00	266.00	266.00	266.00	265.00	265.00	263.00	263.00	262.00	262.00	260.00	259.00	259.00	258.00	258.00	257.00	255.00	254.00	254.00	253.00	252.00	252.00	250.00	250.00	249.00	248.00	248.00	247.00	246.00	245.00	245.00	244.00	244.00	243.00	243.00	243.00	242.00	242.00	240.00	240.00	240.00	240.00	239.00	239.00	239.00	239.00	239.00	238.00	238.00	238.00	238.00
211.00	211.00	211.00	211.00	211.00	211.00	211.00	211.00	211.00	211.00	211.00	211.00	212.00	212.00	213.00	213.00	214.00	214.00	215.00	216.00	216.00	217.00	217.00	219.00	219.00	220.00	220.00	220.00	220.00	220.00	220.00	220.00	220.00	221.00	222.00	222.00	223.00	224.00	224.00	225.00	225.00	227.00	228.00	228.00	229.00	230.00	230.00	230.00	231.00	231.00	231.00	231.00	231.00	231.00	231.00	231.00	231.00	231.00	231.00	231.00	231.00	231.00	230.00	231.00	231.00	231.00	232.00	232.00	232.00	233.00	233.00	234.00	235.00	235.00	236.00	236.00	236.00	237.00	238.00	238.00	239.00	240.00	240.00	241.00	241.00	242.00	243.00	245.00	245.00	246.00	247.00	247.00	248.00	248.00	249.00	251.00	252.00	252.00	253.00	255.00	255.00	256.00	256.00	257.00	258.00	258.00	259.00	260.00	261.00	261.00	262.00	262.00	263.00	265.00	265.00	266.00	266.00	269.00	269.00	270.00	270.00	270.00	271.00	271.00	271.00	271.00	272.00	273.00	273.00	273.00	274.00	275.00	275.00	276.00	276.00	277.00	278.00	278.00	278.00	278.00	278.00	278.00	278.00	278.00	278.00	278.00	278.00	278.00	278.00	278.00	278.00	278.00	278.00	278.00	278.00	278.00	278.00	278.00	278.00	278.00	277.00	277.00	277.00	277.00	277.00	277.00	277.00	277.00	277.00	277.00	276.00	276.00	276.00	276.00	276.00	276.00	276.00	275.00	275.00	275.00	275.00	275.00	275.00	274.00	274.00	274.00	274.00	274.00	274.00	273.00	273.00	273.00	273.00	272.00	272.00	272.00	272.00	271.00	270.00	270.00	270.00	269.00	268.00	268.00	267.00	267.00	266.00	266.00	266.00	265.00	265.00	263.00	263.00	262.00	262.00	260.00	259.00	259.00	258.00	258.00	257.00	255.00	254.00	254.00	253.00	252.00	252.00	250.00	250.00	249.00	248.00	248.00	247.00	246.00	245.00	245.00	244.00	244.00	243.00	243.00	243.00	242.00	242.00	240.00	240.00	240.00	240.00	239.00	239.00	239.00	239.00	239.00	238.00	238.00	238.00	238.00
211.00	211.00	211.00	211.00	211.00	211.00	211.00	211.00	211.00	211.00	211.00	211.00	212.00	212.00	213.00	213.00	214.00	214.00	215.00	216.00	216.00	217.00	217.00	219.00	219.00	220.00	220.00	220.00	220.00	220.00	220.00	220.00	220.00	221.00	222.00	222.00	223.00	224.00	224.00	225.00	225.00	227.00	228.00	228.00	229.00	230.00	230.00	230.00	231.00	231.00	231.00	231.00	231.00	231.00	231.00	231.00	231.00	231.00	231.00	231.00	231.00	231.00	230.00	231.00	231.00	231.00	232.00	232.00	232.00	233.00	233.00	234.00	235.00	235.00	236.00	236.00	236.00	237.00	238.00	238.00	239.00	240.00	240.00	241.00	241.00	242.00	243.00	245.00	245.00	246.00	247.00	247.00	248.00	248.00	249.00	251.00	252.00	252.00	253.00	255.00	255.00	256.00	256.00	257.00	258.00	258.00	259.00	260.00	261.00	261.00	262.00	262.00	263.00	265.00	265.00	266.00	266.00	269.00	269.00	270.00	270.00	270.00	271.00	271.00	271.00	271.00	272.00	273.00	273.00	273.00	274.00	275.00	275.00	276.00	276.00	277.00	278.00	278.00	278.00	278.00	278.00	278.00	278.00	278.00	278.00	278.00	278.00	278.00	278.00	278.00	278.00	278.00	278.00	278.00	278.00	278.00	278.00	278.00	278.00	278.00	277.00	277.00	277.00	277.00	277.00	277.00	277.00	277.00	277.00	277.00	276.00	276.00	276.00	276.00	276.00	276.00	276.00	275.00	275.00	275.00	275.00	275.00	275.00	274.00	274.00	274.00	274.00	274.00	274.00	273.00	273.00	273.00	273.00	272.00	272.00	272.00	272.00	271.00	270.00	270.00	270.00	269.00	268.00	268.00	267.00	267.00	266.00	266.00	266.00	265.00	265.00	263.00	263.00	262.00	262.00	260.00	259.00	259.00	258.00	258.00	257.00	255.00	254.00	254.00	253.00	252.00	252.00	250.00	250.00	249.00	248.00	248.00	247.00	246.00	245.00	245.00	244.00	244.00	243.00	243.00	243.00	242.00	242.00	240.00	240.00	240.00	240.00	239.00	239.00	239.00	239.00	239.00	238.00	238.00	238.00	238.00
211.00	211.00	211.00	211.00	211.00	211.00	211.00	211.00	211.00	211.00	211.00	211.00	212.00	212.00	213.00	213.00	214.00	214.00	215.00	216.00	216.00	217.00	217.00	219.00	219.00	220.00	220.00	220.00	220.00	220.00	220.00	220.00	220.00	221.00	222.00	222.00	223.00	224.00	224.00	225.00	225.00	227.00	228.00	228.00	229.00	230.00	230.00	230.00	231.00	231.00	231.00	231.00	231.00	231.00	231.00	231.00	231.00	231.00	231.00	231.00	231.00	231.00	230.00	231.00	231.00	231.00	232.00	232.00	232.00	233.00	233.00	234.00	235.00	235.00	236.00	236.00	236.00	237.00	238.00	238.00	239.00	240.00	240.00	241.00	241.00	242.00	243.00	245.00	245.00	246.00	247.00	247.00	248.00	248.00	249.00	251.00	252.00	252.00	253.00	255.00	255.00	256.00	256.00	257.00	258.00	258.00	259.00	260.00	261.00	261.00	262.00	262.00	263.00	265.00	265.00	266.00	266.00	269.00	269.00	270.00	270.00	270.00	271.00	271.00	271.00	271.00	272.00	273.00	273.00	273.00	274.00	275.00	275.00	276.00	276.00	277.00	278.00	278.00	278.00	278.00	278.00	278.00	278.00	278.00	278.00	278.00	278.00	278.00	278.00	278.00	278.00	278.00	278.00	278.00	278.00	278.00	278.00	278.00	278.00	278.00	277.00	277.00	277.00	277.00	277.00	277.00	277.00	277.00	277.00	277.00	276.00	276.00	276.00	276.00	276.00	276.00	276.00	275.00	275.00	275.00	275.00	275.00	275.00	274.00	274.00	274.00	274.00	274.00	274.00	273.00	273.00	273.00	273.00	272.00	272.00	272.00	272.00	271.00	270.00	270.00	270.00	269.00	268.00	268.00	267.00	267.00	266.00	266.00	266.00	265.00	265.00	263.00	263.00	262.00	262.00	260.00	259.00	259.00	258.00	258.00	257.00	255.00	254.00	254.00	253.00	252.00	252.00	250.00	250.00	249.00	248.00	248.00	247.00	246.00	245.00	245.00	244.00	244.00	243.00	243.00	243.00	242.00	242.00	240.00	240.00	240.00	240.00	239.00	239.00	239.00	239.00	239.00	238.00	238.00	238.00	238.00
211.00	211.00	211.00	211.00	211.00	211.00	211.00	211.00	211.00	211.00	211.00	211.00	212.00	212.00	213.00	213.00	214.00	214.00	215.00	216.00	216.00	217.00	217.00	219.00	219.00	220.00	220.00	220.00	220.00	220.00	220.00	220.00	220.00	221.00	222.00	222.00	223.00	224.00	224.00	225.00	225.00	227.00	228.00	228.00	229.00	230.00	230.00	230.00	231.00	231.00	231.00	231.00	231.00	231.00	231.00	231.00	231.00	231.00	231.00	231.00	231.00	231.00	230.00	231.00	231.00	231.00	232.00	232.00	232.00	233.00	233.00	234.00	235.00	235.00	236.00	236.00	236.00	237.00	238.00	238.00	239.00	240.00	240.00	241.00	241.00	242.00	243.00	245.00	245.00	246.00	247.00	247.00	248.00	248.00	249.00	251.00	252.00	252.00	253.00	255.00	255.00	256.00	256.00	257.00	258.00	258.00	259.00	260.00	261.00	261.00	262.00	262.00	263.00	265.00	265.00	266.00	266.00	269.00	269.00	270.00	270.00	270.00	271.00	271.00	271.00	271.00	272.00	273.00	273.00	273.00	274.00	275.00	275.00	276.00	276.00	277.00	278.00	278.00	278.00	278.00	278.00	278.00	278.00	278.00	278.00	278.00	278.00	278.00	278.00	278.00	278.00	278.00	278.00	278.00	278.00	278.00	278.00	278.00	278.00	278.00	277.00	277.00	277.00	277.00	277.00	277.00	277.00	277.00	277.00	277.00	276.00	276.00	276.00	276.00	276.00	276.00	276.00	275.00	275.00	275.00	275.00	275.00	275.00	274.00	274.00	274.00	274.00	274.00	274.00	273.00	273.00	273.00	273.00	272.00	272.00	272.00	272.00	271.00	270.00	270.00	270.00	269.00	268.00	268.00	267.00	267.00	266.00	266.00	266.00	265.00	265.00	263.00	263.00	262.00	262.00	260.00	259.00	259.00	258.00	258.00	257.00	255.00	254.00	254.00	253.00	252.00	252.00	250.00	250.00	249.00	248.00	248.00	247.00	246.00	245.00	245.00	244.00	244.00	243.00	243.00	243.00	242.00	242.00	240.00	240.00	240.00	240.00	239.00	239.00	239.00	239.00	239.00	238.00	238.00	238.00	238.00
211.00	211.00	211.00	211.00	211.00	211.00	211.00	211.00	211.00	211.00	211.00	211.00	212.00	212.00	213.00	213.00	214.00	214.00	215.00	216.00	216.00	217.00	217.00	219.00	219.00	220.00	220.00	220.00	220.00	220.00	220.00	220.00	220.00	221.00	222.00	222.00	223.00	224.00	224.00	225.00	225.00	227.00	228.00	228.00	229.00	230.00	230.00	230.00	231.00	231.00	231.00	231.00	231.00	231.00	231.00	231.00	231.00	231.00	231.00	231.00	231.00	231.00	230.00	231.00	231.00	231.00	232.00	232.00	232.00	233.00	233.00	234.00	235.00	235.00	236.00	236.00	236.00	237.00	238.00	238.00	239.00	240.00	240.00	241.00	241.00	242.00	243.00	245.00	245.00	246.00	247.00	247.00	248.00	248.00	249.00	251.00	252.00	252.00	253.00	255.00	255.00	256.00	256.00	257.00	258.00	258.00	259.00	260.00	261.00	261.00	262.00	262.00	263.00	265.00	265.00	266.00	266.00	269.00	269.00	270.00	270.00	270.00	271.00	271.00	271.00	271.00	272.00	273.00	273.00	273.00	274.00	275.00	275.00	276.00	276.00	277.00	278.00	278.00	278.00	278.00	278.00	278.00	278.00	278.00	278.00	278.00	278.00	278.00	278.00	278.00	278.00	278.00	278.00	278.00	278.00	278.00	278.00	278.00	278.00	278.00	277.00	277.00	277.00	277.00	277.00	277.00	277.00	277.00	277.00	277.00	276.00	276.00	276.00	276.00	276.00	276.00	276.00	275.00	275.00	275.00	275.00	275.00	275.00	274.00	274.00	274.00	274.00	274.00	274.00	273.00	273.00	273.00	273.00	272.00	272.00	272.00	272.00	271.00	270.00	270.00	270.00	269.00	268.00	268.00	267.00	267.00	266.00	266.00	266.00	265.00	265.00	263.00	263.00	262.00	262.00	260.00	259.00	259.00	258.00	258.00	257.00	255.00	254.00	254.00	253.00	252.00	252.00	250.00	250.00	249.00	248.00	248.00	247.00	246.00	245.00	245.00	244.00	244.00	243.00	243.00	243.00	242.00	242.00	240.00	240.00	240.00	240.00	239.00	239.00	239.00	239.00	239.00	238.00	238.00	238.00	238.00
236.00	236.00	236.00	236.00	236.00	236.00	236.00	236.00	236.00	236.00	236.00	236.00	236.00	236.00	236.00	236.00	236.00	236.00	236.00	235.00	235.00	235.00	235.00	235.00	235.00	235.00	235.00	235.00	235.00	235.00	235.00	235.00	235.00	234.00	234.00	234.00	234.00	234.00	234.00	234.00	234.00	233.00	233.00	233.00	234.00	235.00	235.00	235.00	235.00	235.00	235.00	235.00	235.00	235.00	235.00	235.00	235.00	235.00	235.00	235.00	235.00	235.00	236.00	236.00	237.00	237.00	237.00	237.00	238.00	238.00	238.00	239.00	240.00	240.00	240.00	241.00	241.00	242.00	242.00	242.00	244.00	245.00	245.00	246.00	246.00	247.00	248.00	249.00	249.00	250.00	252.00	252.00	253.00	253.00	254.00	255.00	256.00	256.00	257.00	258.00	258.00	259.00	259.00	261.00	262.00	262.00	263.00	264.00	266.00	266.00	267.00	267.00	268.00	269.00	269.00	270.00	270.00	272.00	272.00	273.00	273.00	274.00	275.00	275.00	276.00	276.00	276.00	276.00	277.00	277.00	277.00	277.00	277.00	278.00	278.00	278.00	278.00	278.00	278.00	279.00	279.00	279.00	280.00	280.00	280.00	280.00	280.00	280.00	280.00	280.00	280.00	279.00	279.00	279.00	279.00	279.00	278.00	278.00	278.00	278.00	277.00	277.00	277.00	277.00	277.00	277.00	276.00	276.00	276.00	276.00	276.00	276.00	276.00	276.00	275.00	275.00	275.00	275.00	275.00	275.00	275.00	275.00	275.00	275.00	274.00	274.00	274.00	274.00	274.00	274.00	273.00	273.00	273.00	272.00	272.00	272.00	272.00	271.00	271.00	271.00	270.00	269.00	269.00	269.00	268.00	268.00	267.00	266.00	266.00	265.00	265.00	263.00	263.00	262.00	262.00	260.00	259.00	259.00	258.00	258.00	257.00	255.00	254.00	254.00	253.00	251.00	251.00	250.00	250.00	249.00	247.00	247.00	246.00	245.00	244.00	244.00	243.00	243.00	242.00	242.00	242.00	241.00	241.00	240.00	240.00	240.00	240.00	239.00	239.00	239.00	239.00	239.00	239.00	238.00	239.00	239.00
236.00	236.00	236.00	236.00	236.00	236.00	236.00	236.00	236.00	236.00	236.00	236.00	236.00	236.00	236.00	236.00	236.00	236.00	236.00	235.00	235.00	235.00	235.00	235.00	235.00	235.00	235.00	235.00	235.00	235.00	235.00	235.00	235.00	234.00	234.00	234.00	234.00	234.00	234.00	234.00	234.00	233.00	233.00	233.00	234.00	235.00	235.00	235.00	235.00	235.00	235.00	235.00	235.00	235.00	235.00	235.00	235.00	235.00	235.00	235.00	235.00	235.00	236.00	236.00	237.00	237.00	237.00	237.00	238.00	238.00	238.00	239.00	240.00	240.00	240.00	241.00	241.00	242.00	242.00	242.00	244.00	245.00	245.00	246.00	246.00	247.00	248.00	249.00	249.00	250.00	252.00	252.00	253.00	253.00	254.00	255.00	256.00	256.00	257.00	258.00	258.00	259.00	259.00	261.00	262.00	262.00	263.00	264.00	266.00	266.00	267.00	267.00	268.00	269.00	269.00	270.00	270.00	272.00	272.00	273.00	273.00	274.00	275.00	275.00	276.00	276.00	276.00	276.00	277.00	277.00	277.00	277.00	277.00	278.00	278.00	278.00	278.00	278.00	278.00	279.00	279.00	279.00	280.00	280.00	280.00	280.00	280.00	280.00	280.00	280.00	280.00	279.00	279.00	279.00	279.00	279.00	278.00	278.00	278.00	278.00	277.00	277.00	277.00	277.00	277.00	277.00	276.00	276.00	276.00	276.00	276.00	276.00	276.00	276.00	275.00	275.00	275.00	275.00	275.00	275.00	275.00	275.00	275.00	275.00	274.00	274.00	274.00	274.00	274.00	274.00	273.00	273.00	273.00	272.00	272.00	272.00	272.00	271.00	271.00	271.00	270.00	269.00	269.00	269.00	268.00	268.00	267.00	266.00	266.00	265.00	265.00	263.00	263.00	262.00	262.00	260.00	259.00	259.00	258.00	258.00	257.00	255.00	254.00	254.00	253.00	251.00	251.00	250.00	250.00	249.00	247.00	247.00	246.00	245.00	244.00	244.00	243.00	243.00	242.00	242.00	242.00	241.00	241.00	240.00	240.00	240.00	240.00	239.00	239.00	239.00	239.00	239.00	239.00	238.00	239.00	239.00
236.00	236.00	236.00	236.00	236.00	236.00	236.00	236.00	236.00	236.00	236.00	236.00	236.00	236.00	236.00	236.00	236.00	236.00	236.00	235.00	235.00	235.00	235.00	235.00	235.00	235.00	235.00	235.00	235.00	235.00	235.00	235.00	235.00	234.00	234.00	234.00	234.00	234.00	234.00	234.00	234.00	233.00	233.00	233.00	234.00	235.00	235.00	235.00	235.00	235.00	235.00	235.00	235.00	235.00	235.00	235.00	235.00	235.00	235.00	235.00	235.00	235.00	236.00	236.00	237.00	237.00	237.00	237.00	238.00	238.00	238.00	239.00	240.00	240.00	240.00	241.00	241.00	242.00	242.00	242.00	244.00	245.00	245.00	246.00	246.00	247.00	248.00	249.00	249.00	250.00	252.00	252.00	253.00	253.00	254.00	255.00	256.00	256.00	257.00	258.00	258.00	259.00	259.00	261.00	262.00	262.00	263.00	264.00	266.00	266.00	267.00	267.00	268.00	269.00	269.00	270.00	270.00	272.00	272.00	273.00	273.00	274.00	275.00	275.00	276.00	276.00	276.00	276.00	277.00	277.00	277.00	277.00	277.00	278.00	278.00	278.00	278.00	278.00	278.00	279.00	279.00	279.00	280.00	280.00	280.00	280.00	280.00	280.00	280.00	280.00	280.00	279.00	279.00	279.00	279.00	279.00	278.00	278.00	278.00	278.00	277.00	277.00	277.00	277.00	277.00	277.00	276.00	276.00	276.00	276.00	276.00	276.00	276.00	276.00	275.00	275.00	275.00	275.00	275.00	275.00	275.00	275.00	275.00	275.00	274.00	274.00	274.00	274.00	274.00	274.00	273.00	273.00	273.00	272.00	272.00	272.00	272.00	271.00	271.00	271.00	270.00	269.00	269.00	269.00	268.00	268.00	267.00	266.00	266.00	265.00	265.00	263.00	263.00	262.00	262.00	260.00	259.00	259.00	258.00	258.00	257.00	255.00	254.00	254.00	253.00	251.00	251.00	250.00	250.00	249.00	247.00	247.00	246.00	245.00	244.00	244.00	243.00	243.00	242.00	242.00	242.00	241.00	241.00	240.00	240.00	240.00	240.00	239.00	239.00	239.00	239.00	239.00	239.00	238.00	239.00	239.00
236.00	236.00	236.00	236.00	236.00	236.00	236.00	236.00	236.00	236.00	236.00	236.00	236.00	236.00	236.00	236.00	236.00	236.00	236.00	235.00	235.00	235.00	235.00	235.00	235.00	235.00	235.00	235.00	235.00	235.00	235.00	235.00	235.00	234.00	234.00	234.00	234.00	234.00	234.00	234.00	234.00	233.00	233.00	233.00	234.00	235.00	235.00	235.00	235.00	235.00	235.00	235.00	235.00	235.00	235.00	235.00	235.00	235.00	235.00	235.00	235.00	235.00	236.00	236.00	237.00	237.00	237.00	237.00	238.00	238.00	238.00	239.00	240.00	240.00	240.00	241.00	241.00	242.00	242.00	242.00	244.00	245.00	245.00	246.00	246.00	247.00	248.00	249.00	249.00	250.00	252.00	252.00	253.00	253.00	254.00	255.00	256.00	256.00	257.00	258.00	258.00	259.00	259.00	261.00	262.00	262.00	263.00	264.00	266.00	266.00	267.00	267.00	268.00	269.00	269.00	270.00	270.00	272.00	272.00	273.00	273.00	274.00	275.00	275.00	276.00	276.00	276.00	276.00	277.00	277.00	277.00	277.00	277.00	278.00	278.00	278.00	278.00	278.00	278.00	279.00	279.00	279.00	280.00	280.00	280.00	280.00	280.00	280.00	280.00	280.00	280.00	279.00	279.00	279.00	279.00	279.00	278.00	278.00	278.00	278.00	277.00	277.00	277.00	277.00	277.00	277.00	276.00	276.00	276.00	276.00	276.00	276.00	276.00	276.00	275.00	275.00	275.00	275.00	275.00	275.00	275.00	275.00	275.00	275.00	274.00	274.00	274.00	274.00	274.00	274.00	273.00	273.00	273.00	272.00	272.00	272.00	272.00	271.00	271.00	271.00	270.00	269.00	269.00	269.00	268.00	268.00	267.00	266.00	266.00	265.00	265.00	263.00	263.00	262.00	262.00	260.00	259.00	259.00	258.00	258.00	257.00	255.00	254.00	254.00	253.00	251.00	251.00	250.00	250.00	249.00	247.00	247.00	246.00	245.00	244.00	244.00	243.00	243.00	242.00	242.00	242.00	241.00	241.00	240.00	240.00	240.00	240.00	239.00	239.00	239.00	239.00	239.00	239.00	238.00	239.00	239.00
236.00	236.00	236.00	236.00	236.00	236.00	236.00	236.00	236.00	236.00	236.00	236.00	236.00	236.00	236.00	236.00	236.00	236.00	236.00	235.00	235.00	235.00	235.00	235.00	235.00	235.00	235.00	235.00	235.00	235.00	235.00	235.00	235.00	234.00	234.00	234.00	234.00	234.00	234.00	234.00	234.00	233.00	233.00	233.00	234.00	235.00	235.00	235.00	235.00	235.00	235.00	235.00	235.00	235.00	235.00	235.00	235.00	235.00	235.00	235.00	235.00	235.00	236.00	236.00	237.00	237.00	237.00	237.00	238.00	238.00	238.00	239.00	240.00	240.00	240.00	241.00	241.00	242.00	242.00	242.00	244.00	245.00	245.00	246.00	246.00	247.00	248.00	249.00	249.00	250.00	252.00	252.00	253.00	253.00	254.00	255.00	256.00	256.00	257.00	258.00	258.00	259.00	259.00	261.00	262.00	262.00	263.00	264.00	266.00	266.00	267.00	267.00	268.00	269.00	269.00	270.00	270.00	272.00	272.00	273.00	273.00	274.00	275.00	275.00	276.00	276.00	276.00	276.00	277.00	277.00	277.00	277.00	277.00	278.00	278.00	278.00	278.00	278.00	278.00	279.00	279.00	279.00	280.00	280.00	280.00	280.00	280.00	280.00	280.00	280.00	280.00	279.00	279.00	279.00	279.00	279.00	278.00	278.00	278.00	278.00	277.00	277.00	277.00	277.00	277.00	277.00	276.00	276.00	276.00	276.00	276.00	276.00	276.00	276.00	275.00	275.00	275.00	275.00	275.00	275.00	275.00	275.00	275.00	275.00	274.00	274.00	274.00	274.00	274.00	274.00	273.00	273.00	273.00	272.00	272.00	272.00	272.00	271.00	271.00	271.00	270.00	269.00	269.00	269.00	268.00	268.00	267.00	266.00	266.00	265.00	265.00	263.00	263.00	262.00	262.00	260.00	259.00	259.00	258.00	258.00	257.00	255.00	254.00	254.00	253.00	251.00	251.00	250.00	250.00	249.00	247.00	247.00	246.00	245.00	244.00	244.00	243.00	243.00	242.00	242.00	242.00	241.00	241.00	240.00	240.00	240.00	240.00	239.00	239.00	239.00	239.00	239.00	239.00	238.00	239.00	239.00
236.00	236.00	236.00	236.00	236.00	236.00	236.00	236.00	236.00	236.00	236.00	236.00	236.00	236.00	236.00	236.00	236.00	236.00	236.00	235.00	235.00	235.00	235.00	235.00	235.00	235.00	235.00	235.00	235.00	235.00	235.00	235.00	235.00	234.00	234.00	234.00	234.00	234.00	234.00	234.00	234.00	233.00	233.00	233.00	234.00	235.00	235.00	235.00	235.00	235.00	235.00	235.00	235.00	235.00	235.00	235.00	235.00	235.00	235.00	235.00	235.00	235.00	236.00	236.00	237.00	237.00	237.00	237.00	238.00	238.00	238.00	239.00	240.00	240.00	240.00	241.00	241.00	242.00	242.00	242.00	244.00	245.00	245.00	246.00	246.00	247.00	248.00	249.00	249.00	250.00	252.00	252.00	253.00	253.00	254.00	255.00	256.00	256.00	257.00	258.00	258.00	259.00	259.00	261.00	262.00	262.00	263.00	264.00	266.00	266.00	267.00	267.00	268.00	269.00	269.00	270.00	270.00	272.00	272.00	273.00	273.00	274.00	275.00	275.00	276.00	276.00	276.00	276.00	277.00	277.00	277.00	277.00	277.00	278.00	278.00	278.00	278.00	278.00	278.00	279.00	279.00	279.00	280.00	280.00	280.00	280.00	280.00	280.00	280.00	280.00	280.00	279.00	279.00	279.00	279.00	279.00	278.00	278.00	278.00	278.00	277.00	277.00	277.00	277.00	277.00	277.00	276.00	276.00	276.00	276.00	276.00	276.00	276.00	276.00	275.00	275.00	275.00	275.00	275.00	275.00	275.00	275.00	275.00	275.00	274.00	274.00	274.00	274.00	274.00	274.00	273.00	273.00	273.00	272.00	272.00	272.00	272.00	271.00	271.00	271.00	270.00	269.00	269.00	269.00	268.00	268.00	267.00	266.00	266.00	265.00	265.00	263.00	263.00	262.00	262.00	260.00	259.00	259.00	258.00	258.00	257.00	255.00	254.00	254.00	253.00	251.00	251.00	250.00	250.00	249.00	247.00	247.00	246.00	245.00	244.00	244.00	243.00	243.00	242.00	242.00	242.00	241.00	241.00	240.00	240.00	240.00	240.00	239.00	239.00	239.00	239.00	239.00	239.00	238.00	239.00	239.00
236.00	236.00	236.00	236.00	236.00	236.00	236.00	236.00	236.00	236.00	236.00	236.00	236.00	236.00	236.00	236.00	236.00	236.00	236.00	235.00	235.00	235.00	235.00	235.00	235.00	235.00	235.00	235.00	235.00	235.00	235.00	235.00	235.00	234.00	234.00	234.00	234.00	234.00	234.00	234.00	234.00	233.00	233.00	233.00	234.00	235.00	235.00	235.00	235.00	235.00	235.00	235.00	235.00	235.00	235.00	235.00	235.00	235.00	235.00	235.00	235.00	235.00	236.00	236.00	237.00	237.00	237.00	237.00	238.00	238.00	238.00	239.00	240.00	240.00	240.00	241.00	241.00	242.00	242.00	242.00	244.00	245.00	245.00	246.00	246.00	247.00	248.00	249.00	249.00	250.00	252.00	252.00	253.00	253.00	254.00	255.00	256.00	256.00	257.00	258.00	258.00	259.00	259.00	261.00	262.00	262.00	263.00	264.00	266.00	266.00	267.00	267.00	268.00	269.00	269.00	270.00	270.00	272.00	272.00	273.00	273.00	274.00	275.00	275.00	276.00	276.00	276.00	276.00	277.00	277.00	277.00	277.00	277.00	278.00	278.00	278.00	278.00	278.00	278.00	279.00	279.00	279.00	280.00	280.00	280.00	280.00	280.00	280.00	280.00	280.00	280.00	279.00	279.00	279.00	279.00	279.00	278.00	278.00	278.00	278.00	277.00	277.00	277.00	277.00	277.00	277.00	276.00	276.00	276.00	276.00	276.00	276.00	276.00	276.00	275.00	275.00	275.00	275.00	275.00	275.00	275.00	275.00	275.00	275.00	274.00	274.00	274.00	274.00	274.00	274.00	273.00	273.00	273.00	272.00	272.00	272.00	272.00	271.00	271.00	271.00	270.00	269.00	269.00	269.00	268.00	268.00	267.00	266.00	266.00	265.00	265.00	263.00	263.00	262.00	262.00	260.00	259.00	259.00	258.00	258.00	257.00	255.00	254.00	254.00	253.00	251.00	251.00	250.00	250.00	249.00	247.00	247.00	246.00	245.00	244.00	244.00	243.00	243.00	242.00	242.00	242.00	241.00	241.00	240.00	240.00	240.00	240.00	239.00	239.00	239.00	239.00	239.00	239.00	238.00	239.00	239.00
236.00	236.00	236.00	236.00	236.00	236.00	236.00	236.00	236.00	236.00	236.00	236.00	236.00	236.00	236.00	236.00	236.00	236.00	236.00	235.00	235.00	235.00	235.00	235.00	235.00	235.00	235.00	235.00	235.00	235.00	235.00	235.00	235.00	234.00	234.00	234.00	234.00	234.00	234.00	234.00	234.00	233.00	233.00	233.00	234.00	235.00	235.00	235.00	235.00	235.00	235.00	235.00	235.00	235.00	235.00	235.00	235.00	235.00	235.00	235.00	235.00	235.00	236.00	236.00	237.00	237.00	237.00	237.00	238.00	238.00	238.00	239.00	240.00	240.00	240.00	241.00	241.00	242.00	242.00	242.00	244.00	245.00	245.00	246.00	246.00	247.00	248.00	249.00	249.00	250.00	252.00	252.00	253.00	253.00	254.00	255.00	256.00	256.00	257.00	258.00	258.00	259.00	259.00	261.00	262.00	262.00	263.00	264.00	266.00	266.00	267.00	267.00	268.00	269.00	269.00	270.00	270.00	272.00	272.00	273.00	273.00	274.00	275.00	275.00	276.00	276.00	276.00	276.00	277.00	277.00	277.00	277.00	277.00	278.00	278.00	278.00	278.00	278.00	278.00	279.00	279.00	279.00	280.00	280.00	280.00	280.00	280.00	280.00	280.00	280.00	280.00	279.00	279.00	279.00	279.00	279.00	278.00	278.00	278.00	278.00	277.00	277.00	277.00	277.00	277.00	277.00	276.00	276.00	276.00	276.00	276.00	276.00	276.00	276.00	275.00	275.00	275.00	275.00	275.00	275.00	275.00	275.00	275.00	275.00	274.00	274.00	274.00	274.00	274.00	274.00	273.00	273.00	273.00	272.00	272.00	272.00	272.00	271.00	271.00	271.00	270.00	269.00	269.00	269.00	268.00	268.00	267.00	266.00	266.00	265.00	265.00	263.00	263.00	262.00	262.00	260.00	259.00	259.00	258.00	258.00	257.00	255.00	254.00	254.00	253.00	251.00	251.00	250.00	250.00	249.00	247.00	247.00	246.00	245.00	244.00	244.00	243.00	243.00	242.00	242.00	242.00	241.00	241.00	240.00	240.00	240.00	240.00	239.00	239.00	239.00	239.00	239.00	239.00	238.00	239.00	239.00
236.00	236.00	236.00	236.00	236.00	236.00	236.00	236.00	236.00	236.00	236.00	236.00	236.00	236.00	236.00	236.00	236.00	236.00	236.00	235.00	235.00	235.00	235.00	235.00	235.00	235.00	235.00	235.00	235.00	235.00	235.00	235.00	235.00	234.00	234.00	234.00	234.00	234.00	234.00	234.00	234.00	233.00	233.00	233.00	234.00	235.00	235.00	235.00	235.00	235.00	235.00	235.00	235.00	235.00	235.00	235.00	235.00	235.00	235.00	235.00	235.00	235.00	236.00	236.00	237.00	237.00	237.00	237.00	238.00	238.00	238.00	239.00	240.00	240.00	240.00	241.00	241.00	242.00	242.00	242.00	244.00	245.00	245.00	246.00	246.00	247.00	248.00	249.00	249.00	250.00	252.00	252.00	253.00	253.00	254.00	255.00	256.00	256.00	257.00	258.00	258.00	259.00	259.00	261.00	262.00	262.00	263.00	264.00	266.00	266.00	267.00	267.00	268.00	269.00	269.00	270.00	270.00	272.00	272.00	273.00	273.00	274.00	275.00	275.00	276.00	276.00	276.00	276.00	277.00	277.00	277.00	277.00	277.00	278.00	278.00	278.00	278.00	278.00	278.00	279.00	279.00	279.00	280.00	280.00	280.00	280.00	280.00	280.00	280.00	280.00	280.00	279.00	279.00	279.00	279.00	279.00	278.00	278.00	278.00	278.00	277.00	277.00	277.00	277.00	277.00	277.00	276.00	276.00	276.00	276.00	276.00	276.00	276.00	276.00	275.00	275.00	275.00	275.00	275.00	275.00	275.00	275.00	275.00	275.00	274.00	274.00	274.00	274.00	274.00	274.00	273.00	273.00	273.00	272.00	272.00	272.00	272.00	271.00	271.00	271.00	270.00	269.00	269.00	269.00	268.00	268.00	267.00	266.00	266.00	265.00	265.00	263.00	263.00	262.00	262.00	260.00	259.00	259.00	258.00	258.00	257.00	255.00	254.00	254.00	253.00	251.00	251.00	250.00	250.00	249.00	247.00	247.00	246.00	245.00	244.00	244.00	243.00	243.00	242.00	242.00	242.00	241.00	241.00	240.00	240.00	240.00	240.00	239.00	239.00	239.00	239.00	239.00	239.00	238.00	239.00	239.00
236.00	236.00	236.00	236.00	236.00	236.00	236.00	236.00	236.00	236.00	236.00	236.00	236.00	236.00	236.00	236.00	236.00	236.00	236.00	235.00	235.00	235.00	235.00	235.00	235.00	235.00	235.00	235.00	235.00	235.00	235.00	235.00	235.00	234.00	234.00	234.00	234.00	234.00	234.00	234.00	234.00	233.00	233.00	233.00	234.00	235.00	235.00	235.00	235.00	235.00	235.00	235.00	235.00	235.00	235.00	235.00	235.00	235.00	235.00	235.00	235.00	235.00	236.00	236.00	237.00	237.00	237.00	237.00	238.00	238.00	238.00	239.00	240.00	240.00	240.00	241.00	241.00	242.00	242.00	242.00	244.00	245.00	245.00	246.00	246.00	247.00	248.00	249.00	249.00	250.00	252.00	252.00	253.00	253.00	254.00	255.00	256.00	256.00	257.00	258.00	258.00	259.00	259.00	261.00	262.00	262.00	263.00	264.00	266.00	266.00	267.00	267.00	268.00	269.00	269.00	270.00	270.00	272.00	272.00	273.00	273.00	274.00	275.00	275.00	276.00	276.00	276.00	276.00	277.00	277.00	277.00	277.00	277.00	278.00	278.00	278.00	278.00	278.00	278.00	279.00	279.00	279.00	280.00	280.00	280.00	280.00	280.00	280.00	280.00	280.00	280.00	279.00	279.00	279.00	279.00	279.00	278.00	278.00	278.00	278.00	277.00	277.00	277.00	277.00	277.00	277.00	276.00	276.00	276.00	276.00	276.00	276.00	276.00	276.00	275.00	275.00	275.00	275.00	275.00	275.00	275.00	275.00	275.00	275.00	274.00	274.00	274.00	274.00	274.00	274.00	273.00	273.00	273.00	272.00	272.00	272.00	272.00	271.00	271.00	271.00	270.00	269.00	269.00	269.00	268.00	268.00	267.00	266.00	266.00	265.00	265.00	263.00	263.00	262.00	262.00	260.00	259.00	259.00	258.00	258.00	257.00	255.00	254.00	254.00	253.00	251.00	251.00	250.00	250.00	249.00	247.00	247.00	246.00	245.00	244.00	244.00	243.00	243.00	242.00	242.00	242.00	241.00	241.00	240.00	240.00	240.00	240.00	239.00	239.00	239.00	239.00	239.00	239.00	238.00	239.00	239.00
236.00	236.00	236.00	236.00	236.00	236.00	236.00	236.00	236.00	236.00	236.00	236.00	236.00	236.00	236.00	236.00	236.00	236.00	236.00	235.00	235.00	235.00	235.00	235.00	235.00	235.00	235.00	235.00	235.00	235.00	235.00	235.00	235.00	234.00	234.00	234.00	234.00	234.00	234.00	234.00	234.00	233.00	233.00	233.00	234.00	235.00	235.00	235.00	235.00	235.00	235.00	235.00	235.00	235.00	235.00	235.00	235.00	235.00	235.00	235.00	235.00	235.00	236.00	236.00	237.00	237.00	237.00	237.00	238.00	238.00	238.00	239.00	240.00	240.00	240.00	241.00	241.00	242.00	242.00	242.00	244.00	245.00	245.00	246.00	246.00	247.00	248.00	249.00	249.00	250.00	252.00	252.00	253.00	253.00	254.00	255.00	256.00	256.00	257.00	258.00	258.00	259.00	259.00	261.00	262.00	262.00	263.00	264.00	266.00	266.00	267.00	267.00	268.00	269.00	269.00	270.00	270.00	272.00	272.00	273.00	273.00	274.00	275.00	275.00	276.00	276.00	276.00	276.00	277.00	277.00	277.00	277.00	277.00	278.00	278.00	278.00	278.00	278.00	278.00	279.00	279.00	279.00	280.00	280.00	280.00	280.00	280.00	280.00	280.00	280.00	280.00	279.00	279.00	279.00	279.00	279.00	278.00	278.00	278.00	278.00	277.00	277.00	277.00	277.00	277.00	277.00	276.00	276.00	276.00	276.00	276.00	276.00	276.00	276.00	275.00	275.00	275.00	275.00	275.00	275.00	275.00	275.00	275.00	275.00	274.00	274.00	274.00	274.00	274.00	274.00	273.00	273.00	273.00	272.00	272.00	272.00	272.00	271.00	271.00	271.00	270.00	269.00	269.00	269.00	268.00	268.00	267.00	266.00	266.00	265.00	265.00	263.00	263.00	262.00	262.00	260.00	259.00	259.00	258.00	258.00	257.00	255.00	254.00	254.00	253.00	251.00	251.00	250.00	250.00	249.00	247.00	247.00	246.00	245.00	244.00	244.00	243.00	243.00	242.00	242.00	242.00	241.00	241.00	240.00	240.00	240.00	240.00	239.00	239.00	239.00	239.00	239.00	239.00	238.00	239.00	239.00
260.00	259.00	259.00	259.00	258.00	258.00	258.00	258.00	258.00	257.00	257.00	257.00	257.00	257.00	256.00	256.00	256.00	256.00	256.00	256.00	256.00	255.00	255.00	254.00	254.00	254.00	254.00	254.00	253.00	253.00	253.00	253.00	253.00	252.00	252.00	252.00	252.00	251.00	251.00	251.00	251.00	250.00	250.00	250.00	249.00	249.00	248.00	248.00	247.00	247.00	247.00	246.00	246.00	245.00	245.00	245.00	245.00	245.00	245.00	245.00	245.00	245.00	245.00	246.00	246.00	246.00	246.00	246.00	246.00	246.00	246.00	246.00	247.00	247.00	247.00	248.00	248.00	249.00	249.00	249.00	250.00	251.00	251.00	251.00	251.00	252.00	253.00	253.00	253.00	254.00	255.00	255.00	256.00	256.00	257.00	258.00	259.00	259.00	260.00	261.00	261.00	262.00	262.00	262.00	263.00	263.00	264.00	265.00	266.00	266.00	267.00	267.00	269.00	269.00	269.00	270.00	270.00	272.00	272.00	272.00	272.00	273.00	274.00	274.00	274.00	274.00	275.00	275.00	275.00	275.00	276.00	276.00	276.00	276.00	276.00	276.00	276.00	276.00	276.00	276.00	276.00	276.00	277.00	277.00	277.00	277.00	277.00	277.00	277.00	277.00	277.00	276.00	276.00	276.00	276.00	276.00	276.00	276.00	276.00	276.00	276.00	276.00	276.00	276.00	276.00	275.00	275.00	275.00	275.00	275.00	275.00	275.00	274.00	274.00	274.00	274.00	274.00	274.00	274.00	274.00	274.00	273.00	273.00	273.00	273.00	273.00	273.00	273.00	273.00	272.00	272.00	272.00	272.00	271.00	271.00	271.00	271.00	271.00	270.00	270.00	270.00	269.00	268.00	268.00	267.00	267.00	266.00	265.00	265.00	264.00	264.00	262.00	262.00	261.00	261.00	260.00	259.00	259.00	257.00	257.00	256.00	255.00	253.00	253.00	252.00	251.00	251.00	250.00	250.00	249.00	248.00	248.00	247.00	246.00	245.00	245.00	244.00	244.00	243.00	242.00	242.00	242.00	242.00	241.00	241.00	241.00	241.00	241.00	241.00	241.00	241.00	241.00	241.00	241.00	241.00	241.00
260.00	259.00	259.00	259.00	258.00	258.00	258.00	258.00	258.00	257.00	257.00	257.00	257.00	257.00	256.00	256.00	256.00	256.00	256.00	256.00	256.00	255.00	255.00	254.00	254.00	254.00	254.00	254.00	253.00	253.00	253.00	253.00	253.00	252.00	252.00	252.00	252.00	251.00	251.00	251.00	251.00	250.00	250.00	250.00	249.00	249.00	248.00	248.00	247.00	247.00	247.00	246.00	246.00	245.00	245.00	245.00	245.00	245.00	245.00	245.00	245.00	245.00	245.00	246.00	246.00	246.00	246.00	246.00	246.00	246.00	246.00	246.00	247.00	247.00	247.00	248.00	248.00	249.00	249.00	249.00	250.00	251.00	251.00	251.00	251.00	252.00	253.00	253.00	253.00	254.00	255.00	255.00	256.00	256.00	257.00	258.00	259.00	259.00	260.00	261.00	261.00	262.00	262.00	262.00	263.00	263.00	264.00	265.00	266.00	266.00	267.00	267.00	269.00	269.00	269.00	270.00	270.00	272.00	272.00	272.00	272.00	273.00	274.00	274.00	274.00	274.00	275.00	275.00	275.00	275.00	276.00	276.00	276.00	276.00	276.00	276.00	276.00	276.00	276.00	276.00	276.00	276.00	277.00	277.00	277.00	277.00	277.00	277.00	277.00	277.00	277.00	276.00	276.00	276.00	276.00	276.00	276.00	276.00	276.00	276.00	276.00	276.00	276.00	276.00	276.00	275.00	275.00	275.00	275.00	275.00	275.00	275.00	274.00	274.00	274.00	274.00	274.00	274.00	274.00	274.00	274.00	273.00	273.00	273.00	273.00	273.00	273.00	273.00	273.00	272.00	272.00	272.00	272.00	271.00	271.00	271.00	271.00	271.00	270.00	270.00	270.00	269.00	268.00	268.00	267.00	267.00	266.00	265.00	265.00	264.00	264.00	262.00	262.00	261.00	261.00	260.00	259.00	259.00	257.00	257.00	256.00	255.00	253.00	253.00	252.00	251.00	251.00	250.00	250.00	249.00	248.00	248.00	247.00	246.00	245.00	245.00	244.00	244.00	243.00	242.00	242.00	242.00	242.00	241.00	241.00	241.00	241.00	241.00	241.00	241.00	241.00	241.00	241.00	241.00	241.00	241.00
260.00	259.00	259.00	259.00	258.00	258.00	258.00	258.00	258.00	257.00	257.00	257.00	257.00	257.00	256.00	256.00	256.00	256.00	256.00	256.00	256.00	255.00	255.00	254.00	254.00	254.00	254.00	254.00	253.00	253.00	253.00	253.00	253.00	252.00	252.00	252.00	252.00	251.00	251.00	251.00	251.00	250.00	250.00	250.00	249.00	249.00	248.00	248.00	247.00	247.00	247.00	246.00	246.00	245.00	245.00	245.00	245.00	245.00	245.00	245.00	245.00	245.00	245.00	246.00	246.00	246.00	246.00	246.00	246.00	246.00	246.00	246.00	247.00	247.00	247.00	248.00	248.00	249.00	249.00	249.00	250.00	251.00	251.00	251.00	251.00	252.00	253.00	253.00	253.00	254.00	255.00	255.00	256.00	256.00	257.00	258.00	259.00	259.00	260.00	261.00	261.00	262.00	262.00	262.00	263.00	263.00	264.00	265.00	266.00	266.00	267.00	267.00	269.00	269.00	269.00	270.00	270.00	272.00	272.00	272.00	272.00	273.00	274.00	274.00	274.00	274.00	275.00	275.00	275.00	275.00	276.00	276.00	276.00	276.00	276.00	276.00	276.00	276.00	276.00	276.00	276.00	276.00	277.00	277.00	277.00	277.00	277.00	277.00	277.00	277.00	277.00	276.00	276.00	276.00	276.00	276.00	276.00	276.00	276.00	276.00	276.00	276.00	276.00	276.00	276.00	275.00	275.00	275.00	275.00	275.00	275.00	275.00	274.00	274.00	274.00	274.00	274.00	274.00	274.00	274.00	274.00	273.00	273.00	273.00	273.00	273.00	273.00	273.00	273.00	272.00	272.00	272.00	272.00	271.00	271.00	271.00	271.00	271.00	270.00	270.00	270.00	269.00	268.00	268.00	267.00	267.00	266.00	265.00	265.00	264.00	264.00	262.00	262.00	261.00	261.00	260.00	259.00	259.00	257.00	257.00	256.00	255.00	253.00	253.00	252.00	251.00	251.00	250.00	250.00	249.00	248.00	248.00	247.00	246.00	245.00	245.00	244.00	244.00	243.00	242.00	242.00	242.00	242.00	241.00	241.00	241.00	241.00	241.00	241.00	241.00	241.00	241.00	241.00	241.00	241.00	241.00
260.00	259.00	259.00	259.00	258.00	258.00	258.00	258.00	258.00	257.00	257.00	257.00	257.00	257.00	256.00	256.00	256.00	256.00	256.00	256.00	256.00	255.00	255.00	254.00	254.00	254.00	254.00	254.00	253.00	253.00	253.00	253.00	253.00	252.00	252.00	252.00	252.00	251.00	251.00	251.00	251.00	250.00	250.00	250.00	249.00	249.00	248.00	248.00	247.00	247.00	247.00	246.00	246.00	245.00	245.00	245.00	245.00	245.00	245.00	245.00	245.00	245.00	245.00	246.00	246.00	246.00	246.00	246.00	246.00	246.00	246.00	246.00	247.00	247.00	247.00	248.00	248.00	249.00	249.00	249.00	250.00	251.00	251.00	251.00	251.00	252.00	253.00	253.00	253.00	254.00	255.00	255.00	256.00	256.00	257.00	258.00	259.00	259.00	260.00	261.00	261.00	262.00	262.00	262.00	263.00	263.00	264.00	265.00	266.00	266.00	267.00	267.00	269.00	269.00	269.00	270.00	270.00	272.00	272.00	272.00	272.00	273.00	274.00	274.00	274.00	274.00	275.00	275.00	275.00	275.00	276.00	276.00	276.00	276.00	276.00	276.00	276.00	276.00	276.00	276.00	276.00	276.00	277.00	277.00	277.00	277.00	277.00	277.00	277.00	277.00	277.00	276.00	276.00	276.00	276.00	276.00	276.00	276.00	276.00	276.00	276.00	276.00	276.00	276.00	276.00	275.00	275.00	275.00	275.00	275.00	275.00	275.00	274.00	274.00	274.00	274.00	274.00	274.00	274.00	274.00	274.00	273.00	273.00	273.00	273.00	273.00	273.00	273.00	273.00	272.00	272.00	272.00	272.00	271.00	271.00	271.00	271.00	271.00	270.00	270.00	270.00	269.00	268.00	268.00	267.00	267.00	266.00	265.00	265.00	264.00	264.00	262.00	262.00	261.00	261.00	260.00	259.00	259.00	257.00	257.00	256.00	255.00	253.00	253.00	252.00	251.00	251.00	250.00	250.00	249.00	248.00	248.00	247.00	246.00	245.00	245.00	244.00	244.00	243.00	242.00	242.00	242.00	242.00	241.00	241.00	241.00	241.00	241.00	241.00	241.00	241.00	241.00	241.00	241.00	241.00	241.00
260.00	259.00	259.00	259.00	258.00	258.00	258.00	258.00	258.00	257.00	257.00	257.00	257.00	257.00	256.00	256.00	256.00	256.00	256.00	256.00	256.00	255.00	255.00	254.00	254.00	254.00	254.00	254.00	253.00	253.00	253.00	253.00	253.00	252.00	252.00	252.00	252.00	251.00	251.00	251.00	251.00	250.00	250.00	250.00	249.00	249.00	248.00	248.00	247.00	247.00	247.00	246.00	246.00	245.00	245.00	245.00	245.00	245.00	245.00	245.00	245.00	245.00	245.00	246.00	246.00	246.00	246.00	246.00	246.00	246.00	246.00	246.00	247.00	247.00	247.00	248.00	248.00	249.00	249.00	249.00	250.00	251.00	251.00	251.00	251.00	252.00	253.00	253.00	253.00	254.00	255.00	255.00	256.00	256.00	257.00	258.00	259.00	259.00	260.00	261.00	261.00	262.00	262.00	262.00	263.00	263.00	264.00	265.00	266.00	266.00	267.00	267.00	269.00	269.00	269.00	270.00	270.00	272.00	272.00	272.00	272.00	273.00	274.00	274.00	274.00	274.00	275.00	275.00	275.00	275.00	276.00	276.00	276.00	276.00	276.00	276.00	276.00	276.00	276.00	276.00	276.00	276.00	277.00	277.00	277.00	277.00	277.00	277.00	277.00	277.00	277.00	276.00	276.00	276.00	276.00	276.00	276.00	276.00	276.00	276.00	276.00	276.00	276.00	276.00	276.00	275.00	275.00	275.00	275.00	275.00	275.00	275.00	274.00	274.00	274.00	274.00	274.00	274.00	274.00	274.00	274.00	273.00	273.00	273.00	273.00	273.00	273.00	273.00	273.00	272.00	272.00	272.00	272.00	271.00	271.00	271.00	271.00	271.00	270.00	270.00	270.00	269.00	268.00	268.00	267.00	267.00	266.00	265.00	265.00	264.00	264.00	262.00	262.00	261.00	261.00	260.00	259.00	259.00	257.00	257.00	256.00	255.00	253.00	253.00	252.00	251.00	251.00	250.00	250.00	249.00	248.00	248.00	247.00	246.00	245.00	245.00	244.00	244.00	243.00	242.00	242.00	242.00	242.00	241.00	241.00	241.00	241.00	241.00	241.00	241.00	241.00	241.00	241.00	241.00	241.00	241.00
260.00	259.00	259.00	259.00	258.00	258.00	258.00	258.00	258.00	257.00	257.00	257.00	257.00	257.00	256.00	256.00	256.00	256.00	256.00	256.00	256.00	255.00	255.00	254.00	254.00	254.00	254.00	254.00	253.00	253.00	253.00	253.00	253.00	252.00	252.00	252.00	252.00	251.00	251.00	251.00	251.00	250.00	250.00	250.00	249.00	249.00	248.00	248.00	247.00	247.00	247.00	246.00	246.00	245.00	245.00	245.00	245.00	245.00	245.00	245.00	245.00	245.00	245.00	246.00	246.00	246.00	246.00	246.00	246.00	246.00	246.00	246.00	247.00	247.00	247.00	248.00	248.00	249.00	249.00	249.00	250.00	251.00	251.00	251.00	251.00	252.00	253.00	253.00	253.00	254.00	255.00	255.00	256.00	256.00	257.00	258.00	259.00	259.00	260.00	261.00	261.00	262.00	262.00	262.00	263.00	263.00	264.00	265.00	266.00	266.00	267.00	267.00	269.00	269.00	269.00	270.00	270.00	272.00	272.00	272.00	272.00	273.00	274.00	274.00	274.00	274.00	275.00	275.00	275.00	275.00	276.00	276.00	276.00	276.00	276.00	276.00	276.00	276.00	276.00	276.00	276.00	276.00	277.00	277.00	277.00	277.00	277.00	277.00	277.00	277.00	277.00	276.00	276.00	276.00	276.00	276.00	276.00	276.00	276.00	276.00	276.00	276.00	276.00	276.00	276.00	275.00	275.00	275.00	275.00	275.00	275.00	275.00	274.00	274.00	274.00	274.00	274.00	274.00	274.00	274.00	274.00	273.00	273.00	273.00	273.00	273.00	273.00	273.00	273.00	272.00	272.00	272.00	272.00	271.00	271.00	271.00	271.00	271.00	270.00	270.00	270.00	269.00	268.00	268.00	267.00	267.00	266.00	265.00	265.00	264.00	264.00	262.00	262.00	261.00	261.00	260.00	259.00	259.00	257.00	257.00	256.00	255.00	253.00	253.00	252.00	251.00	251.00	250.00	250.00	249.00	248.00	248.00	247.00	246.00	245.00	245.00	244.00	244.00	243.00	242.00	242.00	242.00	242.00	241.00	241.00	241.00	241.00	241.00	241.00	241.00	241.00	241.00	241.00	241.00	241.00	241.00
260.00	259.00	259.00	259.00	258.00	258.00	258.00	258.00	258.00	257.00	257.00	257.00	257.00	257.00	256.00	256.00	256.00	256.00	256.00	256.00	256.00	255.00	255.00	254.00	254.00	254.00	254.00	254.00	253.00	253.00	253.00	253.00	253.00	252.00	252.00	252.00	252.00	251.00	251.00	251.00	251.00	250.00	250.00	250.00	249.00	249.00	248.00	248.00	247.00	247.00	247.00	246.00	246.00	245.00	245.00	245.00	245.00	245.00	245.00	245.00	245.00	245.00	245.00	246.00	246.00	246.00	246.00	246.00	246.00	246.00	246.00	246.00	247.00	247.00	247.00	248.00	248.00	249.00	249.00	249.00	250.00	251.00	251.00	251.00	251.00	252.00	253.00	253.00	253.00	254.00	255.00	255.00	256.00	256.00	257.00	258.00	259.00	259.00	260.00	261.00	261.00	262.00	262.00	262.00	263.00	263.00	264.00	265.00	266.00	266.00	267.00	267.00	269.00	269.00	269.00	270.00	270.00	272.00	272.00	272.00	272.00	273.00	274.00	274.00	274.00	274.00	275.00	275.00	275.00	275.00	276.00	276.00	276.00	276.00	276.00	276.00	276.00	276.00	276.00	276.00	276.00	276.00	277.00	277.00	277.00	277.00	277.00	277.00	277.00	277.00	277.00	276.00	276.00	276.00	276.00	276.00	276.00	276.00	276.00	276.00	276.00	276.00	276.00	276.00	276.00	275.00	275.00	275.00	275.00	275.00	275.00	275.00	274.00	274.00	274.00	274.00	274.00	274.00	274.00	274.00	274.00	273.00	273.00	273.00	273.00	273.00	273.00	273.00	273.00	272.00	272.00	272.00	272.00	271.00	271.00	271.00	271.00	271.00	270.00	270.00	270.00	269.00	268.00	268.00	267.00	267.00	266.00	265.00	265.00	264.00	264.00	262.00	262.00	261.00	261.00	260.00	259.00	259.00	257.00	257.00	256.00	255.00	253.00	253.00	252.00	251.00	251.00	250.00	250.00	249.00	248.00	248.00	247.00	246.00	245.00	245.00	244.00	244.00	243.00	242.00	242.00	242.00	242.00	241.00	241.00	241.00	241.00	241.00	241.00	241.00	241.00	241.00	241.00	241.00	241.00	241.00
260.00	259.00	259.00	259.00	258.00	258.00	258.00	258.00	258.00	257.00	257.00	257.00	257.00	257.00	256.00	256.00	256.00	256.00	256.00	256.00	256.00	255.00	255.00	254.00	254.00	254.00	254.00	254.00	253.00	253.00	253.00	253.00	253.00	252.00	252.00	252.00	252.00	251.00	251.00	251.00	251.00	250.00	250.00	250.00	249.00	249.00	248.00	248.00	247.00	247.00	247.00	246.00	246.00	245.00	245.00	245.00	245.00	245.00	245.00	245.00	245.00	245.00	245.00	246.00	246.00	246.00	246.00	246.00	246.00	246.00	246.00	246.00	247.00	247.00	247.00	248.00	248.00	249.00	249.00	249.00	250.00	251.00	251.00	251.00	251.00	252.00	253.00	253.00	253.00	254.00	255.00	255.00	256.00	256.00	257.00	258.00	259.00	259.00	260.00	261.00	261.00	262.00	262.00	262.00	263.00	263.00	264.00	265.00	266.00	266.00	267.00	267.00	269.00	269.00	269.00	270.00	270.00	272.00	272.00	272.00	272.00	273.00	274.00	274.00	274.00	274.00	275.00	275.00	275.00	275.00	276.00	276.00	276.00	276.00	276.00	276.00	276.00	276.00	276.00	276.00	276.00	276.00	277.00	277.00	277.00	277.00	277.00	277.00	277.00	277.00	277.00	276.00	276.00	276.00	276.00	276.00	276.00	276.00	276.00	276.00	276.00	276.00	276.00	276.00	276.00	275.00	275.00	275.00	275.00	275.00	275.00	275.00	274.00	274.00	274.00	274.00	274.00	274.00	274.00	274.00	274.00	273.00	273.00	273.00	273.00	273.00	273.00	273.00	273.00	272.00	272.00	272.00	272.00	271.00	271.00	271.00	271.00	271.00	270.00	270.00	270.00	269.00	268.00	268.00	267.00	267.00	266.00	265.00	265.00	264.00	264.00	262.00	262.00	261.00	261.00	260.00	259.00	259.00	257.00	257.00	256.00	255.00	253.00	253.00	252.00	251.00	251.00	250.00	250.00	249.00	248.00	248.00	247.00	246.00	245.00	245.00	244.00	244.00	243.00	242.00	242.00	242.00	242.00	241.00	241.00	241.00	241.00	241.00	241.00	241.00	241.00	241.00	241.00	241.00	241.00	241.00
260.00	259.00	259.00	259.00	258.00	258.00	258.00	258.00	258.00	257.00	257.00	257.00	257.00	257.00	256.00	256.00	256.00	256.00	256.00	256.00	256.00	255.00	255.00	254.00	254.00	254.00	254.00	254.00	253.00	253.00	253.00	253.00	253.00	252.00	252.00	252.00	252.00	251.00	251.00	251.00	251.00	250.00	250.00	250.00	249.00	249.00	248.00	248.00	247.00	247.00	247.00	246.00	246.00	245.00	245.00	245.00	245.00	245.00	245.00	245.00	245.00	245.00	245.00	246.00	246.00	246.00	246.00	246.00	246.00	246.00	246.00	246.00	247.00	247.00	247.00	248.00	248.00	249.00	249.00	249.00	250.00	251.00	251.00	251.00	251.00	252.00	253.00	253.00	253.00	254.00	255.00	255.00	256.00	256.00	257.00	258.00	259.00	259.00	260.00	261.00	261.00	262.00	262.00	262.00	263.00	263.00	264.00	265.00	266.00	266.00	267.00	267.00	269.00	269.00	269.00	270.00	270.00	272.00	272.00	272.00	272.00	273.00	274.00	274.00	274.00	274.00	275.00	275.00	275.00	275.00	276.00	276.00	276.00	276.00	276.00	276.00	276.00	276.00	276.00	276.00	276.00	276.00	277.00	277.00	277.00	277.00	277.00	277.00	277.00	277.00	277.00	276.00	276.00	276.00	276.00	276.00	276.00	276.00	276.00	276.00	276.00	276.00	276.00	276.00	276.00	275.00	275.00	275.00	275.00	275.00	275.00	275.00	274.00	274.00	274.00	274.00	274.00	274.00	274.00	274.00	274.00	273.00	273.00	273.00	273.00	273.00	273.00	273.00	273.00	272.00	272.00	272.00	272.00	271.00	271.00	271.00	271.00	271.00	270.00	270.00	270.00	269.00	268.00	268.00	267.00	267.00	266.00	265.00	265.00	264.00	264.00	262.00	262.00	261.00	261.00	260.00	259.00	259.00	257.00	257.00	256.00	255.00	253.00	253.00	252.00	251.00	251.00	250.00	250.00	249.00	248.00	248.00	247.00	246.00	245.00	245.00	244.00	244.00	243.00	242.00	242.00	242.00	242.00	241.00	241.00	241.00	241.00	241.00	241.00	241.00	241.00	241.00	241.00	241.00	241.00	241.00
260.00	259.00	259.00	259.00	258.00	258.00	258.00	258.00	258.00	257.00	257.00	257.00	257.00	257.00	256.00	256.00	256.00	256.00	256.00	256.00	256.00	255.00	255.00	254.00	254.00	254.00	254.00	254.00	253.00	253.00	253.00	253.00	253.00	252.00	252.00	252.00	252.00	251.00	251.00	251.00	251.00	250.00	250.00	250.00	249.00	249.00	248.00	248.00	247.00	247.00	247.00	246.00	246.00	245.00	245.00	245.00	245.00	245.00	245.00	245.00	245.00	245.00	245.00	246.00	246.00	246.00	246.00	246.00	246.00	246.00	246.00	246.00	247.00	247.00	247.00	248.00	248.00	249.00	249.00	249.00	250.00	251.00	251.00	251.00	251.00	252.00	253.00	253.00	253.00	254.00	255.00	255.00	256.00	256.00	257.00	258.00	259.00	259.00	260.00	261.00	261.00	262.00	262.00	262.00	263.00	263.00	264.00	265.00	266.00	266.00	267.00	267.00	269.00	269.00	269.00	270.00	270.00	272.00	272.00	272.00	272.00	273.00	274.00	274.00	274.00	274.00	275.00	275.00	275.00	275.00	276.00	276.00	276.00	276.00	276.00	276.00	276.00	276.00	276.00	276.00	276.00	276.00	277.00	277.00	277.00	277.00	277.00	277.00	277.00	277.00	277.00	276.00	276.00	276.00	276.00	276.00	276.00	276.00	276.00	276.00	276.00	276.00	276.00	276.00	276.00	275.00	275.00	275.00	275.00	275.00	275.00	275.00	274.00	274.00	274.00	274.00	274.00	274.00	274.00	274.00	274.00	273.00	273.00	273.00	273.00	273.00	273.00	273.00	273.00	272.00	272.00	272.00	272.00	271.00	271.00	271.00	271.00	271.00	270.00	270.00	270.00	269.00	268.00	268.00	267.00	267.00	266.00	265.00	265.00	264.00	264.00	262.00	262.00	261.00	261.00	260.00	259.00	259.00	257.00	257.00	256.00	255.00	253.00	253.00	252.00	251.00	251.00	250.00	250.00	249.00	248.00	248.00	247.00	246.00	245.00	245.00	244.00	244.00	243.00	242.00	242.00	242.00	242.00	241.00	241.00	241.00	241.00	241.00	241.00	241.00	241.00	241.00	241.00	241.00	241.00	241.00
260.00	259.00	259.00	259.00	258.00	258.00	258.00	258.00	258.00	257.00	257.00	257.00	257.00	257.00	256.00	256.00	256.00	256.00	256.00	256.00	256.00	255.00	255.00	254.00	254.00	254.00	254.00	254.00	253.00	253.00	253.00	253.00	253.00	252.00	252.00	252.00	252.00	251.00	251.00	251.00	251.00	250.00	250.00	250.00	249.00	249.00	248.00	248.00	247.00	247.00	247.00	246.00	246.00	245.00	245.00	245.00	245.00	245.00	245.00	245.00	245.00	245.00	245.00	246.00	246.00	246.00	246.00	246.00	246.00	246.00	246.00	246.00	247.00	247.00	247.00	248.00	248.00	249.00	249.00	249.00	250.00	251.00	251.00	251.00	251.00	252.00	253.00	253.00	253.00	254.00	255.00	255.00	256.00	256.00	257.00	258.00	259.00	259.00	260.00	261.00	261.00	262.00	262.00	262.00	263.00	263.00	264.00	265.00	266.00	266.00	267.00	267.00	269.00	269.00	269.00	270.00	270.00	272.00	272.00	272.00	272.00	273.00	274.00	274.00	274.00	274.00	275.00	275.00	275.00	275.00	276.00	276.00	276.00	276.00	276.00	276.00	276.00	276.00	276.00	276.00	276.00	276.00	277.00	277.00	277.00	277.00	277.00	277.00	277.00	277.00	277.00	276.00	276.00	276.00	276.00	276.00	276.00	276.00	276.00	276.00	276.00	276.00	276.00	276.00	276.00	275.00	275.00	275.00	275.00	275.00	275.00	275.00	274.00	274.00	274.00	274.00	274.00	274.00	274.00	274.00	274.00	273.00	273.00	273.00	273.00	273.00	273.00	273.00	273.00	272.00	272.00	272.00	272.00	271.00	271.00	271.00	271.00	271.00	270.00	270.00	270.00	269.00	268.00	268.00	267.00	267.00	266.00	265.00	265.00	264.00	264.00	262.00	262.00	261.00	261.00	260.00	259.00	259.00	257.00	257.00	256.00	255.00	253.00	253.00	252.00	251.00	251.00	250.00	250.00	249.00	248.00	248.00	247.00	246.00	245.00	245.00	244.00	244.00	243.00	242.00	242.00	242.00	242.00	241.00	241.00	241.00	241.00	241.00	241.00	241.00	241.00	241.00	241.00	241.00	241.00	241.00
260.00	259.00	259.00	259.00	258.00	258.00	258.00	258.00	258.00	257.00	257.00	257.00	257.00	257.00	256.00	256.00	256.00	256.00	256.00	256.00	256.00	255.00	255.00	254.00	254.00	254.00	254.00	254.00	253.00	253.00	253.00	253.00	253.00	252.00	252.00	252.00	252.00	251.00	251.00	251.00	251.00	250.00	250.00	250.00	249.00	249.00	248.00	248.00	247.00	247.00	247.00	246.00	246.00	245.00	245.00	245.00	245.00	245.00	245.00	245.00	245.00	245.00	245.00	246.00	246.00	246.00	246.00	246.00	246.00	246.00	246.00	246.00	247.00	247.00	247.00	248.00	248.00	249.00	249.00	249.00	250.00	251.00	251.00	251.00	251.00	252.00	253.00	253.00	253.00	254.00	255.00	255.00	256.00	256.00	257.00	258.00	259.00	259.00	260.00	261.00	261.00	262.00	262.00	262.00	263.00	263.00	264.00	265.00	266.00	266.00	267.00	267.00	269.00	269.00	269.00	270.00	270.00	272.00	272.00	272.00	272.00	273.00	274.00	274.00	274.00	274.00	275.00	275.00	275.00	275.00	276.00	276.00	276.00	276.00	276.00	276.00	276.00	276.00	276.00	276.00	276.00	276.00	277.00	277.00	277.00	277.00	277.00	277.00	277.00	277.00	277.00	276.00	276.00	276.00	276.00	276.00	276.00	276.00	276.00	276.00	276.00	276.00	276.00	276.00	276.00	275.00	275.00	275.00	275.00	275.00	275.00	275.00	274.00	274.00	274.00	274.00	274.00	274.00	274.00	274.00	274.00	273.00	273.00	273.00	273.00	273.00	273.00	273.00	273.00	272.00	272.00	272.00	272.00	271.00	271.00	271.00	271.00	271.00	270.00	270.00	270.00	269.00	268.00	268.00	267.00	267.00	266.00	265.00	265.00	264.00	264.00	262.00	262.00	261.00	261.00	260.00	259.00	259.00	257.00	257.00	256.00	255.00	253.00	253.00	252.00	251.00	251.00	250.00	250.00	249.00	248.00	248.00	247.00	246.00	245.00	245.00	244.00	244.00	243.00	242.00	242.00	242.00	242.00	241.00	241.00	241.00	241.00	241.00	241.00	241.00	241.00	241.00	241.00	241.00	241.00	241.00
276.00	276.00	275.00	275.00	275.00	275.00	275.00	275.00	275.00	275.00	275.00	275.00	274.00	273.00	273.00	273.00	272.00	272.00	272.00	271.00	271.00	271.00	271.00	270.00	270.00	270.00	270.00	270.00	270.00	270.00	269.00	269.00	268.00	268.00	267.00	267.00	267.00	266.00	266.00	265.00	265.00	265.00	264.00	264.00	264.00	263.00	262.00	262.00	261.00	261.00	261.00	260.00	260.00	260.00	259.00	259.00	259.00	258.00	258.00	258.00	257.00	257.00	257.00	256.00	256.00	256.00	256.00	256.00	257.00	257.00	257.00	257.00	257.00	257.00	257.00	257.00	257.00	257.00	257.00	257.00	258.00	258.00	258.00	258.00	258.00	258.00	259.00	259.00	259.00	260.00	260.00	260.00	261.00	261.00	261.00	262.00	262.00	262.00	262.00	263.00	263.00	263.00	263.00	264.00	264.00	264.00	265.00	266.00	266.00	266.00	267.00	267.00	267.00	268.00	268.00	269.00	269.00	270.00	270.00	270.00	270.00	270.00	271.00	271.00	271.00	271.00	271.00	271.00	272.00	272.00	272.00	272.00	272.00	272.00	272.00	273.00	273.00	273.00	273.00	273.00	273.00	273.00	273.00	273.00	273.00	273.00	273.00	273.00	273.00	273.00	273.00	272.00	272.00	272.00	272.00	272.00	272.00	272.00	272.00	272.00	272.00	272.00	272.00	272.00	272.00	272.00	272.00	272.00	272.00	272.00	272.00	272.00	272.00	272.00	272.00	272.00	272.00	272.00	272.00	272.00	272.00	272.00	272.00	272.00	271.00	271.00	271.00	271.00	271.00	271.00	271.00	271.00	271.00	271.00	271.00	270.00	270.00	270.00	269.00	269.00	269.00	268.00	268.00	268.00	267.00	267.00	266.00	265.00	265.00	265.00	265.00	263.00	263.00	261.00	261.00	260.00	259.00	259.00	258.00	258.00	257.00	256.00	255.00	255.00	254.00	253.00	253.00	252.00	252.00	251.00	250.00	250.00	249.00	249.00	248.00	248.00	248.00	248.00	247.00	246.00	246.00	246.00	246.00	245.00	245.00	244.00	244.00	244.00	244.00	244.00	245.00	245.00	245.00	246.00	246.00	246.00
276.00	276.00	275.00	275.00	275.00	275.00	275.00	275.00	275.00	275.00	275.00	275.00	274.00	273.00	273.00	273.00	272.00	272.00	272.00	271.00	271.00	271.00	271.00	270.00	270.00	270.00	270.00	270.00	270.00	270.00	269.00	269.00	268.00	268.00	267.00	267.00	267.00	266.00	266.00	265.00	265.00	265.00	264.00	264.00	264.00	263.00	262.00	262.00	261.00	261.00	261.00	260.00	260.00	260.00	259.00	259.00	259.00	258.00	258.00	258.00	257.00	257.00	257.00	256.00	256.00	256.00	256.00	256.00	257.00	257.00	257.00	257.00	257.00	257.00	257.00	257.00	257.00	257.00	257.00	257.00	258.00	258.00	258.00	258.00	258.00	258.00	259.00	259.00	259.00	260.00	260.00	260.00	261.00	261.00	261.00	262.00	262.00	262.00	262.00	263.00	263.00	263.00	263.00	264.00	264.00	264.00	265.00	266.00	266.00	266.00	267.00	267.00	267.00	268.00	268.00	269.00	269.00	270.00	270.00	270.00	270.00	270.00	271.00	271.00	271.00	271.00	271.00	271.00	272.00	272.00	272.00	272.00	272.00	272.00	272.00	273.00	273.00	273.00	273.00	273.00	273.00	273.00	273.00	273.00	273.00	273.00	273.00	273.00	273.00	273.00	273.00	272.00	272.00	272.00	272.00	272.00	272.00	272.00	272.00	272.00	272.00	272.00	272.00	272.00	272.00	272.00	272.00	272.00	272.00	272.00	272.00	272.00	272.00	272.00	272.00	272.00	272.00	272.00	272.00	272.00	272.00	272.00	272.00	272.00	271.00	271.00	271.00	271.00	271.00	271.00	271.00	271.00	271.00	271.00	271.00	270.00	270.00	270.00	269.00	269.00	269.00	268.00	268.00	268.00	267.00	267.00	266.00	265.00	265.00	265.00	265.00	263.00	263.00	261.00	261.00	260.00	259.00	259.00	258.00	258.00	257.00	256.00	255.00	255.00	254.00	253.00	253.00	252.00	252.00	251.00	250.00	250.00	249.00	249.00	248.00	248.00	248.00	248.00	247.00	246.00	246.00	246.00	246.00	245.00	245.00	244.00	244.00	244.00	244.00	244.00	245.00	245.00	245.00	246.00	246.00	246.00
276.00	276.00	275.00	275.00	275.00	275.00	275.00	275.00	275.00	275.00	275.00	275.00	274.00	273.00	273.00	273.00	272.00	272.00	272.00	271.00	271.00	271.00	271.00	270.00	270.00	270.00	270.00	270.00	270.00	270.00	269.00	269.00	268.00	268.00	267.00	267.00	267.00	266.00	266.00	265.00	265.00	265.00	264.00	264.00	264.00	263.00	262.00	262.00	261.00	261.00	261.00	260.00	260.00	260.00	259.00	259.00	259.00	258.00	258.00	258.00	257.00	257.00	257.00	256.00	256.00	256.00	256.00	256.00	257.00	257.00	257.00	257.00	257.00	257.00	257.00	257.00	257.00	257.00	257.00	257.00	258.00	258.00	258.00	258.00	258.00	258.00	259.00	259.00	259.00	260.00	260.00	260.00	261.00	261.00	261.00	262.00	262.00	262.00	262.00	263.00	263.00	263.00	263.00	264.00	264.00	264.00	265.00	266.00	266.00	266.00	267.00	267.00	267.00	268.00	268.00	269.00	269.00	270.00	270.00	270.00	270.00	270.00	271.00	271.00	271.00	271.00	271.00	271.00	272.00	272.00	272.00	272.00	272.00	272.00	272.00	273.00	273.00	273.00	273.00	273.00	273.00	273.00	273.00	273.00	273.00	273.00	273.00	273.00	273.00	273.00	273.00	272.00	272.00	272.00	272.00	272.00	272.00	272.00	272.00	272.00	272.00	272.00	272.00	272.00	272.00	272.00	272.00	272.00	272.00	272.00	272.00	272.00	272.00	272.00	272.00	272.00	272.00	272.00	272.00	272.00	272.00	272.00	272.00	272.00	271.00	271.00	271.00	271.00	271.00	271.00	271.00	271.00	271.00	271.00	271.00	270.00	270.00	270.00	269.00	269.00	269.00	268.00	268.00	268.00	267.00	267.00	266.00	265.00	265.00	265.00	265.00	263.00	263.00	261.00	261.00	260.00	259.00	259.00	258.00	258.00	257.00	256.00	255.00	255.00	254.00	253.00	253.00	252.00	252.00	251.00	250.00	250.00	249.00	249.00	248.00	248.00	248.00	248.00	247.00	246.00	246.00	246.00	246.00	245.00	245.00	244.00	244.00	244.00	244.00	244.00	245.00	245.00	245.00	246.00	246.00	246.00
276.00	276.00	275.00	275.00	275.00	275.00	275.00	275.00	275.00	275.00	275.00	275.00	274.00	273.00	273.00	273.00	272.00	272.00	272.00	271.00	271.00	271.00	271.00	270.00	270.00	270.00	270.00	270.00	270.00	270.00	269.00	269.00	268.00	268.00	267.00	267.00	267.00	266.00	266.00	265.00	265.00	265.00	264.00	264.00	264.00	263.00	262.00	262.00	261.00	261.00	261.00	260.00	260.00	260.00	259.00	259.00	259.00	258.00	258.00	258.00	257.00	257.00	257.00	256.00	256.00	256.00	256.00	256.00	257.00	257.00	257.00	257.00	257.00	257.00	257.00	257.00	257.00	257.00	257.00	257.00	258.00	258.00	258.00	258.00	258.00	258.00	259.00	259.00	259.00	260.00	260.00	260.00	261.00	261.00	261.00	262.00	262.00	262.00	262.00	263.00	263.00	263.00	263.00	264.00	264.00	264.00	265.00	266.00	266.00	266.00	267.00	267.00	267.00	268.00	268.00	269.00	269.00	270.00	270.00	270.00	270.00	270.00	271.00	271.00	271.00	271.00	271.00	271.00	272.00	272.00	272.00	272.00	272.00	272.00	272.00	273.00	273.00	273.00	273.00	273.00	273.00	273.00	273.00	273.00	273.00	273.00	273.00	273.00	273.00	273.00	273.00	272.00	272.00	272.00	272.00	272.00	272.00	272.00	272.00	272.00	272.00	272.00	272.00	272.00	272.00	272.00	272.00	272.00	272.00	272.00	272.00	272.00	272.00	272.00	272.00	272.00	272.00	272.00	272.00	272.00	272.00	272.00	272.00	272.00	271.00	271.00	271.00	271.00	271.00	271.00	271.00	271.00	271.00	271.00	271.00	270.00	270.00	270.00	269.00	269.00	269.00	268.00	268.00	268.00	267.00	267.00	266.00	265.00	265.00	265.00	265.00	263.00	263.00	261.00	261.00	260.00	259.00	259.00	258.00	258.00	257.00	256.00	255.00	255.00	254.00	253.00	253.00	252.00	252.00	251.00	250.00	250.00	249.00	249.00	248.00	248.00	248.00	248.00	247.00	246.00	246.00	246.00	246.00	245.00	245.00	244.00	244.00	244.00	244.00	244.00	245.00	245.00	245.00	246.00	246.00	246.00
276.00	276.00	275.00	275.00	275.00	275.00	275.00	275.00	275.00	275.00	275.00	275.00	274.00	273.00	273.00	273.00	272.00	272.00	272.00	271.00	271.00	271.00	271.00	270.00	270.00	270.00	270.00	270.00	270.00	270.00	269.00	269.00	268.00	268.00	267.00	267.00	267.00	266.00	266.00	265.00	265.00	265.00	264.00	264.00	264.00	263.00	262.00	262.00	261.00	261.00	261.00	260.00	260.00	260.00	259.00	259.00	259.00	258.00	258.00	258.00	257.00	257.00	257.00	256.00	256.00	256.00	256.00	256.00	257.00	257.00	257.00	257.00	257.00	257.00	257.00	257.00	257.00	257.00	257.00	257.00	258.00	258.00	258.00	258.00	258.00	258.00	259.00	259.00	259.00	260.00	260.00	260.00	261.00	261.00	261.00	262.00	262.00	262.00	262.00	263.00	263.00	263.00	263.00	264.00	264.00	264.00	265.00	266.00	266.00	266.00	267.00	267.00	267.00	268.00	268.00	269.00	269.00	270.00	270.00	270.00	270.00	270.00	271.00	271.00	271.00	271.00	271.00	271.00	272.00	272.00	272.00	272.00	272.00	272.00	272.00	273.00	273.00	273.00	273.00	273.00	273.00	273.00	273.00	273.00	273.00	273.00	273.00	273.00	273.00	273.00	273.00	272.00	272.00	272.00	272.00	272.00	272.00	272.00	272.00	272.00	272.00	272.00	272.00	272.00	272.00	272.00	272.00	272.00	272.00	272.00	272.00	272.00	272.00	272.00	272.00	272.00	272.00	272.00	272.00	272.00	272.00	272.00	272.00	272.00	271.00	271.00	271.00	271.00	271.00	271.00	271.00	271.00	271.00	271.00	271.00	270.00	270.00	270.00	269.00	269.00	269.00	268.00	268.00	268.00	267.00	267.00	266.00	265.00	265.00	265.00	265.00	263.00	263.00	261.00	261.00	260.00	259.00	259.00	258.00	258.00	257.00	256.00	255.00	255.00	254.00	253.00	253.00	252.00	252.00	251.00	250.00	250.00	249.00	249.00	248.00	248.00	248.00	248.00	247.00	246.00	246.00	246.00	246.00	245.00	245.00	244.00	244.00	244.00	244.00	244.00	245.00	245.00	245.00	246.00	246.00	246.00
276.00	276.00	275.00	275.00	275.00	275.00	275.00	275.00	275.00	275.00	275.00	275.00	274.00	273.00	273.00	273.00	272.00	272.00	272.00	271.00	271.00	271.00	271.00	270.00	270.00	270.00	270.00	270.00	270.00	270.00	269.00	269.00	268.00	268.00	267.00	267.00	267.00	266.00	266.00	265.00	265.00	265.00	264.00	264.00	264.00	263.00	262.00	262.00	261.00	261.00	261.00	260.00	260.00	260.00	259.00	259.00	259.00	258.00	258.00	258.00	257.00	257.00	257.00	256.00	256.00	256.00	256.00	256.00	257.00	257.00	257.00	257.00	257.00	257.00	257.00	257.00	257.00	257.00	257.00	257.00	258.00	258.00	258.00	258.00	258.00	258.00	259.00	259.00	259.00	260.00	260.00	260.00	261.00	261.00	261.00	262.00	262.00	262.00	262.00	263.00	263.00	263.00	263.00	264.00	264.00	264.00	265.00	266.00	266.00	266.00	267.00	267.00	267.00	268.00	268.00	269.00	269.00	270.00	270.00	270.00	270.00	270.00	271.00	271.00	271.00	271.00	271.00	271.00	272.00	272.00	272.00	272.00	272.00	272.00	272.00	273.00	273.00	273.00	273.00	273.00	273.00	273.00	273.00	273.00	273.00	273.00	273.00	273.00	273.00	273.00	273.00	272.00	272.00	272.00	272.00	272.00	272.00	272.00	272.00	272.00	272.00	272.00	272.00	272.00	272.00	272.00	272.00	272.00	272.00	272.00	272.00	272.00	272.00	272.00	272.00	272.00	272.00	272.00	272.00	272.00	272.00	272.00	272.00	272.00	271.00	271.00	271.00	271.00	271.00	271.00	271.00	271.00	271.00	271.00	271.00	270.00	270.00	270.00	269.00	269.00	269.00	268.00	268.00	268.00	267.00	267.00	266.00	265.00	265.00	265.00	265.00	263.00	263.00	261.00	261.00	260.00	259.00	259.00	258.00	258.00	257.00	256.00	255.00	255.00	254.00	253.00	253.00	252.00	252.00	251.00	250.00	250.00	249.00	249.00	248.00	248.00	248.00	248.00	247.00	246.00	246.00	246.00	246.00	245.00	245.00	244.00	244.00	244.00	244.00	244.00	245.00	245.00	245.00	246.00	246.00	246.00
276.00	276.00	275.00	275.00	275.00	275.00	275.00	275.00	275.00	275.00	275.00	275.00	274.00	273.00	273.00	273.00	272.00	272.00	272.00	271.00	271.00	271.00	271.00	270.00	270.00	270.00	270.00	270.00	270.00	270.00	269.00	269.00	268.00	268.00	267.00	267.00	267.00	266.00	266.00	265.00	265.00	265.00	264.00	264.00	264.00	263.00	262.00	262.00	261.00	261.00	261.00	260.00	260.00	260.00	259.00	259.00	259.00	258.00	258.00	258.00	257.00	257.00	257.00	256.00	256.00	256.00	256.00	256.00	257.00	257.00	257.00	257.00	257.00	257.00	257.00	257.00	257.00	257.00	257.00	257.00	258.00	258.00	258.00	258.00	258.00	258.00	259.00	259.00	259.00	260.00	260.00	260.00	261.00	261.00	261.00	262.00	262.00	262.00	262.00	263.00	263.00	263.00	263.00	264.00	264.00	264.00	265.00	266.00	266.00	266.00	267.00	267.00	267.00	268.00	268.00	269.00	269.00	270.00	270.00	270.00	270.00	270.00	271.00	271.00	271.00	271.00	271.00	271.00	272.00	272.00	272.00	272.00	272.00	272.00	272.00	273.00	273.00	273.00	273.00	273.00	273.00	273.00	273.00	273.00	273.00	273.00	273.00	273.00	273.00	273.00	273.00	272.00	272.00	272.00	272.00	272.00	272.00	272.00	272.00	272.00	272.00	272.00	272.00	272.00	272.00	272.00	272.00	272.00	272.00	272.00	272.00	272.00	272.00	272.00	272.00	272.00	272.00	272.00	272.00	272.00	272.00	272.00	272.00	272.00	271.00	271.00	271.00	271.00	271.00	271.00	271.00	271.00	271.00	271.00	271.00	270.00	270.00	270.00	269.00	269.00	269.00	268.00	268.00	268.00	267.00	267.00	266.00	265.00	265.00	265.00	265.00	263.00	263.00	261.00	261.00	260.00	259.00	259.00	258.00	258.00	257.00	256.00	255.00	255.00	254.00	253.00	253.00	252.00	252.00	251.00	250.00	250.00	249.00	249.00	248.00	248.00	248.00	248.00	247.00	246.00	246.00	246.00	246.00	245.00	245.00	244.00	244.00	244.00	244.00	244.00	245.00	245.00	245.00	246.00	246.00	246.00
276.00	276.00	275.00	275.00	275.00	275.00	275.00	275.00	275.00	275.00	275.00	275.00	274.00	273.00	273.00	273.00	272.00	272.00	272.00	271.00	271.00	271.00	271.00	270.00	270.00	270.00	270.00	270.00	270.00	270.00	269.00	269.00	268.00	268.00	267.00	267.00	267.00	266.00	266.00	265.00	265.00	265.00	264.00	264.00	264.00	263.00	262.00	262.00	261.00	261.00	261.00	260.00	260.00	260.00	259.00	259.00	259.00	258.00	258.00	258.00	257.00	257.00	257.00	256.00	256.00	256.00	256.00	256.00	257.00	257.00	257.00	257.00	257.00	257.00	257.00	257.00	257.00	257.00	257.00	257.00	258.00	258.00	258.00	258.00	258.00	258.00	259.00	259.00	259.00	260.00	260.00	260.00	261.00	261.00	261.00	262.00	262.00	262.00	262.00	263.00	263.00	263.00	263.00	264.00	264.00	264.00	265.00	266.00	266.00	266.00	267.00	267.00	267.00	268.00	268.00	269.00	269.00	270.00	270.00	270.00	270.00	270.00	271.00	271.00	271.00	271.00	271.00	271.00	272.00	272.00	272.00	272.00	272.00	272.00	272.00	273.00	273.00	273.00	273.00	273.00	273.00	273.00	273.00	273.00	273.00	273.00	273.00	273.00	273.00	273.00	273.00	272.00	272.00	272.00	272.00	272.00	272.00	272.00	272.00	272.00	272.00	272.00	272.00	272.00	272.00	272.00	272.00	272.00	272.00	272.00	272.00	272.00	272.00	272.00	272.00	272.00	272.00	272.00	272.00	272.00	272.00	272.00	272.00	272.00	271.00	271.00	271.00	271.00	271.00	271.00	271.00	271.00	271.00	271.00	271.00	270.00	270.00	270.00	269.00	269.00	269.00	268.00	268.00	268.00	267.00	267.00	266.00	265.00	265.00	265.00	265.00	263.00	263.00	261.00	261.00	260.00	259.00	259.00	258.00	258.00	257.00	256.00	255.00	255.00	254.00	253.00	253.00	252.00	252.00	251.00	250.00	250.00	249.00	249.00	248.00	248.00	248.00	248.00	247.00	246.00	246.00	246.00	246.00	245.00	245.00	244.00	244.00	244.00	244.00	244.00	245.00	245.00	245.00	246.00	246.00	246.00
276.00	276.00	275.00	275.00	275.00	275.00	275.00	275.00	275.00	275.00	275.00	275.00	274.00	273.00	273.00	273.00	272.00	272.00	272.00	271.00	271.00	271.00	271.00	270.00	270.00	270.00	270.00	270.00	270.00	270.00	269.00	269.00	268.00	268.00	267.00	267.00	267.00	266.00	266.00	265.00	265.00	265.00	264.00	264.00	264.00	263.00	262.00	262.00	261.00	261.00	261.00	260.00	260.00	260.00	259.00	259.00	259.00	258.00	258.00	258.00	257.00	257.00	257.00	256.00	256.00	256.00	256.00	256.00	257.00	257.00	257.00	257.00	257.00	257.00	257.00	257.00	257.00	257.00	257.00	257.00	258.00	258.00	258.00	258.00	258.00	258.00	259.00	259.00	259.00	260.00	260.00	260.00	261.00	261.00	261.00	262.00	262.00	262.00	262.00	263.00	263.00	263.00	263.00	264.00	264.00	264.00	265.00	266.00	266.00	266.00	267.00	267.00	267.00	268.00	268.00	269.00	269.00	270.00	270.00	270.00	270.00	270.00	271.00	271.00	271.00	271.00	271.00	271.00	272.00	272.00	272.00	272.00	272.00	272.00	272.00	273.00	273.00	273.00	273.00	273.00	273.00	273.00	273.00	273.00	273.00	273.00	273.00	273.00	273.00	273.00	273.00	272.00	272.00	272.00	272.00	272.00	272.00	272.00	272.00	272.00	272.00	272.00	272.00	272.00	272.00	272.00	272.00	272.00	272.00	272.00	272.00	272.00	272.00	272.00	272.00	272.00	272.00	272.00	272.00	272.00	272.00	272.00	272.00	272.00	271.00	271.00	271.00	271.00	271.00	271.00	271.00	271.00	271.00	271.00	271.00	270.00	270.00	270.00	269.00	269.00	269.00	268.00	268.00	268.00	267.00	267.00	266.00	265.00	265.00	265.00	265.00	263.00	263.00	261.00	261.00	260.00	259.00	259.00	258.00	258.00	257.00	256.00	255.00	255.00	254.00	253.00	253.00	252.00	252.00	251.00	250.00	250.00	249.00	249.00	248.00	248.00	248.00	248.00	247.00	246.00	246.00	246.00	246.00	245.00	245.00	244.00	244.00	244.00	244.00	244.00	245.00	245.00	245.00	246.00	246.00	246.00
276.00	276.00	275.00	275.00	275.00	275.00	275.00	275.00	275.00	275.00	275.00	275.00	274.00	273.00	273.00	273.00	272.00	272.00	272.00	271.00	271.00	271.00	271.00	270.00	270.00	270.00	270.00	270.00	270.00	270.00	269.00	269.00	268.00	268.00	267.00	267.00	267.00	266.00	266.00	265.00	265.00	265.00	264.00	264.00	264.00	263.00	262.00	262.00	261.00	261.00	261.00	260.00	260.00	260.00	259.00	259.00	259.00	258.00	258.00	258.00	257.00	257.00	257.00	256.00	256.00	256.00	256.00	256.00	257.00	257.00	257.00	257.00	257.00	257.00	257.00	257.00	257.00	257.00	257.00	257.00	258.00	258.00	258.00	258.00	258.00	258.00	259.00	259.00	259.00	260.00	260.00	260.00	261.00	261.00	261.00	262.00	262.00	262.00	262.00	263.00	263.00	263.00	263.00	264.00	264.00	264.00	265.00	266.00	266.00	266.00	267.00	267.00	267.00	268.00	268.00	269.00	269.00	270.00	270.00	270.00	270.00	270.00	271.00	271.00	271.00	271.00	271.00	271.00	272.00	272.00	272.00	272.00	272.00	272.00	272.00	273.00	273.00	273.00	273.00	273.00	273.00	273.00	273.00	273.00	273.00	273.00	273.00	273.00	273.00	273.00	273.00	272.00	272.00	272.00	272.00	272.00	272.00	272.00	272.00	272.00	272.00	272.00	272.00	272.00	272.00	272.00	272.00	272.00	272.00	272.00	272.00	272.00	272.00	272.00	272.00	272.00	272.00	272.00	272.00	272.00	272.00	272.00	272.00	272.00	271.00	271.00	271.00	271.00	271.00	271.00	271.00	271.00	271.00	271.00	271.00	270.00	270.00	270.00	269.00	269.00	269.00	268.00	268.00	268.00	267.00	267.00	266.00	265.00	265.00	265.00	265.00	263.00	263.00	261.00	261.00	260.00	259.00	259.00	258.00	258.00	257.00	256.00	255.00	255.00	254.00	253.00	253.00	252.00	252.00	251.00	250.00	250.00	249.00	249.00	248.00	248.00	248.00	248.00	247.00	246.00	246.00	246.00	246.00	245.00	245.00	244.00	244.00	244.00	244.00	244.00	245.00	245.00	245.00	246.00	246.00	246.00
276.00	276.00	275.00	275.00	275.00	275.00	275.00	275.00	275.00	275.00	275.00	275.00	274.00	273.00	273.00	273.00	272.00	272.00	272.00	271.00	271.00	271.00	271.00	270.00	270.00	270.00	270.00	270.00	270.00	270.00	269.00	269.00	268.00	268.00	267.00	267.00	267.00	266.00	266.00	265.00	265.00	265.00	264.00	264.00	264.00	263.00	262.00	262.00	261.00	261.00	261.00	260.00	260.00	260.00	259.00	259.00	259.00	258.00	258.00	258.00	257.00	257.00	257.00	256.00	256.00	256.00	256.00	256.00	257.00	257.00	257.00	257.00	257.00	257.00	257.00	257.00	257.00	257.00	257.00	257.00	258.00	258.00	258.00	258.00	258.00	258.00	259.00	259.00	259.00	260.00	260.00	260.00	261.00	261.00	261.00	262.00	262.00	262.00	262.00	263.00	263.00	263.00	263.00	264.00	264.00	264.00	265.00	266.00	266.00	266.00	267.00	267.00	267.00	268.00	268.00	269.00	269.00	270.00	270.00	270.00	270.00	270.00	271.00	271.00	271.00	271.00	271.00	271.00	272.00	272.00	272.00	272.00	272.00	272.00	272.00	273.00	273.00	273.00	273.00	273.00	273.00	273.00	273.00	273.00	273.00	273.00	273.00	273.00	273.00	273.00	273.00	272.00	272.00	272.00	272.00	272.00	272.00	272.00	272.00	272.00	272.00	272.00	272.00	272.00	272.00	272.00	272.00	272.00	272.00	272.00	272.00	272.00	272.00	272.00	272.00	272.00	272.00	272.00	272.00	272.00	272.00	272.00	272.00	272.00	271.00	271.00	271.00	271.00	271.00	271.00	271.00	271.00	271.00	271.00	271.00	270.00	270.00	270.00	269.00	269.00	269.00	268.00	268.00	268.00	267.00	267.00	266.00	265.00	265.00	265.00	265.00	263.00	263.00	261.00	261.00	260.00	259.00	259.00	258.00	258.00	257.00	256.00	255.00	255.00	254.00	253.00	253.00	252.00	252.00	251.00	250.00	250.00	249.00	249.00	248.00	248.00	248.00	248.00	247.00	246.00	246.00	246.00	246.00	245.00	245.00	244.00	244.00	244.00	244.00	244.00	245.00	245.00	245.00	246.00	246.00	246.00
276.00	276.00	275.00	275.00	275.00	275.00	275.00	275.00	275.00	275.00	275.00	275.00	274.00	273.00	273.00	273.00	272.00	272.00	272.00	271.00	271.00	271.00	271.00	270.00	270.00	270.00	270.00	270.00	270.00	270.00	269.00	269.00	268.00	268.00	267.00	267.00	267.00	266.00	266.00	265.00	265.00	265.00	264.00	264.00	264.00	263.00	262.00	262.00	261.00	261.00	261.00	260.00	260.00	260.00	259.00	259.00	259.00	258.00	258.00	258.00	257.00	257.00	257.00	256.00	256.00	256.00	256.00	256.00	257.00	257.00	257.00	257.00	257.00	257.00	257.00	257.00	257.00	257.00	257.00	257.00	258.00	258.00	258.00	258.00	258.00	258.00	259.00	259.00	259.00	260.00	260.00	260.00	261.00	261.00	261.00	262.00	262.00	262.00	262.00	263.00	263.00	263.00	263.00	264.00	264.00	264.00	265.00	266.00	266.00	266.00	267.00	267.00	267.00	268.00	268.00	269.00	269.00	270.00	270.00	270.00	270.00	270.00	271.00	271.00	271.00	271.00	271.00	271.00	272.00	272.00	272.00	272.00	272.00	272.00	272.00	273.00	273.00	273.00	273.00	273.00	273.00	273.00	273.00	273.00	273.00	273.00	273.00	273.00	273.00	273.00	273.00	272.00	272.00	272.00	272.00	272.00	272.00	272.00	272.00	272.00	272.00	272.00	272.00	272.00	272.00	272.00	272.00	272.00	272.00	272.00	272.00	272.00	272.00	272.00	272.00	272.00	272.00	272.00	272.00	272.00	272.00	272.00	272.00	272.00	271.00	271.00	271.00	271.00	271.00	271.00	271.00	271.00	271.00	271.00	271.00	270.00	270.00	270.00	269.00	269.00	269.00	268.00	268.00	268.00	267.00	267.00	266.00	265.00	265.00	265.00	265.00	263.00	263.00	261.00	261.00	260.00	259.00	259.00	258.00	258.00	257.00	256.00	255.00	255.00	254.00	253.00	253.00	252.00	252.00	251.00	250.00	250.00	249.00	249.00	248.00	248.00	248.00	248.00	247.00	246.00	246.00	246.00	246.00	245.00	245.00	244.00	244.00	244.00	244.00	244.00	245.00	245.00	245.00	246.00	246.00	246.00
284.00	284.00	284.00	284.00	285.00	284.00	284.00	284.00	284.00	284.00	284.00	284.00	283.00	283.00	283.00	283.00	283.00	283.00	282.00	282.00	282.00	282.00	282.00	282.00	282.00	281.00	281.00	281.00	281.00	281.00	280.00	280.00	280.00	280.00	280.00	280.00	280.00	279.00	279.00	279.00	279.00	279.00	278.00	278.00	277.00	276.00	276.00	276.00	275.00	275.00	274.00	274.00	274.00	273.00	273.00	273.00	273.00	272.00	272.00	272.00	272.00	272.00	271.00	271.00	271.00	271.00	271.00	271.00	270.00	270.00	270.00	270.00	269.00	269.00	269.00	269.00	269.00	268.00	268.00	268.00	268.00	268.00	268.00	268.00	268.00	268.00	268.00	268.00	268.00	267.00	267.00	267.00	267.00	267.00	266.00	267.00	267.00	267.00	267.00	267.00	267.00	268.00	268.00	268.00	268.00	268.00	268.00	268.00	267.00	267.00	267.00	267.00	267.00	267.00	267.00	268.00	268.00	268.00	268.00	268.00	268.00	268.00	268.00	268.00	268.00	268.00	268.00	269.00	269.00	269.00	269.00	270.00	270.00	270.00	270.00	270.00	271.00	271.00	271.00	271.00	271.00	271.00	271.00	271.00	270.00	270.00	270.00	270.00	269.00	269.00	269.00	269.00	269.00	269.00	269.00	269.00	269.00	269.00	269.00	269.00	269.00	269.00	269.00	269.00	269.00	269.00	269.00	269.00	269.00	269.00	269.00	269.00	269.00	269.00	269.00	269.00	269.00	269.00	269.00	269.00	270.00	270.00	270.00	270.00	270.00	270.00	270.00	270.00	270.00	270.00	270.00	270.00	270.00	269.00	269.00	269.00	269.00	269.00	269.00	269.00	269.00	269.00	269.00	269.00	268.00	268.00	267.00	266.00	266.00	266.00	266.00	264.00	264.00	263.00	263.00	262.00	261.00	261.00	260.00	260.00	259.00	258.00	258.00	258.00	257.00	256.00	256.00	256.00	256.00	255.00	255.00	255.00	254.00	253.00	253.00	253.00	252.00	252.00	253.00	253.00	253.00	253.00	253.00	253.00	253.00	253.00	253.00	253.00	254.00	254.00	254.00	254.00	254.00	254.00	254.00	254.00
284.00	284.00	284.00	284.00	285.00	284.00	284.00	284.00	284.00	284.00	284.00	284.00	283.00	283.00	283.00	283.00	283.00	283.00	282.00	282.00	282.00	282.00	282.00	282.00	282.00	281.00	281.00	281.00	281.00	281.00	280.00	280.00	280.00	280.00	280.00	280.00	280.00	279.00	279.00	279.00	279.00	279.00	278.00	278.00	277.00	276.00	276.00	276.00	275.00	275.00	274.00	274.00	274.00	273.00	273.00	273.00	273.00	272.00	272.00	272.00	272.00	272.00	271.00	271.00	271.00	271.00	271.00	271.00	270.00	270.00	270.00	270.00	269.00	269.00	269.00	269.00	269.00	268.00	268.00	268.00	268.00	268.00	268.00	268.00	268.00	268.00	268.00	268.00	268.00	267.00	267.00	267.00	267.00	267.00	266.00	267.00	267.00	267.00	267.00	267.00	267.00	268.00	268.00	268.00	268.00	268.00	268.00	268.00	267.00	267.00	267.00	267.00	267.00	267.00	267.00	268.00	268.00	268.00	268.00	268.00	268.00	268.00	268.00	268.00	268.00	268.00	268.00	269.00	269.00	269.00	269.00	270.00	270.00	270.00	270.00	270.00	271.00	271.00	271.00	271.00	271.00	271.00	271.00	271.00	270.00	270.00	270.00	270.00	269.00	269.00	269.00	269.00	269.00	269.00	269.00	269.00	269.00	269.00	269.00	269.00	269.00	269.00	269.00	269.00	269.00	269.00	269.00	269.00	269.00	269.00	269.00	269.00	269.00	269.00	269.00	269.00	269.00	269.00	269.00	269.00	270.00	270.00	270.00	270.00	270.00	270.00	270.00	270.00	270.00	270.00	270.00	270.00	270.00	269.00	269.00	269.00	269.00	269.00	269.00	269.00	269.00	269.00	269.00	269.00	268.00	268.00	267.00	266.00	266.00	266.00	266.00	264.00	264.00	263.00	263.00	262.00	261.00	261.00	260.00	260.00	259.00	258.00	258.00	258.00	257.00	256.00	256.00	256.00	256.00	255.00	255.00	255.00	254.00	253.00	253.00	253.00	252.00	252.00	253.00	253.00	253.00	253.00	253.00	253.00	253.00	253.00	253.00	253.00	254.00	254.00	254.00	254.00	254.00	254.00	254.00	254.00
284.00	284.00	284.00	284.00	285.00	284.00	284.00	284.00	284.00	284.00	284.00	284.00	283.00	283.00	283.00	283.00	283.00	283.00	282.00	282.00	282.00	282.00	282.00	282.00	282.00	281.00	281.00	281.00	281.00	281.00	280.00	280.00	280.00	280.00	280.00	280.00	280.00	279.00	279.00	279.00	279.00	279.00	278.00	278.00	277.00	276.00	276.00	276.00	275.00	275.00	274.00	274.00	274.00	273.00	273.00	273.00	273.00	272.00	272.00	272.00	272.00	272.00	271.00	271.00	271.00	271.00	271.00	271.00	270.00	270.00	270.00	270.00	269.00	269.00	269.00	269.00	269.00	268.00	268.00	268.00	268.00	268.00	268.00	268.00	268.00	268.00	268.00	268.00	268.00	267.00	267.00	267.00	267.00	267.00	266.00	267.00	267.00	267.00	267.00	267.00	267.00	268.00	268.00	268.00	268.00	268.00	268.00	268.00	267.00	267.00	267.00	267.00	267.00	267.00	267.00	268.00	268.00	268.00	268.00	268.00	268.00	268.00	268.00	268.00	268.00	268.00	268.00	269.00	269.00	269.00	269.00	270.00	270.00	270.00	270.00	270.00	271.00	271.00	271.00	271.00	271.00	271.00	271.00	271.00	270.00	270.00	270.00	270.00	269.00	269.00	269.00	269.00	269.00	269.00	269.00	269.00	269.00	269.00	269.00	269.00	269.00	269.00	269.00	269.00	269.00	269.00	269.00	269.00	269.00	269.00	269.00	269.00	269.00	269.00	269.00	269.00	269.00	269.00	269.00	269.00	270.00	270.00	270.00	270.00	270.00	270.00	270.00	270.00	270.00	270.00	270.00	270.00	270.00	269.00	269.00	269.00	269.00	269.00	269.00	269.00	269.00	269.00	269.00	269.00	268.00	268.00	267.00	266.00	266.00	266.00	266.00	264.00	264.00	263.00	263.00	262.00	261.00	261.00	260.00	260.00	259.00	258.00	258.00	258.00	257.00	256.00	256.00	256.00	256.00	255.00	255.00	255.00	254.00	253.00	253.00	253.00	252.00	252.00	253.00	253.00	253.00	253.00	253.00	253.00	253.00	253.00	253.00	253.00	254.00	254.00	254.00	254.00	254.00	254.00	254.00	254.00
284.00	284.00	284.00	284.00	285.00	284.00	284.00	284.00	284.00	284.00	284.00	284.00	283.00	283.00	283.00	283.00	283.00	283.00	282.00	282.00	282.00	282.00	282.00	282.00	282.00	281.00	281.00	281.00	281.00	281.00	280.00	280.00	280.00	280.00	280.00	280.00	280.00	279.00	279.00	279.00	279.00	279.00	278.00	278.00	277.00	276.00	276.00	276.00	275.00	275.00	274.00	274.00	274.00	273.00	273.00	273.00	273.00	272.00	272.00	272.00	272.00	272.00	271.00	271.00	271.00	271.00	271.00	271.00	270.00	270.00	270.00	270.00	269.00	269.00	269.00	269.00	269.00	268.00	268.00	268.00	268.00	268.00	268.00	268.00	268.00	268.00	268.00	268.00	268.00	267.00	267.00	267.00	267.00	267.00	266.00	267.00	267.00	267.00	267.00	267.00	267.00	268.00	268.00	268.00	268.00	268.00	268.00	268.00	267.00	267.00	267.00	267.00	267.00	267.00	267.00	268.00	268.00	268.00	268.00	268.00	268.00	268.00	268.00	268.00	268.00	268.00	268.00	269.00	269.00	269.00	269.00	270.00	270.00	270.00	270.00	270.00	271.00	271.00	271.00	271.00	271.00	271.00	271.00	271.00	270.00	270.00	270.00	270.00	269.00	269.00	269.00	269.00	269.00	269.00	269.00	269.00	269.00	269.00	269.00	269.00	269.00	269.00	269.00	269.00	269.00	269.00	269.00	269.00	269.00	269.00	269.00	269.00	269.00	269.00	269.00	269.00	269.00	269.00	269.00	269.00	270.00	270.00	270.00	270.00	270.00	270.00	270.00	270.00	270.00	270.00	270.00	270.00	270.00	269.00	269.00	269.00	269.00	269.00	269.00	269.00	269.00	269.00	269.00	269.00	268.00	268.00	267.00	266.00	266.00	266.00	266.00	264.00	264.00	263.00	263.00	262.00	261.00	261.00	260.00	260.00	259.00	258.00	258.00	258.00	257.00	256.00	256.00	256.00	256.00	255.00	255.00	255.00	254.00	253.00	253.00	253.00	252.00	252.00	253.00	253.00	253.00	253.00	253.00	253.00	253.00	253.00	253.00	253.00	254.00	254.00	254.00	254.00	254.00	254.00	254.00	254.00
284.00	284.00	284.00	284.00	285.00	284.00	284.00	284.00	284.00	284.00	284.00	284.00	283.00	283.00	283.00	283.00	283.00	283.00	282.00	282.00	282.00	282.00	282.00	282.00	282.00	281.00	281.00	281.00	281.00	281.00	280.00	280.00	280.00	280.00	280.00	280.00	280.00	279.00	279.00	279.00	279.00	279.00	278.00	278.00	277.00	276.00	276.00	276.00	275.00	275.00	274.00	274.00	274.00	273.00	273.00	273.00	273.00	272.00	272.00	272.00	272.00	272.00	271.00	271.00	271.00	271.00	271.00	271.00	270.00	270.00	270.00	270.00	269.00	269.00	269.00	269.00	269.00	268.00	268.00	268.00	268.00	268.00	268.00	268.00	268.00	268.00	268.00	268.00	268.00	267.00	267.00	267.00	267.00	267.00	266.00	267.00	267.00	267.00	267.00	267.00	267.00	268.00	268.00	268.00	268.00	268.00	268.00	268.00	267.00	267.00	267.00	267.00	267.00	267.00	267.00	268.00	268.00	268.00	268.00	268.00	268.00	268.00	268.00	268.00	268.00	268.00	268.00	269.00	269.00	269.00	269.00	270.00	270.00	270.00	270.00	270.00	271.00	271.00	271.00	271.00	271.00	271.00	271.00	271.00	270.00	270.00	270.00	270.00	269.00	269.00	269.00	269.00	269.00	269.00	269.00	269.00	269.00	269.00	269.00	269.00	269.00	269.00	269.00	269.00	269.00	269.00	269.00	269.00	269.00	269.00	269.00	269.00	269.00	269.00	269.00	269.00	269.00	269.00	269.00	269.00	270.00	270.00	270.00	270.00	270.00	270.00	270.00	270.00	270.00	270.00	270.00	270.00	270.00	269.00	269.00	269.00	269.00	269.00	269.00	269.00	269.00	269.00	269.00	269.00	268.00	268.00	267.00	266.00	266.00	266.00	266.00	264.00	264.00	263.00	263.00	262.00	261.00	261.00	260.00	260.00	259.00	258.00	258.00	258.00	257.00	256.00	256.00	256.00	256.00	255.00	255.00	255.00	254.00	253.00	253.00	253.00	252.00	252.00	253.00	253.00	253.00	253.00	253.00	253.00	253.00	253.00	253.00	253.00	254.00	254.00	254.00	254.00	254.00	254.00	254.00	254.00
284.00	284.00	284.00	284.00	285.00	284.00	284.00	284.00	284.00	284.00	284.00	284.00	283.00	283.00	283.00	283.00	283.00	283.00	282.00	282.00	282.00	282.00	282.00	282.00	282.00	281.00	281.00	281.00	281.00	281.00	280.00	280.00	280.00	280.00	280.00	280.00	280.00	279.00	279.00	279.00	279.00	279.00	278.00	278.00	277.00	276.00	276.00	276.00	275.00	275.00	274.00	274.00	274.00	273.00	273.00	273.00	273.00	272.00	272.00	272.00	272.00	272.00	271.00	271.00	271.00	271.00	271.00	271.00	270.00	270.00	270.00	270.00	269.00	269.00	269.00	269.00	269.00	268.00	268.00	268.00	268.00	268.00	268.00	268.00	268.00	268.00	268.00	268.00	268.00	267.00	267.00	267.00	267.00	267.00	266.00	267.00	267.00	267.00	267.00	267.00	267.00	268.00	268.00	268.00	268.00	268.00	268.00	268.00	267.00	267.00	267.00	267.00	267.00	267.00	267.00	268.00	268.00	268.00	268.00	268.00	268.00	268.00	268.00	268.00	268.00	268.00	268.00	269.00	269.00	269.00	269.00	270.00	270.00	270.00	270.00	270.00	271.00	271.00	271.00	271.00	271.00	271.00	271.00	271.00	270.00	270.00	270.00	270.00	269.00	269.00	269.00	269.00	269.00	269.00	269.00	269.00	269.00	269.00	269.00	269.00	269.00	269.00	269.00	269.00	269.00	269.00	269.00	269.00	269.00	269.00	269.00	269.00	269.00	269.00	269.00	269.00	269.00	269.00	269.00	269.00	270.00	270.00	270.00	270.00	270.00	270.00	270.00	270.00	270.00	270.00	270.00	270.00	270.00	269.00	269.00	269.00	269.00	269.00	269.00	269.00	269.00	269.00	269.00	269.00	268.00	268.00	267.00	266.00	266.00	266.00	266.00	264.00	264.00	263.00	263.00	262.00	261.00	261.00	260.00	260.00	259.00	258.00	258.00	258.00	257.00	256.00	256.00	256.00	256.00	255.00	255.00	255.00	254.00	253.00	253.00	253.00	252.00	252.00	253.00	253.00	253.00	253.00	253.00	253.00	253.00	253.00	253.00	253.00	254.00	254.00	254.00	254.00	254.00	254.00	254.00	254.00
288.00	288.00	288.00	288.00	288.00	289.00	289.00	289.00	289.00	289.00	289.00	289.00	289.00	289.00	289.00	289.00	289.00	289.00	289.00	289.00	289.00	289.00	289.00	289.00	289.00	289.00	289.00	289.00	290.00	290.00	290.00	290.00	290.00	290.00	290.00	290.00	290.00	290.00	290.00	289.00	289.00	289.00	289.00	289.00	289.00	288.00	288.00	288.00	288.00	288.00	288.00	288.00	288.00	287.00	287.00	287.00	287.00	286.00	286.00	286.00	286.00	286.00	286.00	286.00	285.00	285.00	285.00	285.00	285.00	285.00	285.00	284.00	284.00	284.00	284.00	283.00	283.00	283.00	282.00	282.00	281.00	280.00	280.00	280.00	280.00	279.00	278.00	278.00	278.00	278.00	277.00	277.00	277.00	277.00	277.00	276.00	276.00	276.00	276.00	276.00	276.00	275.00	275.00	275.00	275.00	275.00	275.00	275.00	275.00	275.00	275.00	275.00	275.00	274.00	274.00	274.00	274.00	274.00	274.00	274.00	274.00	274.00	274.00	274.00	274.00	274.00	274.00	274.00	275.00	275.00	275.00	275.00	275.00	274.00	274.00	274.00	273.00	273.00	272.00	272.00	271.00	271.00	270.00	270.00	270.00	269.00	269.00	269.00	269.00	268.00	268.00	268.00	268.00	268.00	267.00	267.00	267.00	267.00	267.00	267.00	266.00	266.00	267.00	267.00	267.00	267.00	267.00	267.00	267.00	267.00	267.00	267.00	267.00	267.00	267.00	267.00	267.00	267.00	267.00	267.00	268.00	268.00	268.00	268.00	268.00	268.00	268.00	268.00	268.00	268.00	269.00	269.00	269.00	269.00	269.00	270.00	270.00	270.00	270.00	270.00	270.00	270.00	270.00	270.00	269.00	269.00	269.00	269.00	269.00	269.00	269.00	268.00	268.00	268.00	268.00	267.00	267.00	267.00	266.00	266.00	265.00	264.00	264.00	264.00	263.00	263.00	263.00	262.00	262.00	262.00	261.00	261.00	261.00	260.00	261.00	261.00	261.00	261.00	261.00	261.00	261.00	261.00	261.00	262.00	262.00	262.00	262.00	262.00	262.00	262.00	262.00	262.00	262.00	262.00	262.00	262.00
288.00	288.00	288.00	288.00	288.00	289.00	289.00	289.00	289.00	289.00	289.00	289.00	289.00	289.00	289.00	289.00	289.00	289.00	289.00	289.00	289.00	289.00	289.00	289.00	289.00	289.00	289.00	289.00	290.00	290.00	290.00	290.00	290.00	290.00	290.00	290.00	290.00	290.00	290.00	289.00	289.00	289.00	289.00	289.00	289.00	288.00	288.00	288.00	288.00	288.00	288.00	288.00	288.00	287.00	287.00	287.00	287.00	286.00	286.00	286.00	286.00	286.00	286.00	286.00	285.00	285.00	285.00	285.00	285.00	285.00	285.00	284.00	284.00	284.00	284.00	283.00	283.00	283.00	282.00	282.00	281.00	280.00	280.00	280.00	280.00	279.00	278.00	278.00	278.00	278.00	277.00	277.00	277.00	277.00	277.00	276.00	276.00	276.00	276.00	276.00	276.00	275.00	275.00	275.00	275.00	275.00	275.00	275.00	275.00	275.00	275.00	275.00	275.00	274.00	274.00	274.00	274.00	274.00	274.00	274.00	274.00	274.00	274.00	274.00	274.00	274.00	274.00	274.00	275.00	275.00	275.00	275.00	275.00	274.00	274.00	274.00	273.00	273.00	272.00	272.00	271.00	271.00	270.00	270.00	270.00	269.00	269.00	269.00	269.00	268.00	268.00	268.00	268.00	268.00	267.00	267.00	267.00	267.00	267.00	267.00	266.00	266.00	267.00	267.00	267.00	267.00	267.00	267.00	267.00	267.00	267.00	267.00	267.00	267.00	267.00	267.00	267.00	267.00	267.00	267.00	268.00	268.00	268.00	268.00	268.00	268.00	268.00	268.00	268.00	268.00	269.00	269.00	269.00	269.00	269.00	270.00	270.00	270.00	270.00	270.00	270.00	270.00	270.00	270.00	269.00	269.00	269.00	269.00	269.00	269.00	269.00	268.00	268.00	268.00	268.00	267.00	267.00	267.00	266.00	266.00	265.00	264.00	264.00	264.00	263.00	263.00	263.00	262.00	262.00	262.00	261.00	261.00	261.00	260.00	261.00	261.00	261.00	261.00	261.00	261.00	261.00	261.00	261.00	262.00	262.00	262.00	262.00	262.00	262.00	262.00	262.00	262.00	262.00	262.00	262.00	262.00
288.00	288.00	288.00	288.00	288.00	289.00	289.00	289.00	289.00	289.00	289.00	289.00	289.00	289.00	289.00	289.00	289.00	289.00	289.00	289.00	289.00	289.00	289.00	289.00	289.00	289.00	289.00	289.00	290.00	290.00	290.00	290.00	290.00	290.00	290.00	290.00	290.00	290.00	290.00	289.00	289.00	289.00	289.00	289.00	289.00	288.00	288.00	288.00	288.00	288.00	288.00	288.00	288.00	287.00	287.00	287.00	287.00	286.00	286.00	286.00	286.00	286.00	286.00	286.00	285.00	285.00	285.00	285.00	285.00	285.00	285.00	284.00	284.00	284.00	284.00	283.00	283.00	283.00	282.00	282.00	281.00	280.00	280.00	280.00	280.00	279.00	278.00	278.00	278.00	278.00	277.00	277.00	277.00	277.00	277.00	276.00	276.00	276.00	276.00	276.00	276.00	275.00	275.00	275.00	275.00	275.00	275.00	275.00	275.00	275.00	275.00	275.00	275.00	274.00	274.00	274.00	274.00	274.00	274.00	274.00	274.00	274.00	274.00	274.00	274.00	274.00	274.00	274.00	275.00	275.00	275.00	275.00	275.00	274.00	274.00	274.00	273.00	273.00	272.00	272.00	271.00	271.00	270.00	270.00	270.00	269.00	269.00	269.00	269.00	268.00	268.00	268.00	268.00	268.00	267.00	267.00	267.00	267.00	267.00	267.00	266.00	266.00	267.00	267.00	267.00	267.00	267.00	267.00	267.00	267.00	267.00	267.00	267.00	267.00	267.00	267.00	267.00	267.00	267.00	267.00	268.00	268.00	268.00	268.00	268.00	268.00	268.00	268.00	268.00	268.00	269.00	269.00	269.00	269.00	269.00	270.00	270.00	270.00	270.00	270.00	270.00	270.00	270.00	270.00	269.00	269.00	269.00	269.00	269.00	269.00	269.00	268.00	268.00	268.00	268.00	267.00	267.00	267.00	266.00	266.00	265.00	264.00	264.00	264.00	263.00	263.00	263.00	262.00	262.00	262.00	261.00	261.00	261.00	260.00	261.00	261.00	261.00	261.00	261.00	261.00	261.00	261.00	261.00	262.00	262.00	262.00	262.00	262.00	262.00	262.00	262.00	262.00	262.00	262.00	262.00	262.00
288.00	288.00	288.00	288.00	288.00	289.00	289.00	289.00	289.00	289.00	289.00	289.00	289.00	289.00	289.00	289.00	289.00	289.00	289.00	289.00	289.00	289.00	289.00	289.00	289.00	289.00	289.00	289.00	290.00	290.00	290.00	290.00	290.00	290.00	290.00	290.00	290.00	290.00	290.00	289.00	289.00	289.00	289.00	289.00	289.00	288.00	288.00	288.00	288.00	288.00	288.00	288.00	288.00	287.00	287.00	287.00	287.00	286.00	286.00	286.00	286.00	286.00	286.00	286.00	285.00	285.00	285.00	285.00	285.00	285.00	285.00	284.00	284.00	284.00	284.00	283.00	283.00	283.00	282.00	282.00	281.00	280.00	280.00	280.00	280.00	279.00	278.00	278.00	278.00	278.00	277.00	277.00	277.00	277.00	277.00	276.00	276.00	276.00	276.00	276.00	276.00	275.00	275.00	275.00	275.00	275.00	275.00	275.00	275.00	275.00	275.00	275.00	275.00	274.00	274.00	274.00	274.00	274.00	274.00	274.00	274.00	274.00	274.00	274.00	274.00	274.00	274.00	274.00	275.00	275.00	275.00	275.00	275.00	274.00	274.00	274.00	273.00	273.00	272.00	272.00	271.00	271.00	270.00	270.00	270.00	269.00	269.00	269.00	269.00	268.00	268.00	268.00	268.00	268.00	267.00	267.00	267.00	267.00	267.00	267.00	266.00	266.00	267.00	267.00	267.00	267.00	267.00	267.00	267.00	267.00	267.00	267.00	267.00	267.00	267.00	267.00	267.00	267.00	267.00	267.00	268.00	268.00	268.00	268.00	268.00	268.00	268.00	268.00	268.00	268.00	269.00	269.00	269.00	269.00	269.00	270.00	270.00	270.00	270.00	270.00	270.00	270.00	270.00	270.00	269.00	269.00	269.00	269.00	269.00	269.00	269.00	268.00	268.00	268.00	268.00	267.00	267.00	267.00	266.00	266.00	265.00	264.00	264.00	264.00	263.00	263.00	263.00	262.00	262.00	262.00	261.00	261.00	261.00	260.00	261.00	261.00	261.00	261.00	261.00	261.00	261.00	261.00	261.00	262.00	262.00	262.00	262.00	262.00	262.00	262.00	262.00	262.00	262.00	262.00	262.00	262.00
288.00	288.00	288.00	288.00	288.00	289.00	289.00	289.00	289.00	289.00	289.00	289.00	289.00	289.00	289.00	289.00	289.00	289.00	289.00	289.00	289.00	289.00	289.00	289.00	289.00	289.00	289.00	289.00	290.00	290.00	290.00	290.00	290.00	290.00	290.00	290.00	290.00	290.00	290.00	289.00	289.00	289.00	289.00	289.00	289.00	288.00	288.00	288.00	288.00	288.00	288.00	288.00	288.00	287.00	287.00	287.00	287.00	286.00	286.00	286.00	286.00	286.00	286.00	286.00	285.00	285.00	285.00	285.00	285.00	285.00	285.00	284.00	284.00	284.00	284.00	283.00	283.00	283.00	282.00	282.00	281.00	280.00	280.00	280.00	280.00	279.00	278.00	278.00	278.00	278.00	277.00	277.00	277.00	277.00	277.00	276.00	276.00	276.00	276.00	276.00	276.00	275.00	275.00	275.00	275.00	275.00	275.00	275.00	275.00	275.00	275.00	275.00	275.00	274.00	274.00	274.00	274.00	274.00	274.00	274.00	274.00	274.00	274.00	274.00	274.00	274.00	274.00	274.00	275.00	275.00	275.00	275.00	275.00	274.00	274.00	274.00	273.00	273.00	272.00	272.00	271.00	271.00	270.00	270.00	270.00	269.00	269.00	269.00	269.00	268.00	268.00	268.00	268.00	268.00	267.00	267.00	267.00	267.00	267.00	267.00	266.00	266.00	267.00	267.00	267.00	267.00	267.00	267.00	267.00	267.00	267.00	267.00	267.00	267.00	267.00	267.00	267.00	267.00	267.00	267.00	268.00	268.00	268.00	268.00	268.00	268.00	268.00	268.00	268.00	268.00	269.00	269.00	269.00	269.00	269.00	270.00	270.00	270.00	270.00	270.00	270.00	270.00	270.00	270.00	269.00	269.00	269.00	269.00	269.00	269.00	269.00	268.00	268.00	268.00	268.00	267.00	267.00	267.00	266.00	266.00	265.00	264.00	264.00	264.00	263.00	263.00	263.00	262.00	262.00	262.00	261.00	261.00	261.00	260.00	261.00	261.00	261.00	261.00	261.00	261.00	261.00	261.00	261.00	262.00	262.00	262.00	262.00	262.00	262.00	262.00	262.00	262.00	262.00	262.00	262.00	262.00
288.00	288.00	288.00	288.00	288.00	289.00	289.00	289.00	289.00	289.00	289.00	289.00	289.00	289.00	289.00	289.00	289.00	289.00	289.00	289.00	289.00	289.00	289.00	289.00	289.00	289.00	289.00	289.00	290.00	290.00	290.00	290.00	290.00	290.00	290.00	290.00	290.00	290.00	290.00	289.00	289.00	289.00	289.00	289.00	289.00	288.00	288.00	288.00	288.00	288.00	288.00	288.00	288.00	287.00	287.00	287.00	287.00	286.00	286.00	286.00	286.00	286.00	286.00	286.00	285.00	285.00	285.00	285.00	285.00	285.00	285.00	284.00	284.00	284.00	284.00	283.00	283.00	283.00	282.00	282.00	281.00	280.00	280.00	280.00	280.00	279.00	278.00	278.00	278.00	278.00	277.00	277.00	277.00	277.00	277.00	276.00	276.00	276.00	276.00	276.00	276.00	275.00	275.00	275.00	275.00	275.00	275.00	275.00	275.00	275.00	275.00	275.00	275.00	274.00	274.00	274.00	274.00	274.00	274.00	274.00	274.00	274.00	274.00	274.00	274.00	274.00	274.00	274.00	275.00	275.00	275.00	275.00	275.00	274.00	274.00	274.00	273.00	273.00	272.00	272.00	271.00	271.00	270.00	270.00	270.00	269.00	269.00	269.00	269.00	268.00	268.00	268.00	268.00	268.00	267.00	267.00	267.00	267.00	267.00	267.00	266.00	266.00	267.00	267.00	267.00	267.00	267.00	267.00	267.00	267.00	267.00	267.00	267.00	267.00	267.00	267.00	267.00	267.00	267.00	267.00	268.00	268.00	268.00	268.00	268.00	268.00	268.00	268.00	268.00	268.00	269.00	269.00	269.00	269.00	269.00	270.00	270.00	270.00	270.00	270.00	270.00	270.00	270.00	270.00	269.00	269.00	269.00	269.00	269.00	269.00	269.00	268.00	268.00	268.00	268.00	267.00	267.00	267.00	266.00	266.00	265.00	264.00	264.00	264.00	263.00	263.00	263.00	262.00	262.00	262.00	261.00	261.00	261.00	260.00	261.00	261.00	261.00	261.00	261.00	261.00	261.00	261.00	261.00	262.00	262.00	262.00	262.00	262.00	262.00	262.00	262.00	262.00	262.00	262.00	262.00	262.00
288.00	288.00	288.00	288.00	288.00	289.00	289.00	289.00	289.00	289.00	289.00	289.00	289.00	289.00	289.00	289.00	289.00	289.00	289.00	289.00	289.00	289.00	289.00	289.00	289.00	289.00	289.00	289.00	290.00	290.00	290.00	290.00	290.00	290.00	290.00	290.00	290.00	290.00	290.00	289.00	289.00	289.00	289.00	289.00	289.00	288.00	288.00	288.00	288.00	288.00	288.00	288.00	288.00	287.00	287.00	287.00	287.00	286.00	286.00	286.00	286.00	286.00	286.00	286.00	285.00	285.00	285.00	285.00	285.00	285.00	285.00	284.00	284.00	284.00	284.00	283.00	283.00	283.00	282.00	282.00	281.00	280.00	280.00	280.00	280.00	279.00	278.00	278.00	278.00	278.00	277.00	277.00	277.00	277.00	277.00	276.00	276.00	276.00	276.00	276.00	276.00	275.00	275.00	275.00	275.00	275.00	275.00	275.00	275.00	275.00	275.00	275.00	275.00	274.00	274.00	274.00	274.00	274.00	274.00	274.00	274.00	274.00	274.00	274.00	274.00	274.00	274.00	274.00	275.00	275.00	275.00	275.00	275.00	274.00	274.00	274.00	273.00	273.00	272.00	272.00	271.00	271.00	270.00	270.00	270.00	269.00	269.00	269.00	269.00	268.00	268.00	268.00	268.00	268.00	267.00	267.00	267.00	267.00	267.00	267.00	266.00	266.00	267.00	267.00	267.00	267.00	267.00	267.00	267.00	267.00	267.00	267.00	267.00	267.00	267.00	267.00	267.00	267.00	267.00	267.00	268.00	268.00	268.00	268.00	268.00	268.00	268.00	268.00	268.00	268.00	269.00	269.00	269.00	269.00	269.00	270.00	270.00	270.00	270.00	270.00	270.00	270.00	270.00	270.00	269.00	269.00	269.00	269.00	269.00	269.00	269.00	268.00	268.00	268.00	268.00	267.00	267.00	267.00	266.00	266.00	265.00	264.00	264.00	264.00	263.00	263.00	263.00	262.00	262.00	262.00	261.00	261.00	261.00	260.00	261.00	261.00	261.00	261.00	261.00	261.00	261.00	261.00	261.00	262.00	262.00	262.00	262.00	262.00	262.00	262.00	262.00	262.00	262.00	262.00	262.00	262.00
288.00	288.00	288.00	288.00	288.00	289.00	289.00	289.00	289.00	289.00	289.00	289.00	289.00	289.00	289.00	289.00	289.00	289.00	289.00	289.00	289.00	289.00	289.00	289.00	289.00	289.00	289.00	289.00	290.00	290.00	290.00	290.00	290.00	290.00	290.00	290.00	290.00	290.00	290.00	289.00	289.00	289.00	289.00	289.00	289.00	288.00	288.00	288.00	288.00	288.00	288.00	288.00	288.00	287.00	287.00	287.00	287.00	286.00	286.00	286.00	286.00	286.00	286.00	286.00	285.00	285.00	285.00	285.00	285.00	285.00	285.00	284.00	284.00	284.00	284.00	283.00	283.00	283.00	282.00	282.00	281.00	280.00	280.00	280.00	280.00	279.00	278.00	278.00	278.00	278.00	277.00	277.00	277.00	277.00	277.00	276.00	276.00	276.00	276.00	276.00	276.00	275.00	275.00	275.00	275.00	275.00	275.00	275.00	275.00	275.00	275.00	275.00	275.00	274.00	274.00	274.00	274.00	274.00	274.00	274.00	274.00	274.00	274.00	274.00	274.00	274.00	274.00	274.00	275.00	275.00	275.00	275.00	275.00	274.00	274.00	274.00	273.00	273.00	272.00	272.00	271.00	271.00	270.00	270.00	270.00	269.00	269.00	269.00	269.00	268.00	268.00	268.00	268.00	268.00	267.00	267.00	267.00	267.00	267.00	267.00	266.00	266.00	267.00	267.00	267.00	267.00	267.00	267.00	267.00	267.00	267.00	267.00	267.00	267.00	267.00	267.00	267.00	267.00	267.00	267.00	268.00	268.00	268.00	268.00	268.00	268.00	268.00	268.00	268.00	268.00	269.00	269.00	269.00	269.00	269.00	270.00	270.00	270.00	270.00	270.00	270.00	270.00	270.00	270.00	269.00	269.00	269.00	269.00	269.00	269.00	269.00	268.00	268.00	268.00	268.00	267.00	267.00	267.00	266.00	266.00	265.00	264.00	264.00	264.00	263.00	263.00	263.00	262.00	262.00	262.00	261.00	261.00	261.00	260.00	261.00	261.00	261.00	261.00	261.00	261.00	261.00	261.00	261.00	262.00	262.00	262.00	262.00	262.00	262.00	262.00	262.00	262.00	262.00	262.00	262.00	262.00
288.00	288.00	288.00	288.00	288.00	289.00	289.00	289.00	289.00	289.00	289.00	289.00	289.00	289.00	289.00	289.00	289.00	289.00	289.00	289.00	289.00	289.00	289.00	289.00	289.00	289.00	289.00	289.00	290.00	290.00	290.00	290.00	290.00	290.00	290.00	290.00	290.00	290.00	290.00	289.00	289.00	289.00	289.00	289.00	289.00	288.00	288.00	288.00	288.00	288.00	288.00	288.00	288.00	287.00	287.00	287.00	287.00	286.00	286.00	286.00	286.00	286.00	286.00	286.00	285.00	285.00	285.00	285.00	285.00	285.00	285.00	284.00	284.00	284.00	284.00	283.00	283.00	283.00	282.00	282.00	281.00	280.00	280.00	280.00	280.00	279.00	278.00	278.00	278.00	278.00	277.00	277.00	277.00	277.00	277.00	276.00	276.00	276.00	276.00	276.00	276.00	275.00	275.00	275.00	275.00	275.00	275.00	275.00	275.00	275.00	275.00	275.00	275.00	274.00	274.00	274.00	274.00	274.00	274.00	274.00	274.00	274.00	274.00	274.00	274.00	274.00	274.00	274.00	275.00	275.00	275.00	275.00	275.00	274.00	274.00	274.00	273.00	273.00	272.00	272.00	271.00	271.00	270.00	270.00	270.00	269.00	269.00	269.00	269.00	268.00	268.00	268.00	268.00	268.00	267.00	267.00	267.00	267.00	267.00	267.00	266.00	266.00	267.00	267.00	267.00	267.00	267.00	267.00	267.00	267.00	267.00	267.00	267.00	267.00	267.00	267.00	267.00	267.00	267.00	267.00	268.00	268.00	268.00	268.00	268.00	268.00	268.00	268.00	268.00	268.00	269.00	269.00	269.00	269.00	269.00	270.00	270.00	270.00	270.00	270.00	270.00	270.00	270.00	270.00	269.00	269.00	269.00	269.00	269.00	269.00	269.00	268.00	268.00	268.00	268.00	267.00	267.00	267.00	266.00	266.00	265.00	264.00	264.00	264.00	263.00	263.00	263.00	262.00	262.00	262.00	261.00	261.00	261.00	260.00	261.00	261.00	261.00	261.00	261.00	261.00	261.00	261.00	261.00	262.00	262.00	262.00	262.00	262.00	262.00	262.00	262.00	262.00	262.00	262.00	262.00	262.00
288.00	288.00	288.00	288.00	288.00	289.00	289.00	289.00	289.00	289.00	289.00	289.00	289.00	289.00	289.00	289.00	289.00	289.00	289.00	289.00	289.00	289.00	289.00	289.00	289.00	289.00	289.00	289.00	290.00	290.00	290.00	290.00	290.00	290.00	290.00	290.00	290.00	290.00	290.00	289.00	289.00	289.00	289.00	289.00	289.00	288.00	288.00	288.00	288.00	288.00	288.00	288.00	288.00	287.00	287.00	287.00	287.00	286.00	286.00	286.00	286.00	286.00	286.00	286.00	285.00	285.00	285.00	285.00	285.00	285.00	285.00	284.00	284.00	284.00	284.00	283.00	283.00	283.00	282.00	282.00	281.00	280.00	280.00	280.00	280.00	279.00	278.00	278.00	278.00	278.00	277.00	277.00	277.00	277.00	277.00	276.00	276.00	276.00	276.00	276.00	276.00	275.00	275.00	275.00	275.00	275.00	275.00	275.00	275.00	275.00	275.00	275.00	275.00	274.00	274.00	274.00	274.00	274.00	274.00	274.00	274.00	274.00	274.00	274.00	274.00	274.00	274.00	274.00	275.00	275.00	275.00	275.00	275.00	274.00	274.00	274.00	273.00	273.00	272.00	272.00	271.00	271.00	270.00	270.00	270.00	269.00	269.00	269.00	269.00	268.00	268.00	268.00	268.00	268.00	267.00	267.00	267.00	267.00	267.00	267.00	266.00	266.00	267.00	267.00	267.00	267.00	267.00	267.00	267.00	267.00	267.00	267.00	267.00	267.00	267.00	267.00	267.00	267.00	267.00	267.00	268.00	268.00	268.00	268.00	268.00	268.00	268.00	268.00	268.00	268.00	269.00	269.00	269.00	269.00	269.00	270.00	270.00	270.00	270.00	270.00	270.00	270.00	270.00	270.00	269.00	269.00	269.00	269.00	269.00	269.00	269.00	268.00	268.00	268.00	268.00	267.00	267.00	267.00	266.00	266.00	265.00	264.00	264.00	264.00	263.00	263.00	263.00	262.00	262.00	262.00	261.00	261.00	261.00	260.00	261.00	261.00	261.00	261.00	261.00	261.00	261.00	261.00	261.00	262.00	262.00	262.00	262.00	262.00	262.00	262.00	262.00	262.00	262.00	262.00	262.00	262.00
288.00	288.00	288.00	288.00	288.00	289.00	289.00	289.00	289.00	289.00	289.00	289.00	289.00	289.00	289.00	289.00	289.00	289.00	289.00	289.00	289.00	289.00	289.00	289.00	289.00	289.00	289.00	289.00	290.00	290.00	290.00	290.00	290.00	290.00	290.00	290.00	290.00	290.00	290.00	289.00	289.00	289.00	289.00	289.00	289.00	288.00	288.00	288.00	288.00	288.00	288.00	288.00	288.00	287.00	287.00	287.00	287.00	286.00	286.00	286.00	286.00	286.00	286.00	286.00	285.00	285.00	285.00	285.00	285.00	285.00	285.00	284.00	284.00	284.00	284.00	283.00	283.00	283.00	282.00	282.00	281.00	280.00	280.00	280.00	280.00	279.00	278.00	278.00	278.00	278.00	277.00	277.00	277.00	277.00	277.00	276.00	276.00	276.00	276.00	276.00	276.00	275.00	275.00	275.00	275.00	275.00	275.00	275.00	275.00	275.00	275.00	275.00	275.00	274.00	274.00	274.00	274.00	274.00	274.00	274.00	274.00	274.00	274.00	274.00	274.00	274.00	274.00	274.00	275.00	275.00	275.00	275.00	275.00	274.00	274.00	274.00	273.00	273.00	272.00	272.00	271.00	271.00	270.00	270.00	270.00	269.00	269.00	269.00	269.00	268.00	268.00	268.00	268.00	268.00	267.00	267.00	267.00	267.00	267.00	267.00	266.00	266.00	267.00	267.00	267.00	267.00	267.00	267.00	267.00	267.00	267.00	267.00	267.00	267.00	267.00	267.00	267.00	267.00	267.00	267.00	268.00	268.00	268.00	268.00	268.00	268.00	268.00	268.00	268.00	268.00	269.00	269.00	269.00	269.00	269.00	270.00	270.00	270.00	270.00	270.00	270.00	270.00	270.00	270.00	269.00	269.00	269.00	269.00	269.00	269.00	269.00	268.00	268.00	268.00	268.00	267.00	267.00	267.00	266.00	266.00	265.00	264.00	264.00	264.00	263.00	263.00	263.00	262.00	262.00	262.00	261.00	261.00	261.00	260.00	261.00	261.00	261.00	261.00	261.00	261.00	261.00	261.00	261.00	262.00	262.00	262.00	262.00	262.00	262.00	262.00	262.00	262.00	262.00	262.00	262.00	262.00
288.00	288.00	288.00	288.00	288.00	289.00	289.00	289.00	289.00	289.00	289.00	289.00	289.00	289.00	289.00	289.00	289.00	289.00	289.00	289.00	289.00	289.00	289.00	289.00	289.00	289.00	289.00	289.00	290.00	290.00	290.00	290.00	290.00	290.00	290.00	290.00	290.00	290.00	290.00	289.00	289.00	289.00	289.00	289.00	289.00	288.00	288.00	288.00	288.00	288.00	288.00	288.00	288.00	287.00	287.00	287.00	287.00	286.00	286.00	286.00	286.00	286.00	286.00	286.00	285.00	285.00	285.00	285.00	285.00	285.00	285.00	284.00	284.00	284.00	284.00	283.00	283.00	283.00	282.00	282.00	281.00	280.00	280.00	280.00	280.00	279.00	278.00	278.00	278.00	278.00	277.00	277.00	277.00	277.00	277.00	276.00	276.00	276.00	276.00	276.00	276.00	275.00	275.00	275.00	275.00	275.00	275.00	275.00	275.00	275.00	275.00	275.00	275.00	274.00	274.00	274.00	274.00	274.00	274.00	274.00	274.00	274.00	274.00	274.00	274.00	274.00	274.00	274.00	275.00	275.00	275.00	275.00	275.00	274.00	274.00	274.00	273.00	273.00	272.00	272.00	271.00	271.00	270.00	270.00	270.00	269.00	269.00	269.00	269.00	268.00	268.00	268.00	268.00	268.00	267.00	267.00	267.00	267.00	267.00	267.00	266.00	266.00	267.00	267.00	267.00	267.00	267.00	267.00	267.00	267.00	267.00	267.00	267.00	267.00	267.00	267.00	267.00	267.00	267.00	267.00	268.00	268.00	268.00	268.00	268.00	268.00	268.00	268.00	268.00	268.00	269.00	269.00	269.00	269.00	269.00	270.00	270.00	270.00	270.00	270.00	270.00	270.00	270.00	270.00	269.00	269.00	269.00	269.00	269.00	269.00	269.00	268.00	268.00	268.00	268.00	267.00	267.00	267.00	266.00	266.00	265.00	264.00	264.00	264.00	263.00	263.00	263.00	262.00	262.00	262.00	261.00	261.00	261.00	260.00	261.00	261.00	261.00	261.00	261.00	261.00	261.00	261.00	261.00	262.00	262.00	262.00	262.00	262.00	262.00	262.00	262.00	262.00	262.00	262.00	262.00	262.00
292.00	292.00	292.00	292.00	292.00	292.00	292.00	292.00	292.00	292.00	293.00	293.00	293.00	293.00	293.00	293.00	294.00	294.00	294.00	294.00	294.00	295.00	295.00	295.00	295.00	296.00	296.00	296.00	297.00	297.00	297.00	297.00	297.00	297.00	298.00	298.00	298.00	298.00	298.00	298.00	298.00	298.00	299.00	299.00	299.00	299.00	299.00	299.00	299.00	299.00	299.00	299.00	299.00	299.00	299.00	299.00	299.00	300.00	300.00	300.00	300.00	300.00	300.00	300.00	299.00	299.00	299.00	299.00	298.00	298.00	298.00	297.00	296.00	296.00	296.00	295.00	295.00	294.00	293.00	293.00	292.00	291.00	291.00	291.00	291.00	290.00	289.00	288.00	288.00	287.00	286.00	286.00	285.00	285.00	284.00	284.00	283.00	283.00	282.00	282.00	282.00	282.00	282.00	282.00	283.00	283.00	283.00	283.00	283.00	283.00	283.00	283.00	283.00	283.00	283.00	283.00	283.00	283.00	283.00	283.00	283.00	283.00	282.00	282.00	281.00	281.00	281.00	280.00	279.00	279.00	278.00	278.00	278.00	277.00	277.00	276.00	275.00	275.00	274.00	273.00	272.00	272.00	272.00	272.00	271.00	270.00	270.00	269.00	269.00	268.00	268.00	267.00	267.00	267.00	266.00	266.00	266.00	266.00	266.00	266.00	266.00	266.00	266.00	266.00	266.00	266.00	266.00	266.00	266.00	266.00	266.00	266.00	266.00	266.00	266.00	266.00	266.00	266.00	266.00	266.00	267.00	267.00	267.00	267.00	267.00	267.00	268.00	268.00	268.00	268.00	269.00	269.00	269.00	269.00	269.00	270.00	270.00	270.00	271.00	271.00	271.00	272.00	272.00	272.00	273.00	273.00	274.00	275.00	275.00	275.00	275.00	274.00	274.00	274.00	274.00	274.00	273.00	273.00	273.00	273.00	273.00	273.00	272.00	272.00	272.00	272.00	272.00	272.00	272.00	271.00	271.00	271.00	271.00	270.00	270.00	270.00	270.00	270.00	270.00	270.00	270.00	270.00	270.00	271.00	271.00	271.00	271.00	271.00	271.00	271.00	271.00	271.00	271.00	271.00	271.00	271.00
292.00	292.00	292.00	292.00	292.00	292.00	292.00	292.00	292.00	292.00	293.00	293.00	293.00	293.00	293.00	293.00	294.00	294.00	294.00	294.00	294.00	295.00	295.00	295.00	295.00	296.00	296.00	296.00	297.00	297.00	297.00	297.00	297.00	297.00	298.00	298.00	298.00	298.00	298.00	298.00	298.00	298.00	299.00	299.00	299.00	299.00	299.00	299.00	299.00	299.00	299.00	299.00	299.00	299.00	299.00	299.00	299.00	300.00	300.00	300.00	300.00	300.00	300.00	300.00	299.00	299.00	299.00	299.00	298.00	298.00	298.00	297.00	296.00	296.00	296.00	295.00	295.00	294.00	293.00	293.00	292.00	291.00	291.00	291.00	291.00	290.00	289.00	288.00	288.00	287.00	286.00	286.00	285.00	285.00	284.00	284.00	283.00	283.00	282.00	282.00	282.00	282.00	282.00	282.00	283.00	283.00	283.00	283.00	283.00	283.00	283.00	283.00	283.00	283.00	283.00	283.00	283.00	283.00	283.00	283.00	283.00	283.00	282.00	282.00	281.00	281.00	281.00	280.00	279.00	279.00	278.00	278.00	278.00	277.00	277.00	276.00	275.00	275.00	274.00	273.00	272.00	272.00	272.00	272.00	271.00	270.00	270.00	269.00	269.00	268.00	268.00	267.00	267.00	267.00	266.00	266.00	266.00	266.00	266.00	266.00	266.00	266.00	266.00	266.00	266.00	266.00	266.00	266.00	266.00	266.00	266.00	266.00	266.00	266.00	266.00	266.00	266.00	266.00	266.00	266.00	267.00	267.00	267.00	267.00	267.00	267.00	268.00	268.00	268.00	268.00	269.00	269.00	269.00	269.00	269.00	270.00	270.00	270.00	271.00	271.00	271.00	272.00	272.00	272.00	273.00	273.00	274.00	275.00	275.00	275.00	275.00	274.00	274.00	274.00	274.00	274.00	273.00	273.00	273.00	273.00	273.00	273.00	272.00	272.00	272.00	272.00	272.00	272.00	272.00	271.00	271.00	271.00	271.00	270.00	270.00	270.00	270.00	270.00	270.00	270.00	270.00	270.00	270.00	271.00	271.00	271.00	271.00	271.00	271.00	271.00	271.00	271.00	271.00	271.00	271.00	271.00
292.00	292.00	292.00	292.00	292.00	292.00	292.00	292.00	292.00	292.00	293.00	293.00	293.00	293.00	293.00	293.00	294.00	294.00	294.00	294.00	294.00	295.00	295.00	295.00	295.00	296.00	296.00	296.00	297.00	297.00	297.00	297.00	297.00	297.00	298.00	298.00	298.00	298.00	298.00	298.00	298.00	298.00	299.00	299.00	299.00	299.00	299.00	299.00	299.00	299.00	299.00	299.00	299.00	299.00	299.00	299.00	299.00	300.00	300.00	300.00	300.00	300.00	300.00	300.00	299.00	299.00	299.00	299.00	298.00	298.00	298.00	297.00	296.00	296.00	296.00	295.00	295.00	294.00	293.00	293.00	292.00	291.00	291.00	291.00	291.00	290.00	289.00	288.00	288.00	287.00	286.00	286.00	285.00	285.00	284.00	284.00	283.00	283.00	282.00	282.00	282.00	282.00	282.00	282.00	283.00	283.00	283.00	283.00	283.00	283.00	283.00	283.00	283.00	283.00	283.00	283.00	283.00	283.00	283.00	283.00	283.00	283.00	282.00	282.00	281.00	281.00	281.00	280.00	279.00	279.00	278.00	278.00	278.00	277.00	277.00	276.00	275.00	275.00	274.00	273.00	272.00	272.00	272.00	272.00	271.00	270.00	270.00	269.00	269.00	268.00	268.00	267.00	267.00	267.00	266.00	266.00	266.00	266.00	266.00	266.00	266.00	266.00	266.00	266.00	266.00	266.00	266.00	266.00	266.00	266.00	266.00	266.00	266.00	266.00	266.00	266.00	266.00	266.00	266.00	266.00	267.00	267.00	267.00	267.00	267.00	267.00	268.00	268.00	268.00	268.00	269.00	269.00	269.00	269.00	269.00	270.00	270.00	270.00	271.00	271.00	271.00	272.00	272.00	272.00	273.00	273.00	274.00	275.00	275.00	275.00	275.00	274.00	274.00	274.00	274.00	274.00	273.00	273.00	273.00	273.00	273.00	273.00	272.00	272.00	272.00	272.00	272.00	272.00	272.00	271.00	271.00	271.00	271.00	270.00	270.00	270.00	270.00	270.00	270.00	270.00	270.00	270.00	270.00	271.00	271.00	271.00	271.00	271.00	271.00	271.00	271.00	271.00	271.00	271.00	271.00	271.00
292.00	292.00	292.00	292.00	292.00	292.00	292.00	292.00	292.00	292.00	293.00	293.00	293.00	293.00	293.00	293.00	294.00	294.00	294.00	294.00	294.00	295.00	295.00	295.00	295.00	296.00	296.00	296.00	297.00	297.00	297.00	297.00	297.00	297.00	298.00	298.00	298.00	298.00	298.00	298.00	298.00	298.00	299.00	299.00	299.00	299.00	299.00	299.00	299.00	299.00	299.00	299.00	299.00	299.00	299.00	299.00	299.00	300.00	300.00	300.00	300.00	300.00	300.00	300.00	299.00	299.00	299.00	299.00	298.00	298.00	298.00	297.00	296.00	296.00	296.00	295.00	295.00	294.00	293.00	293.00	292.00	291.00	291.00	291.00	291.00	290.00	289.00	288.00	288.00	287.00	286.00	286.00	285.00	285.00	284.00	284.00	283.00	283.00	282.00	282.00	282.00	282.00	282.00	282.00	283.00	283.00	283.00	283.00	283.00	283.00	283.00	283.00	283.00	283.00	283.00	283.00	283.00	283.00	283.00	283.00	283.00	283.00	282.00	282.00	281.00	281.00	281.00	280.00	279.00	279.00	278.00	278.00	278.00	277.00	277.00	276.00	275.00	275.00	274.00	273.00	272.00	272.00	272.00	272.00	271.00	270.00	270.00	269.00	269.00	268.00	268.00	267.00	267.00	267.00	266.00	266.00	266.00	266.00	266.00	266.00	266.00	266.00	266.00	266.00	266.00	266.00	266.00	266.00	266.00	266.00	266.00	266.00	266.00	266.00	266.00	266.00	266.00	266.00	266.00	266.00	267.00	267.00	267.00	267.00	267.00	267.00	268.00	268.00	268.00	268.00	269.00	269.00	269.00	269.00	269.00	270.00	270.00	270.00	271.00	271.00	271.00	272.00	272.00	272.00	273.00	273.00	274.00	275.00	275.00	275.00	275.00	274.00	274.00	274.00	274.00	274.00	273.00	273.00	273.00	273.00	273.00	273.00	272.00	272.00	272.00	272.00	272.00	272.00	272.00	271.00	271.00	271.00	271.00	270.00	270.00	270.00	270.00	270.00	270.00	270.00	270.00	270.00	270.00	271.00	271.00	271.00	271.00	271.00	271.00	271.00	271.00	271.00	271.00	271.00	271.00	271.00
292.00	292.00	292.00	292.00	292.00	292.00	292.00	292.00	292.00	292.00	293.00	293.00	293.00	293.00	293.00	293.00	294.00	294.00	294.00	294.00	294.00	295.00	295.00	295.00	295.00	296.00	296.00	296.00	297.00	297.00	297.00	297.00	297.00	297.00	298.00	298.00	298.00	298.00	298.00	298.00	298.00	298.00	299.00	299.00	299.00	299.00	299.00	299.00	299.00	299.00	299.00	299.00	299.00	299.00	299.00	299.00	299.00	300.00	300.00	300.00	300.00	300.00	300.00	300.00	299.00	299.00	299.00	299.00	298.00	298.00	298.00	297.00	296.00	296.00	296.00	295.00	295.00	294.00	293.00	293.00	292.00	291.00	291.00	291.00	291.00	290.00	289.00	288.00	288.00	287.00	286.00	286.00	285.00	285.00	284.00	284.00	283.00	283.00	282.00	282.00	282.00	282.00	282.00	282.00	283.00	283.00	283.00	283.00	283.00	283.00	283.00	283.00	283.00	283.00	283.00	283.00	283.00	283.00	283.00	283.00	283.00	283.00	282.00	282.00	281.00	281.00	281.00	280.00	279.00	279.00	278.00	278.00	278.00	277.00	277.00	276.00	275.00	275.00	274.00	273.00	272.00	272.00	272.00	272.00	271.00	270.00	270.00	269.00	269.00	268.00	268.00	267.00	267.00	267.00	266.00	266.00	266.00	266.00	266.00	266.00	266.00	266.00	266.00	266.00	266.00	266.00	266.00	266.00	266.00	266.00	266.00	266.00	266.00	266.00	266.00	266.00	266.00	266.00	266.00	266.00	267.00	267.00	267.00	267.00	267.00	267.00	268.00	268.00	268.00	268.00	269.00	269.00	269.00	269.00	269.00	270.00	270.00	270.00	271.00	271.00	271.00	272.00	272.00	272.00	273.00	273.00	274.00	275.00	275.00	275.00	275.00	274.00	274.00	274.00	274.00	274.00	273.00	273.00	273.00	273.00	273.00	273.00	272.00	272.00	272.00	272.00	272.00	272.00	272.00	271.00	271.00	271.00	271.00	270.00	270.00	270.00	270.00	270.00	270.00	270.00	270.00	270.00	270.00	271.00	271.00	271.00	271.00	271.00	271.00	271.00	271.00	271.00	271.00	271.00	271.00	271.00
292.00	292.00	292.00	292.00	292.00	292.00	292.00	292.00	292.00	292.00	293.00	293.00	293.00	293.00	293.00	293.00	294.00	294.00	294.00	294.00	294.00	295.00	295.00	295.00	295.00	296.00	296.00	296.00	297.00	297.00	297.00	297.00	297.00	297.00	298.00	298.00	298.00	298.00	298.00	298.00	298.00	298.00	299.00	299.00	299.00	299.00	299.00	299.00	299.00	299.00	299.00	299.00	299.00	299.00	299.00	299.00	299.00	300.00	300.00	300.00	300.00	300.00	300.00	300.00	299.00	299.00	299.00	299.00	298.00	298.00	298.00	297.00	296.00	296.00	296.00	295.00	295.00	294.00	293.00	293.00	292.00	291.00	291.00	291.00	291.00	290.00	289.00	288.00	288.00	287.00	286.00	286.00	285.00	285.00	284.00	284.00	283.00	283.00	282.00	282.00	282.00	282.00	282.00	282.00	283.00	283.00	283.00	283.00	283.00	283.00	283.00	283.00	283.00	283.00	283.00	283.00	283.00	283.00	283.00	283.00	283.00	283.00	282.00	282.00	281.00	281.00	281.00	280.00	279.00	279.00	278.00	278.00	278.00	277.00	277.00	276.00	275.00	275.00	274.00	273.00	272.00	272.00	272.00	272.00	271.00	270.00	270.00	269.00	269.00	268.00	268.00	267.00	267.00	267.00	266.00	266.00	266.00	266.00	266.00	266.00	266.00	266.00	266.00	266.00	266.00	266.00	266.00	266.00	266.00	266.00	266.00	266.00	266.00	266.00	266.00	266.00	266.00	266.00	266.00	266.00	267.00	267.00	267.00	267.00	267.00	267.00	268.00	268.00	268.00	268.00	269.00	269.00	269.00	269.00	269.00	270.00	270.00	270.00	271.00	271.00	271.00	272.00	272.00	272.00	273.00	273.00	274.00	275.00	275.00	275.00	275.00	274.00	274.00	274.00	274.00	274.00	273.00	273.00	273.00	273.00	273.00	273.00	272.00	272.00	272.00	272.00	272.00	272.00	272.00	271.00	271.00	271.00	271.00	270.00	270.00	270.00	270.00	270.00	270.00	270.00	270.00	270.00	270.00	271.00	271.00	271.00	271.00	271.00	271.00	271.00	271.00	271.00	271.00	271.00	271.00	271.00
292.00	292.00	292.00	292.00	292.00	292.00	292.00	292.00	292.00	292.00	293.00	293.00	293.00	293.00	293.00	293.00	294.00	294.00	294.00	294.00	294.00	295.00	295.00	295.00	295.00	296.00	296.00	296.00	297.00	297.00	297.00	297.00	297.00	297.00	298.00	298.00	298.00	298.00	298.00	298.00	298.00	298.00	299.00	299.00	299.00	299.00	299.00	299.00	299.00	299.00	299.00	299.00	299.00	299.00	299.00	299.00	299.00	300.00	300.00	300.00	300.00	300.00	300.00	300.00	299.00	299.00	299.00	299.00	298.00	298.00	298.00	297.00	296.00	296.00	296.00	295.00	295.00	294.00	293.00	293.00	292.00	291.00	291.00	291.00	291.00	290.00	289.00	288.00	288.00	287.00	286.00	286.00	285.00	285.00	284.00	284.00	283.00	283.00	282.00	282.00	282.00	282.00	282.00	282.00	283.00	283.00	283.00	283.00	283.00	283.00	283.00	283.00	283.00	283.00	283.00	283.00	283.00	283.00	283.00	283.00	283.00	283.00	282.00	282.00	281.00	281.00	281.00	280.00	279.00	279.00	278.00	278.00	278.00	277.00	277.00	276.00	275.00	275.00	274.00	273.00	272.00	272.00	272.00	272.00	271.00	270.00	270.00	269.00	269.00	268.00	268.00	267.00	267.00	267.00	266.00	266.00	266.00	266.00	266.00	266.00	266.00	266.00	266.00	266.00	266.00	266.00	266.00	266.00	266.00	266.00	266.00	266.00	266.00	266.00	266.00	266.00	266.00	266.00	266.00	266.00	267.00	267.00	267.00	267.00	267.00	267.00	268.00	268.00	268.00	268.00	269.00	269.00	269.00	269.00	269.00	270.00	270.00	270.00	271.00	271.00	271.00	272.00	272.00	272.00	273.00	273.00	274.00	275.00	275.00	275.00	275.00	274.00	274.00	274.00	274.00	274.00	273.00	273.00	273.00	273.00	273.00	273.00	272.00	272.00	272.00	272.00	272.00	272.00	272.00	271.00	271.00	271.00	271.00	270.00	270.00	270.00	270.00	270.00	270.00	270.00	270.00	270.00	270.00	271.00	271.00	271.00	271.00	271.00	271.00	271.00	271.00	271.00	271.00	271.00	271.00	271.00
292.00	292.00	292.00	292.00	292.00	292.00	292.00	292.00	292.00	292.00	293.00	293.00	293.00	293.00	293.00	293.00	294.00	294.00	294.00	294.00	294.00	295.00	295.00	295.00	295.00	296.00	296.00	296.00	297.00	297.00	297.00	297.00	297.00	297.00	298.00	298.00	298.00	298.00	298.00	298.00	298.00	298.00	299.00	299.00	299.00	299.00	299.00	299.00	299.00	299.00	299.00	299.00	299.00	299.00	299.00	299.00	299.00	300.00	300.00	300.00	300.00	300.00	300.00	300.00	299.00	299.00	299.00	299.00	298.00	298.00	298.00	297.00	296.00	296.00	296.00	295.00	295.00	294.00	293.00	293.00	292.00	291.00	291.00	291.00	291.00	290.00	289.00	288.00	288.00	287.00	286.00	286.00	285.00	285.00	284.00	284.00	283.00	283.00	282.00	282.00	282.00	282.00	282.00	282.00	283.00	283.00	283.00	283.00	283.00	283.00	283.00	283.00	283.00	283.00	283.00	283.00	283.00	283.00	283.00	283.00	283.00	283.00	282.00	282.00	281.00	281.00	281.00	280.00	279.00	279.00	278.00	278.00	278.00	277.00	277.00	276.00	275.00	275.00	274.00	273.00	272.00	272.00	272.00	272.00	271.00	270.00	270.00	269.00	269.00	268.00	268.00	267.00	267.00	267.00	266.00	266.00	266.00	266.00	266.00	266.00	266.00	266.00	266.00	266.00	266.00	266.00	266.00	266.00	266.00	266.00	266.00	266.00	266.00	266.00	266.00	266.00	266.00	266.00	266.00	266.00	267.00	267.00	267.00	267.00	267.00	267.00	268.00	268.00	268.00	268.00	269.00	269.00	269.00	269.00	269.00	270.00	270.00	270.00	271.00	271.00	271.00	272.00	272.00	272.00	273.00	273.00	274.00	275.00	275.00	275.00	275.00	274.00	274.00	274.00	274.00	274.00	273.00	273.00	273.00	273.00	273.00	273.00	272.00	272.00	272.00	272.00	272.00	272.00	272.00	271.00	271.00	271.00	271.00	270.00	270.00	270.00	270.00	270.00	270.00	270.00	270.00	270.00	270.00	271.00	271.00	271.00	271.00	271.00	271.00	271.00	271.00	271.00	271.00	271.00	271.00	271.00
292.00	292.00	292.00	292.00	292.00	292.00	292.00	292.00	292.00	292.00	293.00	293.00	293.00	293.00	293.00	293.00	294.00	294.00	294.00	294.00	294.00	295.00	295.00	295.00	295.00	296.00	296.00	296.00	297.00	297.00	297.00	297.00	297.00	297.00	298.00	298.00	298.00	298.00	298.00	298.00	298.00	298.00	299.00	299.00	299.00	299.00	299.00	299.00	299.00	299.00	299.00	299.00	299.00	299.00	299.00	299.00	299.00	300.00	300.00	300.00	300.00	300.00	300.00	300.00	299.00	299.00	299.00	299.00	298.00	298.00	298.00	297.00	296.00	296.00	296.00	295.00	295.00	294.00	293.00	293.00	292.00	291.00	291.00	291.00	291.00	290.00	289.00	288.00	288.00	287.00	286.00	286.00	285.00	285.00	284.00	284.00	283.00	283.00	282.00	282.00	282.00	282.00	282.00	282.00	283.00	283.00	283.00	283.00	283.00	283.00	283.00	283.00	283.00	283.00	283.00	283.00	283.00	283.00	283.00	283.00	283.00	283.00	282.00	282.00	281.00	281.00	281.00	280.00	279.00	279.00	278.00	278.00	278.00	277.00	277.00	276.00	275.00	275.00	274.00	273.00	272.00	272.00	272.00	272.00	271.00	270.00	270.00	269.00	269.00	268.00	268.00	267.00	267.00	267.00	266.00	266.00	266.00	266.00	266.00	266.00	266.00	266.00	266.00	266.00	266.00	266.00	266.00	266.00	266.00	266.00	266.00	266.00	266.00	266.00	266.00	266.00	266.00	266.00	266.00	266.00	267.00	267.00	267.00	267.00	267.00	267.00	268.00	268.00	268.00	268.00	269.00	269.00	269.00	269.00	269.00	270.00	270.00	270.00	271.00	271.00	271.00	272.00	272.00	272.00	273.00	273.00	274.00	275.00	275.00	275.00	275.00	274.00	274.00	274.00	274.00	274.00	273.00	273.00	273.00	273.00	273.00	273.00	272.00	272.00	272.00	272.00	272.00	272.00	272.00	271.00	271.00	271.00	271.00	270.00	270.00	270.00	270.00	270.00	270.00	270.00	270.00	270.00	270.00	271.00	271.00	271.00	271.00	271.00	271.00	271.00	271.00	271.00	271.00	271.00	271.00	271.00
292.00	292.00	292.00	292.00	292.00	292.00	292.00	292.00	292.00	292.00	293.00	293.00	293.00	293.00	293.00	293.00	294.00	294.00	294.00	294.00	294.00	295.00	295.00	295.00	295.00	296.00	296.00	296.00	297.00	297.00	297.00	297.00	297.00	297.00	298.00	298.00	298.00	298.00	298.00	298.00	298.00	298.00	299.00	299.00	299.00	299.00	299.00	299.00	299.00	299.00	299.00	299.00	299.00	299.00	299.00	299.00	299.00	300.00	300.00	300.00	300.00	300.00	300.00	300.00	299.00	299.00	299.00	299.00	298.00	298.00	298.00	297.00	296.00	296.00	296.00	295.00	295.00	294.00	293.00	293.00	292.00	291.00	291.00	291.00	291.00	290.00	289.00	288.00	288.00	287.00	286.00	286.00	285.00	285.00	284.00	284.00	283.00	283.00	282.00	282.00	282.00	282.00	282.00	282.00	283.00	283.00	283.00	283.00	283.00	283.00	283.00	283.00	283.00	283.00	283.00	283.00	283.00	283.00	283.00	283.00	283.00	283.00	282.00	282.00	281.00	281.00	281.00	280.00	279.00	279.00	278.00	278.00	278.00	277.00	277.00	276.00	275.00	275.00	274.00	273.00	272.00	272.00	272.00	272.00	271.00	270.00	270.00	269.00	269.00	268.00	268.00	267.00	267.00	267.00	266.00	266.00	266.00	266.00	266.00	266.00	266.00	266.00	266.00	266.00	266.00	266.00	266.00	266.00	266.00	266.00	266.00	266.00	266.00	266.00	266.00	266.00	266.00	266.00	266.00	266.00	267.00	267.00	267.00	267.00	267.00	267.00	268.00	268.00	268.00	268.00	269.00	269.00	269.00	269.00	269.00	270.00	270.00	270.00	271.00	271.00	271.00	272.00	272.00	272.00	273.00	273.00	274.00	275.00	275.00	275.00	275.00	274.00	274.00	274.00	274.00	274.00	273.00	273.00	273.00	273.00	273.00	273.00	272.00	272.00	272.00	272.00	272.00	272.00	272.00	271.00	271.00	271.00	271.00	270.00	270.00	270.00	270.00	270.00	270.00	270.00	270.00	270.00	270.00	271.00	271.00	271.00	271.00	271.00	271.00	271.00	271.00	271.00	271.00	271.00	271.00	271.00
292.00	292.00	292.00	292.00	292.00	292.00	292.00	292.00	292.00	292.00	293.00	293.00	293.00	293.00	293.00	293.00	294.00	294.00	294.00	294.00	294.00	295.00	295.00	295.00	295.00	296.00	296.00	296.00	297.00	297.00	297.00	297.00	297.00	297.00	298.00	298.00	298.00	298.00	298.00	298.00	298.00	298.00	299.00	299.00	299.00	299.00	299.00	299.00	299.00	299.00	299.00	299.00	299.00	299.00	299.00	299.00	299.00	300.00	300.00	300.00	300.00	300.00	300.00	300.00	299.00	299.00	299.00	299.00	298.00	298.00	298.00	297.00	296.00	296.00	296.00	295.00	295.00	294.00	293.00	293.00	292.00	291.00	291.00	291.00	291.00	290.00	289.00	288.00	288.00	287.00	286.00	286.00	285.00	285.00	284.00	284.00	283.00	283.00	282.00	282.00	282.00	282.00	282.00	282.00	283.00	283.00	283.00	283.00	283.00	283.00	283.00	283.00	283.00	283.00	283.00	283.00	283.00	283.00	283.00	283.00	283.00	283.00	282.00	282.00	281.00	281.00	281.00	280.00	279.00	279.00	278.00	278.00	278.00	277.00	277.00	276.00	275.00	275.00	274.00	273.00	272.00	272.00	272.00	272.00	271.00	270.00	270.00	269.00	269.00	268.00	268.00	267.00	267.00	267.00	266.00	266.00	266.00	266.00	266.00	266.00	266.00	266.00	266.00	266.00	266.00	266.00	266.00	266.00	266.00	266.00	266.00	266.00	266.00	266.00	266.00	266.00	266.00	266.00	266.00	266.00	267.00	267.00	267.00	267.00	267.00	267.00	268.00	268.00	268.00	268.00	269.00	269.00	269.00	269.00	269.00	270.00	270.00	270.00	271.00	271.00	271.00	272.00	272.00	272.00	273.00	273.00	274.00	275.00	275.00	275.00	275.00	274.00	274.00	274.00	274.00	274.00	273.00	273.00	273.00	273.00	273.00	273.00	272.00	272.00	272.00	272.00	272.00	272.00	272.00	271.00	271.00	271.00	271.00	270.00	270.00	270.00	270.00	270.00	270.00	270.00	270.00	270.00	270.00	271.00	271.00	271.00	271.00	271.00	271.00	271.00	271.00	271.00	271.00	271.00	271.00	271.00
296.00	296.00	295.00	295.00	295.00	295.00	295.00	296.00	296.00	296.00	296.00	296.00	296.00	296.00	297.00	297.00	297.00	297.00	298.00	298.00	298.00	299.00	299.00	300.00	300.00	300.00	300.00	301.00	302.00	302.00	302.00	302.00	303.00	303.00	304.00	304.00	305.00	305.00	305.00	306.00	306.00	306.00	307.00	307.00	307.00	308.00	308.00	308.00	309.00	309.00	309.00	310.00	310.00	310.00	310.00	311.00	311.00	311.00	311.00	311.00	310.00	310.00	310.00	310.00	310.00	310.00	310.00	310.00	310.00	310.00	310.00	310.00	310.00	310.00	309.00	308.00	308.00	307.00	306.00	306.00	305.00	303.00	303.00	302.00	302.00	301.00	299.00	297.00	297.00	296.00	295.00	295.00	294.00	294.00	293.00	293.00	293.00	293.00	293.00	293.00	293.00	293.00	293.00	293.00	293.00	293.00	293.00	293.00	293.00	293.00	292.00	292.00	292.00	291.00	291.00	291.00	291.00	290.00	290.00	289.00	289.00	288.00	288.00	288.00	287.00	287.00	287.00	285.00	284.00	284.00	282.00	281.00	281.00	280.00	280.00	278.00	277.00	277.00	276.00	274.00	273.00	273.00	272.00	272.00	271.00	270.00	270.00	269.00	268.00	267.00	267.00	267.00	267.00	267.00	266.00	266.00	266.00	265.00	265.00	265.00	265.00	265.00	264.00	264.00	264.00	264.00	264.00	264.00	264.00	264.00	264.00	265.00	265.00	265.00	265.00	265.00	265.00	265.00	265.00	265.00	265.00	265.00	265.00	265.00	265.00	265.00	266.00	266.00	266.00	267.00	267.00	267.00	268.00	268.00	268.00	269.00	269.00	269.00	270.00	270.00	270.00	271.00	272.00	272.00	272.00	272.00	273.00	274.00	274.00	274.00	274.00	276.00	276.00	276.00	276.00	277.00	278.00	278.00	278.00	278.00	279.00	279.00	278.00	278.00	278.00	278.00	278.00	278.00	278.00	278.00	278.00	278.00	278.00	278.00	279.00	279.00	279.00	279.00	279.00	280.00	280.00	280.00	280.00	280.00	280.00	280.00	280.00	280.00	280.00	280.00	280.00	280.00	280.00	280.00	280.00	280.00
296.00	296.00	295.00	295.00	295.00	295.00	295.00	296.00	296.00	296.00	296.00	296.00	296.00	296.00	297.00	297.00	297.00	297.00	298.00	298.00	298.00	299.00	299.00	300.00	300.00	300.00	300.00	301.00	302.00	302.00	302.00	302.00	303.00	303.00	304.00	304.00	305.00	305.00	305.00	306.00	306.00	306.00	307.00	307.00	307.00	308.00	308.00	308.00	309.00	309.00	309.00	310.00	310.00	310.00	310.00	311.00	311.00	311.00	311.00	311.00	310.00	310.00	310.00	310.00	310.00	310.00	310.00	310.00	310.00	310.00	310.00	310.00	310.00	310.00	309.00	308.00	308.00	307.00	306.00	306.00	305.00	303.00	303.00	302.00	302.00	301.00	299.00	297.00	297.00	296.00	295.00	295.00	294.00	294.00	293.00	293.00	293.00	293.00	293.00	293.00	293.00	293.00	293.00	293.00	293.00	293.00	293.00	293.00	293.00	293.00	292.00	292.00	292.00	291.00	291.00	291.00	291.00	290.00	290.00	289.00	289.00	288.00	288.00	288.00	287.00	287.00	287.00	285.00	284.00	284.00	282.00	281.00	281.00	280.00	280.00	278.00	277.00	277.00	276.00	274.00	273.00	273.00	272.00	272.00	271.00	270.00	270.00	269.00	268.00	267.00	267.00	267.00	267.00	267.00	266.00	266.00	266.00	265.00	265.00	265.00	265.00	265.00	264.00	264.00	264.00	264.00	264.00	264.00	264.00	264.00	264.00	265.00	265.00	265.00	265.00	265.00	265.00	265.00	265.00	265.00	265.00	265.00	265.00	265.00	265.00	265.00	266.00	266.00	266.00	267.00	267.00	267.00	268.00	268.00	268.00	269.00	269.00	269.00	270.00	270.00	270.00	271.00	272.00	272.00	272.00	272.00	273.00	274.00	274.00	274.00	274.00	276.00	276.00	276.00	276.00	277.00	278.00	278.00	278.00	278.00	279.00	279.00	278.00	278.00	278.00	278.00	278.00	278.00	278.00	278.00	278.00	278.00	278.00	278.00	279.00	279.00	279.00	279.00	279.00	280.00	280.00	280.00	280.00	280.00	280.00	280.00	280.00	280.00	280.00	280.00	280.00	280.00	280.00	280.00	280.00	280.00
296.00	296.00	295.00	295.00	295.00	295.00	295.00	296.00	296.00	296.00	296.00	296.00	296.00	296.00	297.00	297.00	297.00	297.00	298.00	298.00	298.00	299.00	299.00	300.00	300.00	300.00	300.00	301.00	302.00	302.00	302.00	302.00	303.00	303.00	304.00	304.00	305.00	305.00	305.00	306.00	306.00	306.00	307.00	307.00	307.00	308.00	308.00	308.00	309.00	309.00	309.00	310.00	310.00	310.00	310.00	311.00	311.00	311.00	311.00	311.00	310.00	310.00	310.00	310.00	310.00	310.00	310.00	310.00	310.00	310.00	310.00	310.00	310.00	310.00	309.00	308.00	308.00	307.00	306.00	306.00	305.00	303.00	303.00	302.00	302.00	301.00	299.00	297.00	297.00	296.00	295.00	295.00	294.00	294.00	293.00	293.00	293.00	293.00	293.00	293.00	293.00	293.00	293.00	293.00	293.00	293.00	293.00	293.00	293.00	293.00	292.00	292.00	292.00	291.00	291.00	291.00	291.00	290.00	290.00	289.00	289.00	288.00	288.00	288.00	287.00	287.00	287.00	285.00	284.00	284.00	282.00	281.00	281.00	280.00	280.00	278.00	277.00	277.00	276.00	274.00	273.00	273.00	272.00	272.00	271.00	270.00	270.00	269.00	268.00	267.00	267.00	267.00	267.00	267.00	266.00	266.00	266.00	265.00	265.00	265.00	265.00	265.00	264.00	264.00	264.00	264.00	264.00	264.00	264.00	264.00	264.00	265.00	265.00	265.00	265.00	265.00	265.00	265.00	265.00	265.00	265.00	265.00	265.00	265.00	265.00	265.00	266.00	266.00	266.00	267.00	267.00	267.00	268.00	268.00	268.00	269.00	269.00	269.00	270.00	270.00	270.00	271.00	272.00	272.00	272.00	272.00	273.00	274.00	274.00	274.00	274.00	276.00	276.00	276.00	276.00	277.00	278.00	278.00	278.00	278.00	279.00	279.00	278.00	278.00	278.00	278.00	278.00	278.00	278.00	278.00	278.00	278.00	278.00	278.00	279.00	279.00	279.00	279.00	279.00	280.00	280.00	280.00	280.00	280.00	280.00	280.00	280.00	280.00	280.00	280.00	280.00	280.00	280.00	280.00	280.00	280.00
296.00	296.00	295.00	295.00	295.00	295.00	295.00	296.00	296.00	296.00	296.00	296.00	296.00	296.00	297.00	297.00	297.00	297.00	298.00	298.00	298.00	299.00	299.00	300.00	300.00	300.00	300.00	301.00	302.00	302.00	302.00	302.00	303.00	303.00	304.00	304.00	305.00	305.00	305.00	306.00	306.00	306.00	307.00	307.00	307.00	308.00	308.00	308.00	309.00	309.00	309.00	310.00	310.00	310.00	310.00	311.00	311.00	311.00	311.00	311.00	310.00	310.00	310.00	310.00	310.00	310.00	310.00	310.00	310.00	310.00	310.00	310.00	310.00	310.00	309.00	308.00	308.00	307.00	306.00	306.00	305.00	303.00	303.00	302.00	302.00	301.00	299.00	297.00	297.00	296.00	295.00	295.00	294.00	294.00	293.00	293.00	293.00	293.00	293.00	293.00	293.00	293.00	293.00	293.00	293.00	293.00	293.00	293.00	293.00	293.00	292.00	292.00	292.00	291.00	291.00	291.00	291.00	290.00	290.00	289.00	289.00	288.00	288.00	288.00	287.00	287.00	287.00	285.00	284.00	284.00	282.00	281.00	281.00	280.00	280.00	278.00	277.00	277.00	276.00	274.00	273.00	273.00	272.00	272.00	271.00	270.00	270.00	269.00	268.00	267.00	267.00	267.00	267.00	267.00	266.00	266.00	266.00	265.00	265.00	265.00	265.00	265.00	264.00	264.00	264.00	264.00	264.00	264.00	264.00	264.00	264.00	265.00	265.00	265.00	265.00	265.00	265.00	265.00	265.00	265.00	265.00	265.00	265.00	265.00	265.00	265.00	266.00	266.00	266.00	267.00	267.00	267.00	268.00	268.00	268.00	269.00	269.00	269.00	270.00	270.00	270.00	271.00	272.00	272.00	272.00	272.00	273.00	274.00	274.00	274.00	274.00	276.00	276.00	276.00	276.00	277.00	278.00	278.00	278.00	278.00	279.00	279.00	278.00	278.00	278.00	278.00	278.00	278.00	278.00	278.00	278.00	278.00	278.00	278.00	279.00	279.00	279.00	279.00	279.00	280.00	280.00	280.00	280.00	280.00	280.00	280.00	280.00	280.00	280.00	280.00	280.00	280.00	280.00	280.00	280.00	280.00
296.00	296.00	295.00	295.00	295.00	295.00	295.00	296.00	296.00	296.00	296.00	296.00	296.00	296.00	297.00	297.00	297.00	297.00	298.00	298.00	298.00	299.00	299.00	300.00	300.00	300.00	300.00	301.00	302.00	302.00	302.00	302.00	303.00	303.00	304.00	304.00	305.00	305.00	305.00	306.00	306.00	306.00	307.00	307.00	307.00	308.00	308.00	308.00	309.00	309.00	309.00	310.00	310.00	310.00	310.00	311.00	311.00	311.00	311.00	311.00	310.00	310.00	310.00	310.00	310.00	310.00	310.00	310.00	310.00	310.00	310.00	310.00	310.00	310.00	309.00	308.00	308.00	307.00	306.00	306.00	305.00	303.00	303.00	302.00	302.00	301.00	299.00	297.00	297.00	296.00	295.00	295.00	294.00	294.00	293.00	293.00	293.00	293.00	293.00	293.00	293.00	293.00	293.00	293.00	293.00	293.00	293.00	293.00	293.00	293.00	292.00	292.00	292.00	291.00	291.00	291.00	291.00	290.00	290.00	289.00	289.00	288.00	288.00	288.00	287.00	287.00	287.00	285.00	284.00	284.00	282.00	281.00	281.00	280.00	280.00	278.00	277.00	277.00	276.00	274.00	273.00	273.00	272.00	272.00	271.00	270.00	270.00	269.00	268.00	267.00	267.00	267.00	267.00	267.00	266.00	266.00	266.00	265.00	265.00	265.00	265.00	265.00	264.00	264.00	264.00	264.00	264.00	264.00	264.00	264.00	264.00	265.00	265.00	265.00	265.00	265.00	265.00	265.00	265.00	265.00	265.00	265.00	265.00	265.00	265.00	265.00	266.00	266.00	266.00	267.00	267.00	267.00	268.00	268.00	268.00	269.00	269.00	269.00	270.00	270.00	270.00	271.00	272.00	272.00	272.00	272.00	273.00	274.00	274.00	274.00	274.00	276.00	276.00	276.00	276.00	277.00	278.00	278.00	278.00	278.00	279.00	279.00	278.00	278.00	278.00	278.00	278.00	278.00	278.00	278.00	278.00	278.00	278.00	278.00	279.00	279.00	279.00	279.00	279.00	280.00	280.00	280.00	280.00	280.00	280.00	280.00	280.00	280.00	280.00	280.00	280.00	280.00	280.00	280.00	280.00	280.00
296.00	296.00	295.00	295.00	295.00	295.00	295.00	296.00	296.00	296.00	296.00	296.00	296.00	296.00	297.00	297.00	297.00	297.00	298.00	298.00	298.00	299.00	299.00	300.00	300.00	300.00	300.00	301.00	302.00	302.00	302.00	302.00	303.00	303.00	304.00	304.00	305.00	305.00	305.00	306.00	306.00	306.00	307.00	307.00	307.00	308.00	308.00	308.00	309.00	309.00	309.00	310.00	310.00	310.00	310.00	311.00	311.00	311.00	311.00	311.00	310.00	310.00	310.00	310.00	310.00	310.00	310.00	310.00	310.00	310.00	310.00	310.00	310.00	310.00	309.00	308.00	308.00	307.00	306.00	306.00	305.00	303.00	303.00	302.00	302.00	301.00	299.00	297.00	297.00	296.00	295.00	295.00	294.00	294.00	293.00	293.00	293.00	293.00	293.00	293.00	293.00	293.00	293.00	293.00	293.00	293.00	293.00	293.00	293.00	293.00	292.00	292.00	292.00	291.00	291.00	291.00	291.00	290.00	290.00	289.00	289.00	288.00	288.00	288.00	287.00	287.00	287.00	285.00	284.00	284.00	282.00	281.00	281.00	280.00	280.00	278.00	277.00	277.00	276.00	274.00	273.00	273.00	272.00	272.00	271.00	270.00	270.00	269.00	268.00	267.00	267.00	267.00	267.00	267.00	266.00	266.00	266.00	265.00	265.00	265.00	265.00	265.00	264.00	264.00	264.00	264.00	264.00	264.00	264.00	264.00	264.00	265.00	265.00	265.00	265.00	265.00	265.00	265.00	265.00	265.00	265.00	265.00	265.00	265.00	265.00	265.00	266.00	266.00	266.00	267.00	267.00	267.00	268.00	268.00	268.00	269.00	269.00	269.00	270.00	270.00	270.00	271.00	272.00	272.00	272.00	272.00	273.00	274.00	274.00	274.00	274.00	276.00	276.00	276.00	276.00	277.00	278.00	278.00	278.00	278.00	279.00	279.00	278.00	278.00	278.00	278.00	278.00	278.00	278.00	278.00	278.00	278.00	278.00	278.00	279.00	279.00	279.00	279.00	279.00	280.00	280.00	280.00	280.00	280.00	280.00	280.00	280.00	280.00	280.00	280.00	280.00	280.00	280.00	280.00	280.00	280.00
296.00	296.00	295.00	295.00	295.00	295.00	295.00	296.00	296.00	296.00	296.00	296.00	296.00	296.00	297.00	297.00	297.00	297.00	298.00	298.00	298.00	299.00	299.00	300.00	300.00	300.00	300.00	301.00	302.00	302.00	302.00	302.00	303.00	303.00	304.00	304.00	305.00	305.00	305.00	306.00	306.00	306.00	307.00	307.00	307.00	308.00	308.00	308.00	309.00	309.00	309.00	310.00	310.00	310.00	310.00	311.00	311.00	311.00	311.00	311.00	310.00	310.00	310.00	310.00	310.00	310.00	310.00	310.00	310.00	310.00	310.00	310.00	310.00	310.00	309.00	308.00	308.00	307.00	306.00	306.00	305.00	303.00	303.00	302.00	302.00	301.00	299.00	297.00	297.00	296.00	295.00	295.00	294.00	294.00	293.00	293.00	293.00	293.00	293.00	293.00	293.00	293.00	293.00	293.00	293.00	293.00	293.00	293.00	293.00	293.00	292.00	292.00	292.00	291.00	291.00	291.00	291.00	290.00	290.00	289.00	289.00	288.00	288.00	288.00	287.00	287.00	287.00	285.00	284.00	284.00	282.00	281.00	281.00	280.00	280.00	278.00	277.00	277.00	276.00	274.00	273.00	273.00	272.00	272.00	271.00	270.00	270.00	269.00	268.00	267.00	267.00	267.00	267.00	267.00	266.00	266.00	266.00	265.00	265.00	265.00	265.00	265.00	264.00	264.00	264.00	264.00	264.00	264.00	264.00	264.00	264.00	265.00	265.00	265.00	265.00	265.00	265.00	265.00	265.00	265.00	265.00	265.00	265.00	265.00	265.00	265.00	266.00	266.00	266.00	267.00	267.00	267.00	268.00	268.00	268.00	269.00	269.00	269.00	270.00	270.00	270.00	271.00	272.00	272.00	272.00	272.00	273.00	274.00	274.00	274.00	274.00	276.00	276.00	276.00	276.00	277.00	278.00	278.00	278.00	278.00	279.00	279.00	278.00	278.00	278.00	278.00	278.00	278.00	278.00	278.00	278.00	278.00	278.00	278.00	279.00	279.00	279.00	279.00	279.00	280.00	280.00	280.00	280.00	280.00	280.00	280.00	280.00	280.00	280.00	280.00	280.00	280.00	280.00	280.00	280.00	280.00
296.00	296.00	295.00	295.00	295.00	295.00	295.00	296.00	296.00	296.00	296.00	296.00	296.00	296.00	297.00	297.00	297.00	297.00	298.00	298.00	298.00	299.00	299.00	300.00	300.00	300.00	300.00	301.00	302.00	302.00	302.00	302.00	303.00	303.00	304.00	304.00	305.00	305.00	305.00	306.00	306.00	306.00	307.00	307.00	307.00	308.00	308.00	308.00	309.00	309.00	309.00	310.00	310.00	310.00	310.00	311.00	311.00	311.00	311.00	311.00	310.00	310.00	310.00	310.00	310.00	310.00	310.00	310.00	310.00	310.00	310.00	310.00	310.00	310.00	309.00	308.00	308.00	307.00	306.00	306.00	305.00	303.00	303.00	302.00	302.00	301.00	299.00	297.00	297.00	296.00	295.00	295.00	294.00	294.00	293.00	293.00	293.00	293.00	293.00	293.00	293.00	293.00	293.00	293.00	293.00	293.00	293.00	293.00	293.00	293.00	292.00	292.00	292.00	291.00	291.00	291.00	291.00	290.00	290.00	289.00	289.00	288.00	288.00	288.00	287.00	287.00	287.00	285.00	284.00	284.00	282.00	281.00	281.00	280.00	280.00	278.00	277.00	277.00	276.00	274.00	273.00	273.00	272.00	272.00	271.00	270.00	270.00	269.00	268.00	267.00	267.00	267.00	267.00	267.00	266.00	266.00	266.00	265.00	265.00	265.00	265.00	265.00	264.00	264.00	264.00	264.00	264.00	264.00	264.00	264.00	264.00	265.00	265.00	265.00	265.00	265.00	265.00	265.00	265.00	265.00	265.00	265.00	265.00	265.00	265.00	265.00	266.00	266.00	266.00	267.00	267.00	267.00	268.00	268.00	268.00	269.00	269.00	269.00	270.00	270.00	270.00	271.00	272.00	272.00	272.00	272.00	273.00	274.00	274.00	274.00	274.00	276.00	276.00	276.00	276.00	277.00	278.00	278.00	278.00	278.00	279.00	279.00	278.00	278.00	278.00	278.00	278.00	278.00	278.00	278.00	278.00	278.00	278.00	278.00	279.00	279.00	279.00	279.00	279.00	280.00	280.00	280.00	280.00	280.00	280.00	280.00	280.00	280.00	280.00	280.00	280.00	280.00	280.00	280.00	280.00	280.00
296.00	296.00	295.00	295.00	295.00	295.00	295.00	296.00	296.00	296.00	296.00	296.00	296.00	296.00	297.00	297.00	297.00	297.00	298.00	298.00	298.00	299.00	299.00	300.00	300.00	300.00	300.00	301.00	302.00	302.00	302.00	302.00	303.00	303.00	304.00	304.00	305.00	305.00	305.00	306.00	306.00	306.00	307.00	307.00	307.00	308.00	308.00	308.00	309.00	309.00	309.00	310.00	310.00	310.00	310.00	311.00	311.00	311.00	311.00	311.00	310.00	310.00	310.00	310.00	310.00	310.00	310.00	310.00	310.00	310.00	310.00	310.00	310.00	310.00	309.00	308.00	308.00	307.00	306.00	306.00	305.00	303.00	303.00	302.00	302.00	301.00	299.00	297.00	297.00	296.00	295.00	295.00	294.00	294.00	293.00	293.00	293.00	293.00	293.00	293.00	293.00	293.00	293.00	293.00	293.00	293.00	293.00	293.00	293.00	293.00	292.00	292.00	292.00	291.00	291.00	291.00	291.00	290.00	290.00	289.00	289.00	288.00	288.00	288.00	287.00	287.00	287.00	285.00	284.00	284.00	282.00	281.00	281.00	280.00	280.00	278.00	277.00	277.00	276.00	274.00	273.00	273.00	272.00	272.00	271.00	270.00	270.00	269.00	268.00	267.00	267.00	267.00	267.00	267.00	266.00	266.00	266.00	265.00	265.00	265.00	265.00	265.00	264.00	264.00	264.00	264.00	264.00	264.00	264.00	264.00	264.00	265.00	265.00	265.00	265.00	265.00	265.00	265.00	265.00	265.00	265.00	265.00	265.00	265.00	265.00	265.00	266.00	266.00	266.00	267.00	267.00	267.00	268.00	268.00	268.00	269.00	269.00	269.00	270.00	270.00	270.00	271.00	272.00	272.00	272.00	272.00	273.00	274.00	274.00	274.00	274.00	276.00	276.00	276.00	276.00	277.00	278.00	278.00	278.00	278.00	279.00	279.00	278.00	278.00	278.00	278.00	278.00	278.00	278.00	278.00	278.00	278.00	278.00	278.00	279.00	279.00	279.00	279.00	279.00	280.00	280.00	280.00	280.00	280.00	280.00	280.00	280.00	280.00	280.00	280.00	280.00	280.00	280.00	280.00	280.00	280.00
296.00	296.00	295.00	295.00	295.00	295.00	295.00	296.00	296.00	296.00	296.00	296.00	296.00	296.00	297.00	297.00	297.00	297.00	298.00	298.00	298.00	299.00	299.00	300.00	300.00	300.00	300.00	301.00	302.00	302.00	302.00	302.00	303.00	303.00	304.00	304.00	305.00	305.00	305.00	306.00	306.00	306.00	307.00	307.00	307.00	308.00	308.00	308.00	309.00	309.00	309.00	310.00	310.00	310.00	310.00	311.00	311.00	311.00	311.00	311.00	310.00	310.00	310.00	310.00	310.00	310.00	310.00	310.00	310.00	310.00	310.00	310.00	310.00	310.00	309.00	308.00	308.00	307.00	306.00	306.00	305.00	303.00	303.00	302.00	302.00	301.00	299.00	297.00	297.00	296.00	295.00	295.00	294.00	294.00	293.00	293.00	293.00	293.00	293.00	293.00	293.00	293.00	293.00	293.00	293.00	293.00	293.00	293.00	293.00	293.00	292.00	292.00	292.00	291.00	291.00	291.00	291.00	290.00	290.00	289.00	289.00	288.00	288.00	288.00	287.00	287.00	287.00	285.00	284.00	284.00	282.00	281.00	281.00	280.00	280.00	278.00	277.00	277.00	276.00	274.00	273.00	273.00	272.00	272.00	271.00	270.00	270.00	269.00	268.00	267.00	267.00	267.00	267.00	267.00	266.00	266.00	266.00	265.00	265.00	265.00	265.00	265.00	264.00	264.00	264.00	264.00	264.00	264.00	264.00	264.00	264.00	265.00	265.00	265.00	265.00	265.00	265.00	265.00	265.00	265.00	265.00	265.00	265.00	265.00	265.00	265.00	266.00	266.00	266.00	267.00	267.00	267.00	268.00	268.00	268.00	269.00	269.00	269.00	270.00	270.00	270.00	271.00	272.00	272.00	272.00	272.00	273.00	274.00	274.00	274.00	274.00	276.00	276.00	276.00	276.00	277.00	278.00	278.00	278.00	278.00	279.00	279.00	278.00	278.00	278.00	278.00	278.00	278.00	278.00	278.00	278.00	278.00	278.00	278.00	279.00	279.00	279.00	279.00	279.00	280.00	280.00	280.00	280.00	280.00	280.00	280.00	280.00	280.00	280.00	280.00	280.00	280.00	280.00	280.00	280.00	280.00
296.00	296.00	295.00	295.00	295.00	295.00	295.00	296.00	296.00	296.00	296.00	296.00	296.00	296.00	297.00	297.00	297.00	297.00	298.00	298.00	298.00	299.00	299.00	300.00	300.00	300.00	300.00	301.00	302.00	302.00	302.00	302.00	303.00	303.00	304.00	304.00	305.00	305.00	305.00	306.00	306.00	306.00	307.00	307.00	307.00	308.00	308.00	308.00	309.00	309.00	309.00	310.00	310.00	310.00	310.00	311.00	311.00	311.00	311.00	311.00	310.00	310.00	310.00	310.00	310.00	310.00	310.00	310.00	310.00	310.00	310.00	310.00	310.00	310.00	309.00	308.00	308.00	307.00	306.00	306.00	305.00	303.00	303.00	302.00	302.00	301.00	299.00	297.00	297.00	296.00	295.00	295.00	294.00	294.00	293.00	293.00	293.00	293.00	293.00	293.00	293.00	293.00	293.00	293.00	293.00	293.00	293.00	293.00	293.00	293.00	292.00	292.00	292.00	291.00	291.00	291.00	291.00	290.00	290.00	289.00	289.00	288.00	288.00	288.00	287.00	287.00	287.00	285.00	284.00	284.00	282.00	281.00	281.00	280.00	280.00	278.00	277.00	277.00	276.00	274.00	273.00	273.00	272.00	272.00	271.00	270.00	270.00	269.00	268.00	267.00	267.00	267.00	267.00	267.00	266.00	266.00	266.00	265.00	265.00	265.00	265.00	265.00	264.00	264.00	264.00	264.00	264.00	264.00	264.00	264.00	264.00	265.00	265.00	265.00	265.00	265.00	265.00	265.00	265.00	265.00	265.00	265.00	265.00	265.00	265.00	265.00	266.00	266.00	266.00	267.00	267.00	267.00	268.00	268.00	268.00	269.00	269.00	269.00	270.00	270.00	270.00	271.00	272.00	272.00	272.00	272.00	273.00	274.00	274.00	274.00	274.00	276.00	276.00	276.00	276.00	277.00	278.00	278.00	278.00	278.00	279.00	279.00	278.00	278.00	278.00	278.00	278.00	278.00	278.00	278.00	278.00	278.00	278.00	278.00	279.00	279.00	279.00	279.00	279.00	280.00	280.00	280.00	280.00	280.00	280.00	280.00	280.00	280.00	280.00	280.00	280.00	280.00	280.00	280.00	280.00	280.00
296.00	296.00	295.00	295.00	295.00	295.00	295.00	296.00	296.00	296.00	296.00	296.00	296.00	296.00	297.00	297.00	297.00	297.00	298.00	298.00	298.00	299.00	299.00	300.00	300.00	300.00	300.00	301.00	302.00	302.00	302.00	302.00	303.00	303.00	304.00	304.00	305.00	305.00	305.00	306.00	306.00	306.00	307.00	307.00	307.00	308.00	308.00	308.00	309.00	309.00	309.00	310.00	310.00	310.00	310.00	311.00	311.00	311.00	311.00	311.00	310.00	310.00	310.00	310.00	310.00	310.00	310.00	310.00	310.00	310.00	310.00	310.00	310.00	310.00	309.00	308.00	308.00	307.00	306.00	306.00	305.00	303.00	303.00	302.00	302.00	301.00	299.00	297.00	297.00	296.00	295.00	295.00	294.00	294.00	293.00	293.00	293.00	293.00	293.00	293.00	293.00	293.00	293.00	293.00	293.00	293.00	293.00	293.00	293.00	293.00	292.00	292.00	292.00	291.00	291.00	291.00	291.00	290.00	290.00	289.00	289.00	288.00	288.00	288.00	287.00	287.00	287.00	285.00	284.00	284.00	282.00	281.00	281.00	280.00	280.00	278.00	277.00	277.00	276.00	274.00	273.00	273.00	272.00	272.00	271.00	270.00	270.00	269.00	268.00	267.00	267.00	267.00	267.00	267.00	266.00	266.00	266.00	265.00	265.00	265.00	265.00	265.00	264.00	264.00	264.00	264.00	264.00	264.00	264.00	264.00	264.00	265.00	265.00	265.00	265.00	265.00	265.00	265.00	265.00	265.00	265.00	265.00	265.00	265.00	265.00	265.00	266.00	266.00	266.00	267.00	267.00	267.00	268.00	268.00	268.00	269.00	269.00	269.00	270.00	270.00	270.00	271.00	272.00	272.00	272.00	272.00	273.00	274.00	274.00	274.00	274.00	276.00	276.00	276.00	276.00	277.00	278.00	278.00	278.00	278.00	279.00	279.00	278.00	278.00	278.00	278.00	278.00	278.00	278.00	278.00	278.00	278.00	278.00	278.00	279.00	279.00	279.00	279.00	279.00	280.00	280.00	280.00	280.00	280.00	280.00	280.00	280.00	280.00	280.00	280.00	280.00	280.00	280.00	280.00	280.00	280.00
296.00	296.00	295.00	295.00	295.00	295.00	295.00	296.00	296.00	296.00	296.00	296.00	296.00	296.00	297.00	297.00	297.00	297.00	298.00	298.00	298.00	299.00	299.00	300.00	300.00	300.00	300.00	301.00	302.00	302.00	302.00	302.00	303.00	303.00	304.00	304.00	305.00	305.00	305.00	306.00	306.00	306.00	307.00	307.00	307.00	308.00	308.00	308.00	309.00	309.00	309.00	310.00	310.00	310.00	310.00	311.00	311.00	311.00	311.00	311.00	310.00	310.00	310.00	310.00	310.00	310.00	310.00	310.00	310.00	310.00	310.00	310.00	310.00	310.00	309.00	308.00	308.00	307.00	306.00	306.00	305.00	303.00	303.00	302.00	302.00	301.00	299.00	297.00	297.00	296.00	295.00	295.00	294.00	294.00	293.00	293.00	293.00	293.00	293.00	293.00	293.00	293.00	293.00	293.00	293.00	293.00	293.00	293.00	293.00	293.00	292.00	292.00	292.00	291.00	291.00	291.00	291.00	290.00	290.00	289.00	289.00	288.00	288.00	288.00	287.00	287.00	287.00	285.00	284.00	284.00	282.00	281.00	281.00	280.00	280.00	278.00	277.00	277.00	276.00	274.00	273.00	273.00	272.00	272.00	271.00	270.00	270.00	269.00	268.00	267.00	267.00	267.00	267.00	267.00	266.00	266.00	266.00	265.00	265.00	265.00	265.00	265.00	264.00	264.00	264.00	264.00	264.00	264.00	264.00	264.00	264.00	265.00	265.00	265.00	265.00	265.00	265.00	265.00	265.00	265.00	265.00	265.00	265.00	265.00	265.00	265.00	266.00	266.00	266.00	267.00	267.00	267.00	268.00	268.00	268.00	269.00	269.00	269.00	270.00	270.00	270.00	271.00	272.00	272.00	272.00	272.00	273.00	274.00	274.00	274.00	274.00	276.00	276.00	276.00	276.00	277.00	278.00	278.00	278.00	278.00	279.00	279.00	278.00	278.00	278.00	278.00	278.00	278.00	278.00	278.00	278.00	278.00	278.00	278.00	279.00	279.00	279.00	279.00	279.00	280.00	280.00	280.00	280.00	280.00	280.00	280.00	280.00	280.00	280.00	280.00	280.00	280.00	280.00	280.00	280.00	280.00
304.00	303.00	303.00	303.00	302.00	302.00	302.00	301.00	301.00	301.00	301.00	301.00	301.00	301.00	301.00	301.00	302.00	302.00	302.00	303.00	303.00	303.00	303.00	304.00	304.00	304.00	304.00	305.00	305.00	305.00	306.00	306.00	307.00	307.00	308.00	308.00	309.00	310.00	310.00	310.00	310.00	311.00	312.00	312.00	313.00	314.00	314.00	314.00	315.00	315.00	316.00	316.00	316.00	317.00	317.00	317.00	317.00	318.00	318.00	318.00	318.00	318.00	318.00	319.00	319.00	319.00	319.00	319.00	319.00	319.00	319.00	319.00	318.00	318.00	318.00	318.00	318.00	317.00	316.00	316.00	315.00	314.00	314.00	313.00	313.00	312.00	311.00	310.00	310.00	308.00	307.00	307.00	306.00	306.00	305.00	305.00	304.00	304.00	303.00	302.00	302.00	301.00	301.00	300.00	299.00	299.00	298.00	298.00	297.00	297.00	297.00	297.00	296.00	296.00	296.00	295.00	295.00	293.00	293.00	292.00	292.00	291.00	290.00	290.00	289.00	289.00	287.00	286.00	284.00	284.00	283.00	282.00	282.00	280.00	280.00	279.00	277.00	277.00	276.00	274.00	273.00	273.00	272.00	272.00	271.00	270.00	270.00	269.00	268.00	267.00	267.00	266.00	266.00	265.00	265.00	265.00	264.00	264.00	264.00	263.00	263.00	263.00	263.00	263.00	263.00	263.00	263.00	263.00	263.00	263.00	263.00	263.00	263.00	263.00	263.00	263.00	263.00	262.00	262.00	262.00	262.00	263.00	263.00	263.00	263.00	263.00	263.00	263.00	264.00	264.00	265.00	265.00	265.00	266.00	266.00	266.00	266.00	267.00	267.00	267.00	268.00	268.00	269.00	269.00	270.00	270.00	271.00	271.00	271.00	272.00	272.00	274.00	274.00	274.00	274.00	275.00	275.00	275.00	276.00	276.00	276.00	277.00	277.00	277.00	278.00	278.00	278.00	279.00	279.00	279.00	280.00	280.00	280.00	281.00	281.00	281.00	281.00	281.00	282.00	283.00	283.00	283.00	283.00	285.00	285.00	286.00	286.00	286.00	287.00	287.00	287.00	287.00	287.00	286.00	285.00	285.00
304.00	303.00	303.00	303.00	302.00	302.00	302.00	301.00	301.00	301.00	301.00	301.00	301.00	301.00	301.00	301.00	302.00	302.00	302.00	303.00	303.00	303.00	303.00	304.00	304.00	304.00	304.00	305.00	305.00	305.00	306.00	306.00	307.00	307.00	308.00	308.00	309.00	310.00	310.00	310.00	310.00	311.00	312.00	312.00	313.00	314.00	314.00	314.00	315.00	315.00	316.00	316.00	316.00	317.00	317.00	317.00	317.00	318.00	318.00	318.00	318.00	318.00	318.00	319.00	319.00	319.00	319.00	319.00	319.00	319.00	319.00	319.00	318.00	318.00	318.00	318.00	318.00	317.00	316.00	316.00	315.00	314.00	314.00	313.00	313.00	312.00	311.00	310.00	310.00	308.00	307.00	307.00	306.00	306.00	305.00	305.00	304.00	304.00	303.00	302.00	302.00	301.00	301.00	300.00	299.00	299.00	298.00	298.00	297.00	297.00	297.00	297.00	296.00	296.00	296.00	295.00	295.00	293.00	293.00	292.00	292.00	291.00	290.00	290.00	289.00	289.00	287.00	286.00	284.00	284.00	283.00	282.00	282.00	280.00	280.00	279.00	277.00	277.00	276.00	274.00	273.00	273.00	272.00	272.00	271.00	270.00	270.00	269.00	268.00	267.00	267.00	266.00	266.00	265.00	265.00	265.00	264.00	264.00	264.00	263.00	263.00	263.00	263.00	263.00	263.00	263.00	263.00	263.00	263.00	263.00	263.00	263.00	263.00	263.00	263.00	263.00	263.00	262.00	262.00	262.00	262.00	263.00	263.00	263.00	263.00	263.00	263.00	263.00	264.00	264.00	265.00	265.00	265.00	266.00	266.00	266.00	266.00	267.00	267.00	267.00	268.00	268.00	269.00	269.00	270.00	270.00	271.00	271.00	271.00	272.00	272.00	274.00	274.00	274.00	274.00	275.00	275.00	275.00	276.00	276.00	276.00	277.00	277.00	277.00	278.00	278.00	278.00	279.00	279.00	279.00	280.00	280.00	280.00	281.00	281.00	281.00	281.00	281.00	282.00	283.00	283.00	283.00	283.00	285.00	285.00	286.00	286.00	286.00	287.00	287.00	287.00	287.00	287.00	286.00	285.00	285.00
304.00	303.00	303.00	303.00	302.00	302.00	302.00	301.00	301.00	301.00	301.00	301.00	301.00	301.00	301.00	301.00	302.00	302.00	302.00	303.00	303.00	303.00	303.00	304.00	304.00	304.00	304.00	305.00	305.00	305.00	306.00	306.00	307.00	307.00	308.00	308.00	309.00	310.00	310.00	310.00	310.00	311.00	312.00	312.00	313.00	314.00	314.00	314.00	315.00	315.00	316.00	316.00	316.00	317.00	317.00	317.00	317.00	318.00	318.00	318.00	318.00	318.00	318.00	319.00	319.00	319.00	319.00	319.00	319.00	319.00	319.00	319.00	318.00	318.00	318.00	318.00	318.00	317.00	316.00	316.00	315.00	314.00	314.00	313.00	313.00	312.00	311.00	310.00	310.00	308.00	307.00	307.00	306.00	306.00	305.00	305.00	304.00	304.00	303.00	302.00	302.00	301.00	301.00	300.00	299.00	299.00	298.00	298.00	297.00	297.00	297.00	297.00	296.00	296.00	296.00	295.00	295.00	293.00	293.00	292.00	292.00	291.00	290.00	290.00	289.00	289.00	287.00	286.00	284.00	284.00	283.00	282.00	282.00	280.00	280.00	279.00	277.00	277.00	276.00	274.00	273.00	273.00	272.00	272.00	271.00	270.00	270.00	269.00	268.00	267.00	267.00	266.00	266.00	265.00	265.00	265.00	264.00	264.00	264.00	263.00	263.00	263.00	263.00	263.00	263.00	263.00	263.00	263.00	263.00	263.00	263.00	263.00	263.00	263.00	263.00	263.00	263.00	262.00	262.00	262.00	262.00	263.00	263.00	263.00	263.00	263.00	263.00	263.00	264.00	264.00	265.00	265.00	265.00	266.00	266.00	266.00	266.00	267.00	267.00	267.00	268.00	268.00	269.00	269.00	270.00	270.00	271.00	271.00	271.00	272.00	272.00	274.00	274.00	274.00	274.00	275.00	275.00	275.00	276.00	276.00	276.00	277.00	277.00	277.00	278.00	278.00	278.00	279.00	279.00	279.00	280.00	280.00	280.00	281.00	281.00	281.00	281.00	281.00	282.00	283.00	283.00	283.00	283.00	285.00	285.00	286.00	286.00	286.00	287.00	287.00	287.00	287.00	287.00	286.00	285.00	285.00
304.00	303.00	303.00	303.00	302.00	302.00	302.00	301.00	301.00	301.00	301.00	301.00	301.00	301.00	301.00	301.00	302.00	302.00	302.00	303.00	303.00	303.00	303.00	304.00	304.00	304.00	304.00	305.00	305.00	305.00	306.00	306.00	307.00	307.00	308.00	308.00	309.00	310.00	310.00	310.00	310.00	311.00	312.00	312.00	313.00	314.00	314.00	314.00	315.00	315.00	316.00	316.00	316.00	317.00	317.00	317.00	317.00	318.00	318.00	318.00	318.00	318.00	318.00	319.00	319.00	319.00	319.00	319.00	319.00	319.00	319.00	319.00	318.00	318.00	318.00	318.00	318.00	317.00	316.00	316.00	315.00	314.00	314.00	313.00	313.00	312.00	311.00	310.00	310.00	308.00	307.00	307.00	306.00	306.00	305.00	305.00	304.00	304.00	303.00	302.00	302.00	301.00	301.00	300.00	299.00	299.00	298.00	298.00	297.00	297.00	297.00	297.00	296.00	296.00	296.00	295.00	295.00	293.00	293.00	292.00	292.00	291.00	290.00	290.00	289.00	289.00	287.00	286.00	284.00	284.00	283.00	282.00	282.00	280.00	280.00	279.00	277.00	277.00	276.00	274.00	273.00	273.00	272.00	272.00	271.00	270.00	270.00	269.00	268.00	267.00	267.00	266.00	266.00	265.00	265.00	265.00	264.00	264.00	264.00	263.00	263.00	263.00	263.00	263.00	263.00	263.00	263.00	263.00	263.00	263.00	263.00	263.00	263.00	263.00	263.00	263.00	263.00	262.00	262.00	262.00	262.00	263.00	263.00	263.00	263.00	263.00	263.00	263.00	264.00	264.00	265.00	265.00	265.00	266.00	266.00	266.00	266.00	267.00	267.00	267.00	268.00	268.00	269.00	269.00	270.00	270.00	271.00	271.00	271.00	272.00	272.00	274.00	274.00	274.00	274.00	275.00	275.00	275.00	276.00	276.00	276.00	277.00	277.00	277.00	278.00	278.00	278.00	279.00	279.00	279.00	280.00	280.00	280.00	281.00	281.00	281.00	281.00	281.00	282.00	283.00	283.00	283.00	283.00	285.00	285.00	286.00	286.00	286.00	287.00	287.00	287.00	287.00	287.00	286.00	285.00	285.00
304.00	303.00	303.00	303.00	302.00	302.00	302.00	301.00	301.00	301.00	301.00	301.00	301.00	301.00	301.00	301.00	302.00	302.00	302.00	303.00	303.00	303.00	303.00	304.00	304.00	304.00	304.00	305.00	305.00	305.00	306.00	306.00	307.00	307.00	308.00	308.00	309.00	310.00	310.00	310.00	310.00	311.00	312.00	312.00	313.00	314.00	314.00	314.00	315.00	315.00	316.00	316.00	316.00	317.00	317.00	317.00	317.00	318.00	318.00	318.00	318.00	318.00	318.00	319.00	319.00	319.00	319.00	319.00	319.00	319.00	319.00	319.00	318.00	318.00	318.00	318.00	318.00	317.00	316.00	316.00	315.00	314.00	314.00	313.00	313.00	312.00	311.00	310.00	310.00	308.00	307.00	307.00	306.00	306.00	305.00	305.00	304.00	304.00	303.00	302.00	302.00	301.00	301.00	300.00	299.00	299.00	298.00	298.00	297.00	297.00	297.00	297.00	296.00	296.00	296.00	295.00	295.00	293.00	293.00	292.00	292.00	291.00	290.00	290.00	289.00	289.00	287.00	286.00	284.00	284.00	283.00	282.00	282.00	280.00	280.00	279.00	277.00	277.00	276.00	274.00	273.00	273.00	272.00	272.00	271.00	270.00	270.00	269.00	268.00	267.00	267.00	266.00	266.00	265.00	265.00	265.00	264.00	264.00	264.00	263.00	263.00	263.00	263.00	263.00	263.00	263.00	263.00	263.00	263.00	263.00	263.00	263.00	263.00	263.00	263.00	263.00	263.00	262.00	262.00	262.00	262.00	263.00	263.00	263.00	263.00	263.00	263.00	263.00	264.00	264.00	265.00	265.00	265.00	266.00	266.00	266.00	266.00	267.00	267.00	267.00	268.00	268.00	269.00	269.00	270.00	270.00	271.00	271.00	271.00	272.00	272.00	274.00	274.00	274.00	274.00	275.00	275.00	275.00	276.00	276.00	276.00	277.00	277.00	277.00	278.00	278.00	278.00	279.00	279.00	279.00	280.00	280.00	280.00	281.00	281.00	281.00	281.00	281.00	282.00	283.00	283.00	283.00	283.00	285.00	285.00	286.00	286.00	286.00	287.00	287.00	287.00	287.00	287.00	286.00	285.00	285.00
304.00	303.00	303.00	303.00	302.00	302.00	302.00	301.00	301.00	301.00	301.00	301.00	301.00	301.00	301.00	301.00	302.00	302.00	302.00	303.00	303.00	303.00	303.00	304.00	304.00	304.00	304.00	305.00	305.00	305.00	306.00	306.00	307.00	307.00	308.00	308.00	309.00	310.00	310.00	310.00	310.00	311.00	312.00	312.00	313.00	314.00	314.00	314.00	315.00	315.00	316.00	316.00	316.00	317.00	317.00	317.00	317.00	318.00	318.00	318.00	318.00	318.00	318.00	319.00	319.00	319.00	319.00	319.00	319.00	319.00	319.00	319.00	318.00	318.00	318.00	318.00	318.00	317.00	316.00	316.00	315.00	314.00	314.00	313.00	313.00	312.00	311.00	310.00	310.00	308.00	307.00	307.00	306.00	306.00	305.00	305.00	304.00	304.00	303.00	302.00	302.00	301.00	301.00	300.00	299.00	299.00	298.00	298.00	297.00	297.00	297.00	297.00	296.00	296.00	296.00	295.00	295.00	293.00	293.00	292.00	292.00	291.00	290.00	290.00	289.00	289.00	287.00	286.00	284.00	284.00	283.00	282.00	282.00	280.00	280.00	279.00	277.00	277.00	276.00	274.00	273.00	273.00	272.00	272.00	271.00	270.00	270.00	269.00	268.00	267.00	267.00	266.00	266.00	265.00	265.00	265.00	264.00	264.00	264.00	263.00	263.00	263.00	263.00	263.00	263.00	263.00	263.00	263.00	263.00	263.00	263.00	263.00	263.00	263.00	263.00	263.00	263.00	262.00	262.00	262.00	262.00	263.00	263.00	263.00	263.00	263.00	263.00	263.00	264.00	264.00	265.00	265.00	265.00	266.00	266.00	266.00	266.00	267.00	267.00	267.00	268.00	268.00	269.00	269.00	270.00	270.00	271.00	271.00	271.00	272.00	272.00	274.00	274.00	274.00	274.00	275.00	275.00	275.00	276.00	276.00	276.00	277.00	277.00	277.00	278.00	278.00	278.00	279.00	279.00	279.00	280.00	280.00	280.00	281.00	281.00	281.00	281.00	281.00	282.00	283.00	283.00	283.00	283.00	285.00	285.00	286.00	286.00	286.00	287.00	287.00	287.00	287.00	287.00	286.00	285.00	285.00
304.00	303.00	303.00	303.00	302.00	302.00	302.00	301.00	301.00	301.00	301.00	301.00	301.00	301.00	301.00	301.00	302.00	302.00	302.00	303.00	303.00	303.00	303.00	304.00	304.00	304.00	304.00	305.00	305.00	305.00	306.00	306.00	307.00	307.00	308.00	308.00	309.00	310.00	310.00	310.00	310.00	311.00	312.00	312.00	313.00	314.00	314.00	314.00	315.00	315.00	316.00	316.00	316.00	317.00	317.00	317.00	317.00	318.00	318.00	318.00	318.00	318.00	318.00	319.00	319.00	319.00	319.00	319.00	319.00	319.00	319.00	319.00	318.00	318.00	318.00	318.00	318.00	317.00	316.00	316.00	315.00	314.00	314.00	313.00	313.00	312.00	311.00	310.00	310.00	308.00	307.00	307.00	306.00	306.00	305.00	305.00	304.00	304.00	303.00	302.00	302.00	301.00	301.00	300.00	299.00	299.00	298.00	298.00	297.00	297.00	297.00	297.00	296.00	296.00	296.00	295.00	295.00	293.00	293.00	292.00	292.00	291.00	290.00	290.00	289.00	289.00	287.00	286.00	284.00	284.00	283.00	282.00	282.00	280.00	280.00	279.00	277.00	277.00	276.00	274.00	273.00	273.00	272.00	272.00	271.00	270.00	270.00	269.00	268.00	267.00	267.00	266.00	266.00	265.00	265.00	265.00	264.00	264.00	264.00	263.00	263.00	263.00	263.00	263.00	263.00	263.00	263.00	263.00	263.00	263.00	263.00	263.00	263.00	263.00	263.00	263.00	263.00	262.00	262.00	262.00	262.00	263.00	263.00	263.00	263.00	263.00	263.00	263.00	264.00	264.00	265.00	265.00	265.00	266.00	266.00	266.00	266.00	267.00	267.00	267.00	268.00	268.00	269.00	269.00	270.00	270.00	271.00	271.00	271.00	272.00	272.00	274.00	274.00	274.00	274.00	275.00	275.00	275.00	276.00	276.00	276.00	277.00	277.00	277.00	278.00	278.00	278.00	279.00	279.00	279.00	280.00	280.00	280.00	281.00	281.00	281.00	281.00	281.00	282.00	283.00	283.00	283.00	283.00	285.00	285.00	286.00	286.00	286.00	287.00	287.00	287.00	287.00	287.00	286.00	285.00	285.00
304.00	303.00	303.00	303.00	302.00	302.00	302.00	301.00	301.00	301.00	301.00	301.00	301.00	301.00	301.00	301.00	302.00	302.00	302.00	303.00	303.00	303.00	303.00	304.00	304.00	304.00	304.00	305.00	305.00	305.00	306.00	306.00	307.00	307.00	308.00	308.00	309.00	310.00	310.00	310.00	310.00	311.00	312.00	312.00	313.00	314.00	314.00	314.00	315.00	315.00	316.00	316.00	316.00	317.00	317.00	317.00	317.00	318.00	318.00	318.00	318.00	318.00	318.00	319.00	319.00	319.00	319.00	319.00	319.00	319.00	319.00	319.00	318.00	318.00	318.00	318.00	318.00	317.00	316.00	316.00	315.00	314.00	314.00	313.00	313.00	312.00	311.00	310.00	310.00	308.00	307.00	307.00	306.00	306.00	305.00	305.00	304.00	304.00	303.00	302.00	302.00	301.00	301.00	300.00	299.00	299.00	298.00	298.00	297.00	297.00	297.00	297.00	296.00	296.00	296.00	295.00	295.00	293.00	293.00	292.00	292.00	291.00	290.00	290.00	289.00	289.00	287.00	286.00	284.00	284.00	283.00	282.00	282.00	280.00	280.00	279.00	277.00	277.00	276.00	274.00	273.00	273.00	272.00	272.00	271.00	270.00	270.00	269.00	268.00	267.00	267.00	266.00	266.00	265.00	265.00	265.00	264.00	264.00	264.00	263.00	263.00	263.00	263.00	263.00	263.00	263.00	263.00	263.00	263.00	263.00	263.00	263.00	263.00	263.00	263.00	263.00	263.00	262.00	262.00	262.00	262.00	263.00	263.00	263.00	263.00	263.00	263.00	263.00	264.00	264.00	265.00	265.00	265.00	266.00	266.00	266.00	266.00	267.00	267.00	267.00	268.00	268.00	269.00	269.00	270.00	270.00	271.00	271.00	271.00	272.00	272.00	274.00	274.00	274.00	274.00	275.00	275.00	275.00	276.00	276.00	276.00	277.00	277.00	277.00	278.00	278.00	278.00	279.00	279.00	279.00	280.00	280.00	280.00	281.00	281.00	281.00	281.00	281.00	282.00	283.00	283.00	283.00	283.00	285.00	285.00	286.00	286.00	286.00	287.00	287.00	287.00	287.00	287.00	286.00	285.00	285.00
304.00	303.00	303.00	303.00	302.00	302.00	302.00	301.00	301.00	301.00	301.00	301.00	301.00	301.00	301.00	301.00	302.00	302.00	302.00	303.00	303.00	303.00	303.00	304.00	304.00	304.00	304.00	305.00	305.00	305.00	306.00	306.00	307.00	307.00	308.00	308.00	309.00	310.00	310.00	310.00	310.00	311.00	312.00	312.00	313.00	314.00	314.00	314.00	315.00	315.00	316.00	316.00	316.00	317.00	317.00	317.00	317.00	318.00	318.00	318.00	318.00	318.00	318.00	319.00	319.00	319.00	319.00	319.00	319.00	319.00	319.00	319.00	318.00	318.00	318.00	318.00	318.00	317.00	316.00	316.00	315.00	314.00	314.00	313.00	313.00	312.00	311.00	310.00	310.00	308.00	307.00	307.00	306.00	306.00	305.00	305.00	304.00	304.00	303.00	302.00	302.00	301.00	301.00	300.00	299.00	299.00	298.00	298.00	297.00	297.00	297.00	297.00	296.00	296.00	296.00	295.00	295.00	293.00	293.00	292.00	292.00	291.00	290.00	290.00	289.00	289.00	287.00	286.00	284.00	284.00	283.00	282.00	282.00	280.00	280.00	279.00	277.00	277.00	276.00	274.00	273.00	273.00	272.00	272.00	271.00	270.00	270.00	269.00	268.00	267.00	267.00	266.00	266.00	265.00	265.00	265.00	264.00	264.00	264.00	263.00	263.00	263.00	263.00	263.00	263.00	263.00	263.00	263.00	263.00	263.00	263.00	263.00	263.00	263.00	263.00	263.00	263.00	262.00	262.00	262.00	262.00	263.00	263.00	263.00	263.00	263.00	263.00	263.00	264.00	264.00	265.00	265.00	265.00	266.00	266.00	266.00	266.00	267.00	267.00	267.00	268.00	268.00	269.00	269.00	270.00	270.00	271.00	271.00	271.00	272.00	272.00	274.00	274.00	274.00	274.00	275.00	275.00	275.00	276.00	276.00	276.00	277.00	277.00	277.00	278.00	278.00	278.00	279.00	279.00	279.00	280.00	280.00	280.00	281.00	281.00	281.00	281.00	281.00	282.00	283.00	283.00	283.00	283.00	285.00	285.00	286.00	286.00	286.00	287.00	287.00	287.00	287.00	287.00	286.00	285.00	285.00
304.00	303.00	303.00	303.00	302.00	302.00	302.00	301.00	301.00	301.00	301.00	301.00	301.00	301.00	301.00	301.00	302.00	302.00	302.00	303.00	303.00	303.00	303.00	304.00	304.00	304.00	304.00	305.00	305.00	305.00	306.00	306.00	307.00	307.00	308.00	308.00	309.00	310.00	310.00	310.00	310.00	311.00	312.00	312.00	313.00	314.00	314.00	314.00	315.00	315.00	316.00	316.00	316.00	317.00	317.00	317.00	317.00	318.00	318.00	318.00	318.00	318.00	318.00	319.00	319.00	319.00	319.00	319.00	319.00	319.00	319.00	319.00	318.00	318.00	318.00	318.00	318.00	317.00	316.00	316.00	315.00	314.00	314.00	313.00	313.00	312.00	311.00	310.00	310.00	308.00	307.00	307.00	306.00	306.00	305.00	305.00	304.00	304.00	303.00	302.00	302.00	301.00	301.00	300.00	299.00	299.00	298.00	298.00	297.00	297.00	297.00	297.00	296.00	296.00	296.00	295.00	295.00	293.00	293.00	292.00	292.00	291.00	290.00	290.00	289.00	289.00	287.00	286.00	284.00	284.00	283.00	282.00	282.00	280.00	280.00	279.00	277.00	277.00	276.00	274.00	273.00	273.00	272.00	272.00	271.00	270.00	270.00	269.00	268.00	267.00	267.00	266.00	266.00	265.00	265.00	265.00	264.00	264.00	264.00	263.00	263.00	263.00	263.00	263.00	263.00	263.00	263.00	263.00	263.00	263.00	263.00	263.00	263.00	263.00	263.00	263.00	263.00	262.00	262.00	262.00	262.00	263.00	263.00	263.00	263.00	263.00	263.00	263.00	264.00	264.00	265.00	265.00	265.00	266.00	266.00	266.00	266.00	267.00	267.00	267.00	268.00	268.00	269.00	269.00	270.00	270.00	271.00	271.00	271.00	272.00	272.00	274.00	274.00	274.00	274.00	275.00	275.00	275.00	276.00	276.00	276.00	277.00	277.00	277.00	278.00	278.00	278.00	279.00	279.00	279.00	280.00	280.00	280.00	281.00	281.00	281.00	281.00	281.00	282.00	283.00	283.00	283.00	283.00	285.00	285.00	286.00	286.00	286.00	287.00	287.00	287.00	287.00	287.00	286.00	285.00	285.00
304.00	303.00	303.00	303.00	302.00	302.00	302.00	301.00	301.00	301.00	301.00	301.00	301.00	301.00	301.00	301.00	302.00	302.00	302.00	303.00	303.00	303.00	303.00	304.00	304.00	304.00	304.00	305.00	305.00	305.00	306.00	306.00	307.00	307.00	308.00	308.00	309.00	310.00	310.00	310.00	310.00	311.00	312.00	312.00	313.00	314.00	314.00	314.00	315.00	315.00	316.00	316.00	316.00	317.00	317.00	317.00	317.00	318.00	318.00	318.00	318.00	318.00	318.00	319.00	319.00	319.00	319.00	319.00	319.00	319.00	319.00	319.00	318.00	318.00	318.00	318.00	318.00	317.00	316.00	316.00	315.00	314.00	314.00	313.00	313.00	312.00	311.00	310.00	310.00	308.00	307.00	307.00	306.00	306.00	305.00	305.00	304.00	304.00	303.00	302.00	302.00	301.00	301.00	300.00	299.00	299.00	298.00	298.00	297.00	297.00	297.00	297.00	296.00	296.00	296.00	295.00	295.00	293.00	293.00	292.00	292.00	291.00	290.00	290.00	289.00	289.00	287.00	286.00	284.00	284.00	283.00	282.00	282.00	280.00	280.00	279.00	277.00	277.00	276.00	274.00	273.00	273.00	272.00	272.00	271.00	270.00	270.00	269.00	268.00	267.00	267.00	266.00	266.00	265.00	265.00	265.00	264.00	264.00	264.00	263.00	263.00	263.00	263.00	263.00	263.00	263.00	263.00	263.00	263.00	263.00	263.00	263.00	263.00	263.00	263.00	263.00	263.00	262.00	262.00	262.00	262.00	263.00	263.00	263.00	263.00	263.00	263.00	263.00	264.00	264.00	265.00	265.00	265.00	266.00	266.00	266.00	266.00	267.00	267.00	267.00	268.00	268.00	269.00	269.00	270.00	270.00	271.00	271.00	271.00	272.00	272.00	274.00	274.00	274.00	274.00	275.00	275.00	275.00	276.00	276.00	276.00	277.00	277.00	277.00	278.00	278.00	278.00	279.00	279.00	279.00	280.00	280.00	280.00	281.00	281.00	281.00	281.00	281.00	282.00	283.00	283.00	283.00	283.00	285.00	285.00	286.00	286.00	286.00	287.00	287.00	287.00	287.00	287.00	286.00	285.00	285.00
309.00	308.00	307.00	307.00	306.00	305.00	305.00	305.00	305.00	305.00	305.00	305.00	304.00	304.00	304.00	304.00	304.00	304.00	305.00	305.00	305.00	305.00	305.00	306.00	306.00	306.00	306.00	306.00	307.00	307.00	308.00	308.00	308.00	309.00	310.00	310.00	311.00	312.00	312.00	313.00	313.00	314.00	315.00	315.00	316.00	316.00	317.00	317.00	318.00	318.00	319.00	319.00	319.00	320.00	321.00	321.00	321.00	322.00	322.00	323.00	324.00	324.00	324.00	324.00	324.00	324.00	324.00	324.00	324.00	324.00	324.00	324.00	324.00	324.00	324.00	323.00	323.00	323.00	323.00	323.00	322.00	321.00	321.00	320.00	320.00	319.00	317.00	316.00	316.00	315.00	314.00	314.00	313.00	313.00	311.00	310.00	310.00	310.00	309.00	308.00	308.00	307.00	307.00	305.00	304.00	304.00	302.00	301.00	300.00	300.00	298.00	298.00	297.00	296.00	296.00	295.00	295.00	293.00	293.00	292.00	292.00	291.00	289.00	289.00	287.00	287.00	286.00	284.00	282.00	282.00	281.00	279.00	279.00	277.00	277.00	276.00	274.00	274.00	273.00	271.00	270.00	270.00	269.00	269.00	268.00	267.00	267.00	266.00	265.00	264.00	264.00	263.00	263.00	262.00	261.00	261.00	261.00	260.00	260.00	260.00	260.00	260.00	259.00	259.00	259.00	259.00	258.00	258.00	258.00	258.00	258.00	258.00	257.00	257.00	257.00	257.00	257.00	257.00	257.00	257.00	258.00	258.00	258.00	258.00	258.00	258.00	258.00	258.00	259.00	259.00	259.00	259.00	260.00	260.00	260.00	261.00	261.00	261.00	262.00	262.00	262.00	263.00	263.00	263.00	264.00	264.00	264.00	265.00	265.00	266.00	266.00	267.00	267.00	268.00	268.00	269.00	270.00	270.00	271.00	271.00	271.00	272.00	273.00	273.00	274.00	275.00	275.00	275.00	275.00	275.00	276.00	276.00	277.00	277.00	278.00	278.00	279.00	279.00	279.00	280.00	280.00	281.00	281.00	282.00	282.00	283.00	283.00	283.00	284.00	284.00	284.00	284.00	285.00	285.00	284.00	284.00
309.00	308.00	307.00	307.00	306.00	305.00	305.00	305.00	305.00	305.00	305.00	305.00	304.00	304.00	304.00	304.00	304.00	304.00	305.00	305.00	305.00	305.00	305.00	306.00	306.00	306.00	306.00	306.00	307.00	307.00	308.00	308.00	308.00	309.00	310.00	310.00	311.00	312.00	312.00	313.00	313.00	314.00	315.00	315.00	316.00	316.00	317.00	317.00	318.00	318.00	319.00	319.00	319.00	320.00	321.00	321.00	321.00	322.00	322.00	323.00	324.00	324.00	324.00	324.00	324.00	324.00	324.00	324.00	324.00	324.00	324.00	324.00	324.00	324.00	324.00	323.00	323.00	323.00	323.00	323.00	322.00	321.00	321.00	320.00	320.00	319.00	317.00	316.00	316.00	315.00	314.00	314.00	313.00	313.00	311.00	310.00	310.00	310.00	309.00	308.00	308.00	307.00	307.00	305.00	304.00	304.00	302.00	301.00	300.00	300.00	298.00	298.00	297.00	296.00	296.00	295.00	295.00	293.00	293.00	292.00	292.00	291.00	289.00	289.00	287.00	287.00	286.00	284.00	282.00	282.00	281.00	279.00	279.00	277.00	277.00	276.00	274.00	274.00	273.00	271.00	270.00	270.00	269.00	269.00	268.00	267.00	267.00	266.00	265.00	264.00	264.00	263.00	263.00	262.00	261.00	261.00	261.00	260.00	260.00	260.00	260.00	260.00	259.00	259.00	259.00	259.00	258.00	258.00	258.00	258.00	258.00	258.00	257.00	257.00	257.00	257.00	257.00	257.00	257.00	257.00	258.00	258.00	258.00	258.00	258.00	258.00	258.00	258.00	259.00	259.00	259.00	259.00	260.00	260.00	260.00	261.00	261.00	261.00	262.00	262.00	262.00	263.00	263.00	263.00	264.00	264.00	264.00	265.00	265.00	266.00	266.00	267.00	267.00	268.00	268.00	269.00	270.00	270.00	271.00	271.00	271.00	272.00	273.00	273.00	274.00	275.00	275.00	275.00	275.00	275.00	276.00	276.00	277.00	277.00	278.00	278.00	279.00	279.00	279.00	280.00	280.00	281.00	281.00	282.00	282.00	283.00	283.00	283.00	284.00	284.00	284.00	284.00	285.00	285.00	284.00	284.00
309.00	308.00	307.00	307.00	306.00	305.00	305.00	305.00	305.00	305.00	305.00	305.00	304.00	304.00	304.00	304.00	304.00	304.00	305.00	305.00	305.00	305.00	305.00	306.00	306.00	306.00	306.00	306.00	307.00	307.00	308.00	308.00	308.00	309.00	310.00	310.00	311.00	312.00	312.00	313.00	313.00	314.00	315.00	315.00	316.00	316.00	317.00	317.00	318.00	318.00	319.00	319.00	319.00	320.00	321.00	321.00	321.00	322.00	322.00	323.00	324.00	324.00	324.00	324.00	324.00	324.00	324.00	324.00	324.00	324.00	324.00	324.00	324.00	324.00	324.00	323.00	323.00	323.00	323.00	323.00	322.00	321.00	321.00	320.00	320.00	319.00	317.00	316.00	316.00	315.00	314.00	314.00	313.00	313.00	311.00	310.00	310.00	310.00	309.00	308.00	308.00	307.00	307.00	305.00	304.00	304.00	302.00	301.00	300.00	300.00	298.00	298.00	297.00	296.00	296.00	295.00	295.00	293.00	293.00	292.00	292.00	291.00	289.00	289.00	287.00	287.00	286.00	284.00	282.00	282.00	281.00	279.00	279.00	277.00	277.00	276.00	274.00	274.00	273.00	271.00	270.00	270.00	269.00	269.00	268.00	267.00	267.00	266.00	265.00	264.00	264.00	263.00	263.00	262.00	261.00	261.00	261.00	260.00	260.00	260.00	260.00	260.00	259.00	259.00	259.00	259.00	258.00	258.00	258.00	258.00	258.00	258.00	257.00	257.00	257.00	257.00	257.00	257.00	257.00	257.00	258.00	258.00	258.00	258.00	258.00	258.00	258.00	258.00	259.00	259.00	259.00	259.00	260.00	260.00	260.00	261.00	261.00	261.00	262.00	262.00	262.00	263.00	263.00	263.00	264.00	264.00	264.00	265.00	265.00	266.00	266.00	267.00	267.00	268.00	268.00	269.00	270.00	270.00	271.00	271.00	271.00	272.00	273.00	273.00	274.00	275.00	275.00	275.00	275.00	275.00	276.00	276.00	277.00	277.00	278.00	278.00	279.00	279.00	279.00	280.00	280.00	281.00	281.00	282.00	282.00	283.00	283.00	283.00	284.00	284.00	284.00	284.00	285.00	285.00	284.00	284.00
309.00	308.00	307.00	307.00	306.00	305.00	305.00	305.00	305.00	305.00	305.00	305.00	304.00	304.00	304.00	304.00	304.00	304.00	305.00	305.00	305.00	305.00	305.00	306.00	306.00	306.00	306.00	306.00	307.00	307.00	308.00	308.00	308.00	309.00	310.00	310.00	311.00	312.00	312.00	313.00	313.00	314.00	315.00	315.00	316.00	316.00	317.00	317.00	318.00	318.00	319.00	319.00	319.00	320.00	321.00	321.00	321.00	322.00	322.00	323.00	324.00	324.00	324.00	324.00	324.00	324.00	324.00	324.00	324.00	324.00	324.00	324.00	324.00	324.00	324.00	323.00	323.00	323.00	323.00	323.00	322.00	321.00	321.00	320.00	320.00	319.00	317.00	316.00	316.00	315.00	314.00	314.00	313.00	313.00	311.00	310.00	310.00	310.00	309.00	308.00	308.00	307.00	307.00	305.00	304.00	304.00	302.00	301.00	300.00	300.00	298.00	298.00	297.00	296.00	296.00	295.00	295.00	293.00	293.00	292.00	292.00	291.00	289.00	289.00	287.00	287.00	286.00	284.00	282.00	282.00	281.00	279.00	279.00	277.00	277.00	276.00	274.00	274.00	273.00	271.00	270.00	270.00	269.00	269.00	268.00	267.00	267.00	266.00	265.00	264.00	264.00	263.00	263.00	262.00	261.00	261.00	261.00	260.00	260.00	260.00	260.00	260.00	259.00	259.00	259.00	259.00	258.00	258.00	258.00	258.00	258.00	258.00	257.00	257.00	257.00	257.00	257.00	257.00	257.00	257.00	258.00	258.00	258.00	258.00	258.00	258.00	258.00	258.00	259.00	259.00	259.00	259.00	260.00	260.00	260.00	261.00	261.00	261.00	262.00	262.00	262.00	263.00	263.00	263.00	264.00	264.00	264.00	265.00	265.00	266.00	266.00	267.00	267.00	268.00	268.00	269.00	270.00	270.00	271.00	271.00	271.00	272.00	273.00	273.00	274.00	275.00	275.00	275.00	275.00	275.00	276.00	276.00	277.00	277.00	278.00	278.00	279.00	279.00	279.00	280.00	280.00	281.00	281.00	282.00	282.00	283.00	283.00	283.00	284.00	284.00	284.00	284.00	285.00	285.00	284.00	284.00
309.00	308.00	307.00	307.00	306.00	305.00	305.00	305.00	305.00	305.00	305.00	305.00	304.00	304.00	304.00	304.00	304.00	304.00	305.00	305.00	305.00	305.00	305.00	306.00	306.00	306.00	306.00	306.00	307.00	307.00	308.00	308.00	308.00	309.00	310.00	310.00	311.00	312.00	312.00	313.00	313.00	314.00	315.00	315.00	316.00	316.00	317.00	317.00	318.00	318.00	319.00	319.00	319.00	320.00	321.00	321.00	321.00	322.00	322.00	323.00	324.00	324.00	324.00	324.00	324.00	324.00	324.00	324.00	324.00	324.00	324.00	324.00	324.00	324.00	324.00	323.00	323.00	323.00	323.00	323.00	322.00	321.00	321.00	320.00	320.00	319.00	317.00	316.00	316.00	315.00	314.00	314.00	313.00	313.00	311.00	310.00	310.00	310.00	309.00	308.00	308.00	307.00	307.00	305.00	304.00	304.00	302.00	301.00	300.00	300.00	298.00	298.00	297.00	296.00	296.00	295.00	295.00	293.00	293.00	292.00	292.00	291.00	289.00	289.00	287.00	287.00	286.00	284.00	282.00	282.00	281.00	279.00	279.00	277.00	277.00	276.00	274.00	274.00	273.00	271.00	270.00	270.00	269.00	269.00	268.00	267.00	267.00	266.00	265.00	264.00	264.00	263.00	263.00	262.00	261.00	261.00	261.00	260.00	260.00	260.00	260.00	260.00	259.00	259.00	259.00	259.00	258.00	258.00	258.00	258.00	258.00	258.00	257.00	257.00	257.00	257.00	257.00	257.00	257.00	257.00	258.00	258.00	258.00	258.00	258.00	258.00	258.00	258.00	259.00	259.00	259.00	259.00	260.00	260.00	260.00	261.00	261.00	261.00	262.00	262.00	262.00	263.00	263.00	263.00	264.00	264.00	264.00	265.00	265.00	266.00	266.00	267.00	267.00	268.00	268.00	269.00	270.00	270.00	271.00	271.00	271.00	272.00	273.00	273.00	274.00	275.00	275.00	275.00	275.00	275.00	276.00	276.00	277.00	277.00	278.00	278.00	279.00	279.00	279.00	280.00	280.00	281.00	281.00	282.00	282.00	283.00	283.00	283.00	284.00	284.00	284.00	284.00	285.00	285.00	284.00	284.00
309.00	308.00	307.00	307.00	306.00	305.00	305.00	305.00	305.00	305.00	305.00	305.00	304.00	304.00	304.00	304.00	304.00	304.00	305.00	305.00	305.00	305.00	305.00	306.00	306.00	306.00	306.00	306.00	307.00	307.00	308.00	308.00	308.00	309.00	310.00	310.00	311.00	312.00	312.00	313.00	313.00	314.00	315.00	315.00	316.00	316.00	317.00	317.00	318.00	318.00	319.00	319.00	319.00	320.00	321.00	321.00	321.00	322.00	322.00	323.00	324.00	324.00	324.00	324.00	324.00	324.00	324.00	324.00	324.00	324.00	324.00	324.00	324.00	324.00	324.00	323.00	323.00	323.00	323.00	323.00	322.00	321.00	321.00	320.00	320.00	319.00	317.00	316.00	316.00	315.00	314.00	314.00	313.00	313.00	311.00	310.00	310.00	310.00	309.00	308.00	308.00	307.00	307.00	305.00	304.00	304.00	302.00	301.00	300.00	300.00	298.00	298.00	297.00	296.00	296.00	295.00	295.00	293.00	293.00	292.00	292.00	291.00	289.00	289.00	287.00	287.00	286.00	284.00	282.00	282.00	281.00	279.00	279.00	277.00	277.00	276.00	274.00	274.00	273.00	271.00	270.00	270.00	269.00	269.00	268.00	267.00	267.00	266.00	265.00	264.00	264.00	263.00	263.00	262.00	261.00	261.00	261.00	260.00	260.00	260.00	260.00	260.00	259.00	259.00	259.00	259.00	258.00	258.00	258.00	258.00	258.00	258.00	257.00	257.00	257.00	257.00	257.00	257.00	257.00	257.00	258.00	258.00	258.00	258.00	258.00	258.00	258.00	258.00	259.00	259.00	259.00	259.00	260.00	260.00	260.00	261.00	261.00	261.00	262.00	262.00	262.00	263.00	263.00	263.00	264.00	264.00	264.00	265.00	265.00	266.00	266.00	267.00	267.00	268.00	268.00	269.00	270.00	270.00	271.00	271.00	271.00	272.00	273.00	273.00	274.00	275.00	275.00	275.00	275.00	275.00	276.00	276.00	277.00	277.00	278.00	278.00	279.00	279.00	279.00	280.00	280.00	281.00	281.00	282.00	282.00	283.00	283.00	283.00	284.00	284.00	284.00	284.00	285.00	285.00	284.00	284.00
309.00	308.00	307.00	307.00	306.00	305.00	305.00	305.00	305.00	305.00	305.00	305.00	304.00	304.00	304.00	304.00	304.00	304.00	305.00	305.00	305.00	305.00	305.00	306.00	306.00	306.00	306.00	306.00	307.00	307.00	308.00	308.00	308.00	309.00	310.00	310.00	311.00	312.00	312.00	313.00	313.00	314.00	315.00	315.00	316.00	316.00	317.00	317.00	318.00	318.00	319.00	319.00	319.00	320.00	321.00	321.00	321.00	322.00	322.00	323.00	324.00	324.00	324.00	324.00	324.00	324.00	324.00	324.00	324.00	324.00	324.00	324.00	324.00	324.00	324.00	323.00	323.00	323.00	323.00	323.00	322.00	321.00	321.00	320.00	320.00	319.00	317.00	316.00	316.00	315.00	314.00	314.00	313.00	313.00	311.00	310.00	310.00	310.00	309.00	308.00	308.00	307.00	307.00	305.00	304.00	304.00	302.00	301.00	300.00	300.00	298.00	298.00	297.00	296.00	296.00	295.00	295.00	293.00	293.00	292.00	292.00	291.00	289.00	289.00	287.00	287.00	286.00	284.00	282.00	282.00	281.00	279.00	279.00	277.00	277.00	276.00	274.00	274.00	273.00	271.00	270.00	270.00	269.00	269.00	268.00	267.00	267.00	266.00	265.00	264.00	264.00	263.00	263.00	262.00	261.00	261.00	261.00	260.00	260.00	260.00	260.00	260.00	259.00	259.00	259.00	259.00	258.00	258.00	258.00	258.00	258.00	258.00	257.00	257.00	257.00	257.00	257.00	257.00	257.00	257.00	258.00	258.00	258.00	258.00	258.00	258.00	258.00	258.00	259.00	259.00	259.00	259.00	260.00	260.00	260.00	261.00	261.00	261.00	262.00	262.00	262.00	263.00	263.00	263.00	264.00	264.00	264.00	265.00	265.00	266.00	266.00	267.00	267.00	268.00	268.00	269.00	270.00	270.00	271.00	271.00	271.00	272.00	273.00	273.00	274.00	275.00	275.00	275.00	275.00	275.00	276.00	276.00	277.00	277.00	278.00	278.00	279.00	279.00	279.00	280.00	280.00	281.00	281.00	282.00	282.00	283.00	283.00	283.00	284.00	284.00	284.00	284.00	285.00	285.00	284.00	284.00
309.00	308.00	307.00	307.00	306.00	305.00	305.00	305.00	305.00	305.00	305.00	305.00	304.00	304.00	304.00	304.00	304.00	304.00	305.00	305.00	305.00	305.00	305.00	306.00	306.00	306.00	306.00	306.00	307.00	307.00	308.00	308.00	308.00	309.00	310.00	310.00	311.00	312.00	312.00	313.00	313.00	314.00	315.00	315.00	316.00	316.00	317.00	317.00	318.00	318.00	319.00	319.00	319.00	320.00	321.00	321.00	321.00	322.00	322.00	323.00	324.00	324.00	324.00	324.00	324.00	324.00	324.00	324.00	324.00	324.00	324.00	324.00	324.00	324.00	324.00	323.00	323.00	323.00	323.00	323.00	322.00	321.00	321.00	320.00	320.00	319.00	317.00	316.00	316.00	315.00	314.00	314.00	313.00	313.00	311.00	310.00	310.00	310.00	309.00	308.00	308.00	307.00	307.00	305.00	304.00	304.00	302.00	301.00	300.00	300.00	298.00	298.00	297.00	296.00	296.00	295.00	295.00	293.00	293.00	292.00	292.00	291.00	289.00	289.00	287.00	287.00	286.00	284.00	282.00	282.00	281.00	279.00	279.00	277.00	277.00	276.00	274.00	274.00	273.00	271.00	270.00	270.00	269.00	269.00	268.00	267.00	267.00	266.00	265.00	264.00	264.00	263.00	263.00	262.00	261.00	261.00	261.00	260.00	260.00	260.00	260.00	260.00	259.00	259.00	259.00	259.00	258.00	258.00	258.00	258.00	258.00	258.00	257.00	257.00	257.00	257.00	257.00	257.00	257.00	257.00	258.00	258.00	258.00	258.00	258.00	258.00	258.00	258.00	259.00	259.00	259.00	259.00	260.00	260.00	260.00	261.00	261.00	261.00	262.00	262.00	262.00	263.00	263.00	263.00	264.00	264.00	264.00	265.00	265.00	266.00	266.00	267.00	267.00	268.00	268.00	269.00	270.00	270.00	271.00	271.00	271.00	272.00	273.00	273.00	274.00	275.00	275.00	275.00	275.00	275.00	276.00	276.00	277.00	277.00	278.00	278.00	279.00	279.00	279.00	280.00	280.00	281.00	281.00	282.00	282.00	283.00	283.00	283.00	284.00	284.00	284.00	284.00	285.00	285.00	284.00	284.00
309.00	308.00	307.00	307.00	306.00	305.00	305.00	305.00	305.00	305.00	305.00	305.00	304.00	304.00	304.00	304.00	304.00	304.00	305.00	305.00	305.00	305.00	305.00	306.00	306.00	306.00	306.00	306.00	307.00	307.00	308.00	308.00	308.00	309.00	310.00	310.00	311.00	312.00	312.00	313.00	313.00	314.00	315.00	315.00	316.00	316.00	317.00	317.00	318.00	318.00	319.00	319.00	319.00	320.00	321.00	321.00	321.00	322.00	322.00	323.00	324.00	324.00	324.00	324.00	324.00	324.00	324.00	324.00	324.00	324.00	324.00	324.00	324.00	324.00	324.00	323.00	323.00	323.00	323.00	323.00	322.00	321.00	321.00	320.00	320.00	319.00	317.00	316.00	316.00	315.00	314.00	314.00	313.00	313.00	311.00	310.00	310.00	310.00	309.00	308.00	308.00	307.00	307.00	305.00	304.00	304.00	302.00	301.00	300.00	300.00	298.00	298.00	297.00	296.00	296.00	295.00	295.00	293.00	293.00	292.00	292.00	291.00	289.00	289.00	287.00	287.00	286.00	284.00	282.00	282.00	281.00	279.00	279.00	277.00	277.00	276.00	274.00	274.00	273.00	271.00	270.00	270.00	269.00	269.00	268.00	267.00	267.00	266.00	265.00	264.00	264.00	263.00	263.00	262.00	261.00	261.00	261.00	260.00	260.00	260.00	260.00	260.00	259.00	259.00	259.00	259.00	258.00	258.00	258.00	258.00	258.00	258.00	257.00	257.00	257.00	257.00	257.00	257.00	257.00	257.00	258.00	258.00	258.00	258.00	258.00	258.00	258.00	258.00	259.00	259.00	259.00	259.00	260.00	260.00	260.00	261.00	261.00	261.00	262.00	262.00	262.00	263.00	263.00	263.00	264.00	264.00	264.00	265.00	265.00	266.00	266.00	267.00	267.00	268.00	268.00	269.00	270.00	270.00	271.00	271.00	271.00	272.00	273.00	273.00	274.00	275.00	275.00	275.00	275.00	275.00	276.00	276.00	277.00	277.00	278.00	278.00	279.00	279.00	279.00	280.00	280.00	281.00	281.00	282.00	282.00	283.00	283.00	283.00	284.00	284.00	284.00	284.00	285.00	285.00	284.00	284.00
309.00	308.00	307.00	307.00	306.00	305.00	305.00	305.00	305.00	305.00	305.00	305.00	304.00	304.00	304.00	304.00	304.00	304.00	305.00	305.00	305.00	305.00	305.00	306.00	306.00	306.00	306.00	306.00	307.00	307.00	308.00	308.00	308.00	309.00	310.00	310.00	311.00	312.00	312.00	313.00	313.00	314.00	315.00	315.00	316.00	316.00	317.00	317.00	318.00	318.00	319.00	319.00	319.00	320.00	321.00	321.00	321.00	322.00	322.00	323.00	324.00	324.00	324.00	324.00	324.00	324.00	324.00	324.00	324.00	324.00	324.00	324.00	324.00	324.00	324.00	323.00	323.00	323.00	323.00	323.00	322.00	321.00	321.00	320.00	320.00	319.00	317.00	316.00	316.00	315.00	314.00	314.00	313.00	313.00	311.00	310.00	310.00	310.00	309.00	308.00	308.00	307.00	307.00	305.00	304.00	304.00	302.00	301.00	300.00	300.00	298.00	298.00	297.00	296.00	296.00	295.00	295.00	293.00	293.00	292.00	292.00	291.00	289.00	289.00	287.00	287.00	286.00	284.00	282.00	282.00	281.00	279.00	279.00	277.00	277.00	276.00	274.00	274.00	273.00	271.00	270.00	270.00	269.00	269.00	268.00	267.00	267.00	266.00	265.00	264.00	264.00	263.00	263.00	262.00	261.00	261.00	261.00	260.00	260.00	260.00	260.00	260.00	259.00	259.00	259.00	259.00	258.00	258.00	258.00	258.00	258.00	258.00	257.00	257.00	257.00	257.00	257.00	257.00	257.00	257.00	258.00	258.00	258.00	258.00	258.00	258.00	258.00	258.00	259.00	259.00	259.00	259.00	260.00	260.00	260.00	261.00	261.00	261.00	262.00	262.00	262.00	263.00	263.00	263.00	264.00	264.00	264.00	265.00	265.00	266.00	266.00	267.00	267.00	268.00	268.00	269.00	270.00	270.00	271.00	271.00	271.00	272.00	273.00	273.00	274.00	275.00	275.00	275.00	275.00	275.00	276.00	276.00	277.00	277.00	278.00	278.00	279.00	279.00	279.00	280.00	280.00	281.00	281.00	282.00	282.00	283.00	283.00	283.00	284.00	284.00	284.00	284.00	285.00	285.00	284.00	284.00
309.00	308.00	307.00	307.00	306.00	305.00	305.00	305.00	305.00	305.00	305.00	305.00	304.00	304.00	304.00	304.00	304.00	304.00	305.00	305.00	305.00	305.00	305.00	306.00	306.00	306.00	306.00	306.00	307.00	307.00	308.00	308.00	308.00	309.00	310.00	310.00	311.00	312.00	312.00	313.00	313.00	314.00	315.00	315.00	316.00	316.00	317.00	317.00	318.00	318.00	319.00	319.00	319.00	320.00	321.00	321.00	321.00	322.00	322.00	323.00	324.00	324.00	324.00	324.00	324.00	324.00	324.00	324.00	324.00	324.00	324.00	324.00	324.00	324.00	324.00	323.00	323.00	323.00	323.00	323.00	322.00	321.00	321.00	320.00	320.00	319.00	317.00	316.00	316.00	315.00	314.00	314.00	313.00	313.00	311.00	310.00	310.00	310.00	309.00	308.00	308.00	307.00	307.00	305.00	304.00	304.00	302.00	301.00	300.00	300.00	298.00	298.00	297.00	296.00	296.00	295.00	295.00	293.00	293.00	292.00	292.00	291.00	289.00	289.00	287.00	287.00	286.00	284.00	282.00	282.00	281.00	279.00	279.00	277.00	277.00	276.00	274.00	274.00	273.00	271.00	270.00	270.00	269.00	269.00	268.00	267.00	267.00	266.00	265.00	264.00	264.00	263.00	263.00	262.00	261.00	261.00	261.00	260.00	260.00	260.00	260.00	260.00	259.00	259.00	259.00	259.00	258.00	258.00	258.00	258.00	258.00	258.00	257.00	257.00	257.00	257.00	257.00	257.00	257.00	257.00	258.00	258.00	258.00	258.00	258.00	258.00	258.00	258.00	259.00	259.00	259.00	259.00	260.00	260.00	260.00	261.00	261.00	261.00	262.00	262.00	262.00	263.00	263.00	263.00	264.00	264.00	264.00	265.00	265.00	266.00	266.00	267.00	267.00	268.00	268.00	269.00	270.00	270.00	271.00	271.00	271.00	272.00	273.00	273.00	274.00	275.00	275.00	275.00	275.00	275.00	276.00	276.00	277.00	277.00	278.00	278.00	279.00	279.00	279.00	280.00	280.00	281.00	281.00	282.00	282.00	283.00	283.00	283.00	284.00	284.00	284.00	284.00	285.00	285.00	284.00	284.00
309.00	308.00	307.00	307.00	306.00	305.00	305.00	305.00	305.00	305.00	305.00	305.00	304.00	304.00	304.00	304.00	304.00	304.00	305.00	305.00	305.00	305.00	305.00	306.00	306.00	306.00	306.00	306.00	307.00	307.00	308.00	308.00	308.00	309.00	310.00	310.00	311.00	312.00	312.00	313.00	313.00	314.00	315.00	315.00	316.00	316.00	317.00	317.00	318.00	318.00	319.00	319.00	319.00	320.00	321.00	321.00	321.00	322.00	322.00	323.00	324.00	324.00	324.00	324.00	324.00	324.00	324.00	324.00	324.00	324.00	324.00	324.00	324.00	324.00	324.00	323.00	323.00	323.00	323.00	323.00	322.00	321.00	321.00	320.00	320.00	319.00	317.00	316.00	316.00	315.00	314.00	314.00	313.00	313.00	311.00	310.00	310.00	310.00	309.00	308.00	308.00	307.00	307.00	305.00	304.00	304.00	302.00	301.00	300.00	300.00	298.00	298.00	297.00	296.00	296.00	295.00	295.00	293.00	293.00	292.00	292.00	291.00	289.00	289.00	287.00	287.00	286.00	284.00	282.00	282.00	281.00	279.00	279.00	277.00	277.00	276.00	274.00	274.00	273.00	271.00	270.00	270.00	269.00	269.00	268.00	267.00	267.00	266.00	265.00	264.00	264.00	263.00	263.00	262.00	261.00	261.00	261.00	260.00	260.00	260.00	260.00	260.00	259.00	259.00	259.00	259.00	258.00	258.00	258.00	258.00	258.00	258.00	257.00	257.00	257.00	257.00	257.00	257.00	257.00	257.00	258.00	258.00	258.00	258.00	258.00	258.00	258.00	258.00	259.00	259.00	259.00	259.00	260.00	260.00	260.00	261.00	261.00	261.00	262.00	262.00	262.00	263.00	263.00	263.00	264.00	264.00	264.00	265.00	265.00	266.00	266.00	267.00	267.00	268.00	268.00	269.00	270.00	270.00	271.00	271.00	271.00	272.00	273.00	273.00	274.00	275.00	275.00	275.00	275.00	275.00	276.00	276.00	277.00	277.00	278.00	278.00	279.00	279.00	279.00	280.00	280.00	281.00	281.00	282.00	282.00	283.00	283.00	283.00	284.00	284.00	284.00	284.00	285.00	285.00	284.00	284.00
309.00	308.00	307.00	307.00	307.00	306.00	306.00	305.00	305.00	305.00	304.00	304.00	304.00	304.00	304.00	304.00	304.00	304.00	304.00	304.00	304.00	304.00	304.00	305.00	305.00	305.00	305.00	306.00	306.00	306.00	307.00	307.00	308.00	309.00	310.00	310.00	311.00	311.00	311.00	312.00	312.00	313.00	314.00	314.00	315.00	316.00	317.00	317.00	318.00	318.00	319.00	320.00	320.00	321.00	322.00	323.00	323.00	323.00	323.00	324.00	324.00	324.00	324.00	325.00	325.00	325.00	326.00	326.00	326.00	326.00	326.00	327.00	327.00	327.00	326.00	326.00	326.00	325.00	324.00	324.00	324.00	323.00	323.00	322.00	322.00	321.00	320.00	320.00	320.00	319.00	317.00	317.00	316.00	316.00	315.00	313.00	312.00	312.00	310.00	309.00	309.00	307.00	307.00	305.00	304.00	304.00	302.00	300.00	299.00	299.00	297.00	297.00	296.00	294.00	294.00	293.00	293.00	290.00	290.00	288.00	288.00	287.00	285.00	285.00	283.00	283.00	282.00	280.00	278.00	278.00	276.00	275.00	275.00	273.00	273.00	272.00	270.00	270.00	269.00	267.00	266.00	266.00	265.00	265.00	263.00	262.00	262.00	261.00	260.00	260.00	260.00	259.00	259.00	258.00	257.00	257.00	257.00	256.00	256.00	255.00	255.00	255.00	254.00	253.00	253.00	253.00	253.00	253.00	253.00	253.00	252.00	252.00	252.00	252.00	252.00	252.00	252.00	252.00	252.00	252.00	252.00	252.00	252.00	252.00	252.00	252.00	253.00	253.00	253.00	253.00	253.00	253.00	254.00	254.00	254.00	254.00	254.00	255.00	255.00	255.00	256.00	257.00	257.00	257.00	258.00	258.00	258.00	259.00	259.00	259.00	259.00	261.00	261.00	261.00	261.00	262.00	263.00	263.00	264.00	264.00	265.00	266.00	267.00	267.00	267.00	268.00	268.00	269.00	269.00	270.00	271.00	271.00	272.00	273.00	274.00	274.00	275.00	275.00	275.00	276.00	276.00	277.00	277.00	279.00	279.00	279.00	279.00	280.00	280.00	280.00	281.00	281.00	281.00	282.00	282.00	282.00
309.00	308.00	307.00	307.00	307.00	306.00	306.00	305.00	305.00	305.00	304.00	304.00	304.00	304.00	304.00	304.00	304.00	304.00	304.00	304.00	304.00	304.00	304.00	305.00	305.00	305.00	305.00	306.00	306.00	306.00	307.00	307.00	308.00	309.00	310.00	310.00	311.00	311.00	311.00	312.00	312.00	313.00	314.00	314.00	315.00	316.00	317.00	317.00	318.00	318.00	319.00	320.00	320.00	321.00	322.00	323.00	323.00	323.00	323.00	324.00	324.00	324.00	324.00	325.00	325.00	325.00	326.00	326.00	326.00	326.00	326.00	327.00	327.00	327.00	326.00	326.00	326.00	325.00	324.00	324.00	324.00	323.00	323.00	322.00	322.00	321.00	320.00	320.00	320.00	319.00	317.00	317.00	316.00	316.00	315.00	313.00	312.00	312.00	310.00	309.00	309.00	307.00	307.00	305.00	304.00	304.00	302.00	300.00	299.00	299.00	297.00	297.00	296.00	294.00	294.00	293.00	293.00	290.00	290.00	288.00	288.00	287.00	285.00	285.00	283.00	283.00	282.00	280.00	278.00	278.00	276.00	275.00	275.00	273.00	273.00	272.00	270.00	270.00	269.00	267.00	266.00	266.00	265.00	265.00	263.00	262.00	262.00	261.00	260.00	260.00	260.00	259.00	259.00	258.00	257.00	257.00	257.00	256.00	256.00	255.00	255.00	255.00	254.00	253.00	253.00	253.00	253.00	253.00	253.00	253.00	252.00	252.00	252.00	252.00	252.00	252.00	252.00	252.00	252.00	252.00	252.00	252.00	252.00	252.00	252.00	252.00	253.00	253.00	253.00	253.00	253.00	253.00	254.00	254.00	254.00	254.00	254.00	255.00	255.00	255.00	256.00	257.00	257.00	257.00	258.00	258.00	258.00	259.00	259.00	259.00	259.00	261.00	261.00	261.00	261.00	262.00	263.00	263.00	264.00	264.00	265.00	266.00	267.00	267.00	267.00	268.00	268.00	269.00	269.00	270.00	271.00	271.00	272.00	273.00	274.00	274.00	275.00	275.00	275.00	276.00	276.00	277.00	277.00	279.00	279.00	279.00	279.00	280.00	280.00	280.00	281.00	281.00	281.00	282.00	282.00	282.00
309.00	308.00	307.00	307.00	307.00	306.00	306.00	305.00	305.00	305.00	304.00	304.00	304.00	304.00	304.00	304.00	304.00	304.00	304.00	304.00	304.00	304.00	304.00	305.00	305.00	305.00	305.00	306.00	306.00	306.00	307.00	307.00	308.00	309.00	310.00	310.00	311.00	311.00	311.00	312.00	312.00	313.00	314.00	314.00	315.00	316.00	317.00	317.00	318.00	318.00	319.00	320.00	320.00	321.00	322.00	323.00	323.00	323.00	323.00	324.00	324.00	324.00	324.00	325.00	325.00	325.00	326.00	326.00	326.00	326.00	326.00	327.00	327.00	327.00	326.00	326.00	326.00	325.00	324.00	324.00	324.00	323.00	323.00	322.00	322.00	321.00	320.00	320.00	320.00	319.00	317.00	317.00	316.00	316.00	315.00	313.00	312.00	312.00	310.00	309.00	309.00	307.00	307.00	305.00	304.00	304.00	302.00	300.00	299.00	299.00	297.00	297.00	296.00	294.00	294.00	293.00	293.00	290.00	290.00	288.00	288.00	287.00	285.00	285.00	283.00	283.00	282.00	280.00	278.00	278.00	276.00	275.00	275.00	273.00	273.00	272.00	270.00	270.00	269.00	267.00	266.00	266.00	265.00	265.00	263.00	262.00	262.00	261.00	260.00	260.00	260.00	259.00	259.00	258.00	257.00	257.00	257.00	256.00	256.00	255.00	255.00	255.00	254.00	253.00	253.00	253.00	253.00	253.00	253.00	253.00	252.00	252.00	252.00	252.00	252.00	252.00	252.00	252.00	252.00	252.00	252.00	252.00	252.00	252.00	252.00	252.00	253.00	253.00	253.00	253.00	253.00	253.00	254.00	254.00	254.00	254.00	254.00	255.00	255.00	255.00	256.00	257.00	257.00	257.00	258.00	258.00	258.00	259.00	259.00	259.00	259.00	261.00	261.00	261.00	261.00	262.00	263.00	263.00	264.00	264.00	265.00	266.00	267.00	267.00	267.00	268.00	268.00	269.00	269.00	270.00	271.00	271.00	272.00	273.00	274.00	274.00	275.00	275.00	275.00	276.00	276.00	277.00	277.00	279.00	279.00	279.00	279.00	280.00	280.00	280.00	281.00	281.00	281.00	282.00	282.00	282.00
309.00	308.00	307.00	307.00	307.00	306.00	306.00	305.00	305.00	305.00	304.00	304.00	304.00	304.00	304.00	304.00	304.00	304.00	304.00	304.00	304.00	304.00	304.00	305.00	305.00	305.00	305.00	306.00	306.00	306.00	307.00	307.00	308.00	309.00	310.00	310.00	311.00	311.00	311.00	312.00	312.00	313.00	314.00	314.00	315.00	316.00	317.00	317.00	318.00	318.00	319.00	320.00	320.00	321.00	322.00	323.00	323.00	323.00	323.00	324.00	324.00	324.00	324.00	325.00	325.00	325.00	326.00	326.00	326.00	326.00	326.00	327.00	327.00	327.00	326.00	326.00	326.00	325.00	324.00	324.00	324.00	323.00	323.00	322.00	322.00	321.00	320.00	320.00	320.00	319.00	317.00	317.00	316.00	316.00	315.00	313.00	312.00	312.00	310.00	309.00	309.00	307.00	307.00	305.00	304.00	304.00	302.00	300.00	299.00	299.00	297.00	297.00	296.00	294.00	294.00	293.00	293.00	290.00	290.00	288.00	288.00	287.00	285.00	285.00	283.00	283.00	282.00	280.00	278.00	278.00	276.00	275.00	275.00	273.00	273.00	272.00	270.00	270.00	269.00	267.00	266.00	266.00	265.00	265.00	263.00	262.00	262.00	261.00	260.00	260.00	260.00	259.00	259.00	258.00	257.00	257.00	257.00	256.00	256.00	255.00	255.00	255.00	254.00	253.00	253.00	253.00	253.00	253.00	253.00	253.00	252.00	252.00	252.00	252.00	252.00	252.00	252.00	252.00	252.00	252.00	252.00	252.00	252.00	252.00	252.00	252.00	253.00	253.00	253.00	253.00	253.00	253.00	254.00	254.00	254.00	254.00	254.00	255.00	255.00	255.00	256.00	257.00	257.00	257.00	258.00	258.00	258.00	259.00	259.00	259.00	259.00	261.00	261.00	261.00	261.00	262.00	263.00	263.00	264.00	264.00	265.00	266.00	267.00	267.00	267.00	268.00	268.00	269.00	269.00	270.00	271.00	271.00	272.00	273.00	274.00	274.00	275.00	275.00	275.00	276.00	276.00	277.00	277.00	279.00	279.00	279.00	279.00	280.00	280.00	280.00	281.00	281.00	281.00	282.00	282.00	282.00
309.00	308.00	307.00	307.00	307.00	306.00	306.00	305.00	305.00	305.00	304.00	304.00	304.00	304.00	304.00	304.00	304.00	304.00	304.00	304.00	304.00	304.00	304.00	305.00	305.00	305.00	305.00	306.00	306.00	306.00	307.00	307.00	308.00	309.00	310.00	310.00	311.00	311.00	311.00	312.00	312.00	313.00	314.00	314.00	315.00	316.00	317.00	317.00	318.00	318.00	319.00	320.00	320.00	321.00	322.00	323.00	323.00	323.00	323.00	324.00	324.00	324.00	324.00	325.00	325.00	325.00	326.00	326.00	326.00	326.00	326.00	327.00	327.00	327.00	326.00	326.00	326.00	325.00	324.00	324.00	324.00	323.00	323.00	322.00	322.00	321.00	320.00	320.00	320.00	319.00	317.00	317.00	316.00	316.00	315.00	313.00	312.00	312.00	310.00	309.00	309.00	307.00	307.00	305.00	304.00	304.00	302.00	300.00	299.00	299.00	297.00	297.00	296.00	294.00	294.00	293.00	293.00	290.00	290.00	288.00	288.00	287.00	285.00	285.00	283.00	283.00	282.00	280.00	278.00	278.00	276.00	275.00	275.00	273.00	273.00	272.00	270.00	270.00	269.00	267.00	266.00	266.00	265.00	265.00	263.00	262.00	262.00	261.00	260.00	260.00	260.00	259.00	259.00	258.00	257.00	257.00	257.00	256.00	256.00	255.00	255.00	255.00	254.00	253.00	253.00	253.00	253.00	253.00	253.00	253.00	252.00	252.00	252.00	252.00	252.00	252.00	252.00	252.00	252.00	252.00	252.00	252.00	252.00	252.00	252.00	252.00	253.00	253.00	253.00	253.00	253.00	253.00	254.00	254.00	254.00	254.00	254.00	255.00	255.00	255.00	256.00	257.00	257.00	257.00	258.00	258.00	258.00	259.00	259.00	259.00	259.00	261.00	261.00	261.00	261.00	262.00	263.00	263.00	264.00	264.00	265.00	266.00	267.00	267.00	267.00	268.00	268.00	269.00	269.00	270.00	271.00	271.00	272.00	273.00	274.00	274.00	275.00	275.00	275.00	276.00	276.00	277.00	277.00	279.00	279.00	279.00	279.00	280.00	280.00	280.00	281.00	281.00	281.00	282.00	282.00	282.00
309.00	308.00	307.00	307.00	307.00	306.00	306.00	305.00	305.00	305.00	304.00	304.00	304.00	304.00	304.00	304.00	304.00	304.00	304.00	304.00	304.00	304.00	304.00	305.00	305.00	305.00	305.00	306.00	306.00	306.00	307.00	307.00	308.00	309.00	310.00	310.00	311.00	311.00	311.00	312.00	312.00	313.00	314.00	314.00	315.00	316.00	317.00	317.00	318.00	318.00	319.00	320.00	320.00	321.00	322.00	323.00	323.00	323.00	323.00	324.00	324.00	324.00	324.00	325.00	325.00	325.00	326.00	326.00	326.00	326.00	326.00	327.00	327.00	327.00	326.00	326.00	326.00	325.00	324.00	324.00	324.00	323.00	323.00	322.00	322.00	321.00	320.00	320.00	320.00	319.00	317.00	317.00	316.00	316.00	315.00	313.00	312.00	312.00	310.00	309.00	309.00	307.00	307.00	305.00	304.00	304.00	302.00	300.00	299.00	299.00	297.00	297.00	296.00	294.00	294.00	293.00	293.00	290.00	290.00	288.00	288.00	287.00	285.00	285.00	283.00	283.00	282.00	280.00	278.00	278.00	276.00	275.00	275.00	273.00	273.00	272.00	270.00	270.00	269.00	267.00	266.00	266.00	265.00	265.00	263.00	262.00	262.00	261.00	260.00	260.00	260.00	259.00	259.00	258.00	257.00	257.00	257.00	256.00	256.00	255.00	255.00	255.00	254.00	253.00	253.00	253.00	253.00	253.00	253.00	253.00	252.00	252.00	252.00	252.00	252.00	252.00	252.00	252.00	252.00	252.00	252.00	252.00	252.00	252.00	252.00	252.00	253.00	253.00	253.00	253.00	253.00	253.00	254.00	254.00	254.00	254.00	254.00	255.00	255.00	255.00	256.00	257.00	257.00	257.00	258.00	258.00	258.00	259.00	259.00	259.00	259.00	261.00	261.00	261.00	261.00	262.00	263.00	263.00	264.00	264.00	265.00	266.00	267.00	267.00	267.00	268.00	268.00	269.00	269.00	270.00	271.00	271.00	272.00	273.00	274.00	274.00	275.00	275.00	275.00	276.00	276.00	277.00	277.00	279.00	279.00	279.00	279.00	280.00	280.00	280.00	281.00	281.00	281.00	282.00	282.00	282.00
309.00	308.00	307.00	307.00	307.00	306.00	306.00	305.00	305.00	305.00	304.00	304.00	304.00	304.00	304.00	304.00	304.00	304.00	304.00	304.00	304.00	304.00	304.00	305.00	305.00	305.00	305.00	306.00	306.00	306.00	307.00	307.00	308.00	309.00	310.00	310.00	311.00	311.00	311.00	312.00	312.00	313.00	314.00	314.00	315.00	316.00	317.00	317.00	318.00	318.00	319.00	320.00	320.00	321.00	322.00	323.00	323.00	323.00	323.00	324.00	324.00	324.00	324.00	325.00	325.00	325.00	326.00	326.00	326.00	326.00	326.00	327.00	327.00	327.00	326.00	326.00	326.00	325.00	324.00	324.00	324.00	323.00	323.00	322.00	322.00	321.00	320.00	320.00	320.00	319.00	317.00	317.00	316.00	316.00	315.00	313.00	312.00	312.00	310.00	309.00	309.00	307.00	307.00	305.00	304.00	304.00	302.00	300.00	299.00	299.00	297.00	297.00	296.00	294.00	294.00	293.00	293.00	290.00	290.00	288.00	288.00	287.00	285.00	285.00	283.00	283.00	282.00	280.00	278.00	278.00	276.00	275.00	275.00	273.00	273.00	272.00	270.00	270.00	269.00	267.00	266.00	266.00	265.00	265.00	263.00	262.00	262.00	261.00	260.00	260.00	260.00	259.00	259.00	258.00	257.00	257.00	257.00	256.00	256.00	255.00	255.00	255.00	254.00	253.00	253.00	253.00	253.00	253.00	253.00	253.00	252.00	252.00	252.00	252.00	252.00	252.00	252.00	252.00	252.00	252.00	252.00	252.00	252.00	252.00	252.00	252.00	253.00	253.00	253.00	253.00	253.00	253.00	254.00	254.00	254.00	254.00	254.00	255.00	255.00	255.00	256.00	257.00	257.00	257.00	258.00	258.00	258.00	259.00	259.00	259.00	259.00	261.00	261.00	261.00	261.00	262.00	263.00	263.00	264.00	264.00	265.00	266.00	267.00	267.00	267.00	268.00	268.00	269.00	269.00	270.00	271.00	271.00	272.00	273.00	274.00	274.00	275.00	275.00	275.00	276.00	276.00	277.00	277.00	279.00	279.00	279.00	279.00	280.00	280.00	280.00	281.00	281.00	281.00	282.00	282.00	282.00
309.00	308.00	307.00	307.00	307.00	306.00	306.00	305.00	305.00	305.00	304.00	304.00	304.00	304.00	304.00	304.00	304.00	304.00	304.00	304.00	304.00	304.00	304.00	305.00	305.00	305.00	305.00	306.00	306.00	306.00	307.00	307.00	308.00	309.00	310.00	310.00	311.00	311.00	311.00	312.00	312.00	313.00	314.00	314.00	315.00	316.00	317.00	317.00	318.00	318.00	319.00	320.00	320.00	321.00	322.00	323.00	323.00	323.00	323.00	324.00	324.00	324.00	324.00	325.00	325.00	325.00	326.00	326.00	326.00	326.00	326.00	327.00	327.00	327.00	326.00	326.00	326.00	325.00	324.00	324.00	324.00	323.00	323.00	322.00	322.00	321.00	320.00	320.00	320.00	319.00	317.00	317.00	316.00	316.00	315.00	313.00	312.00	312.00	310.00	309.00	309.00	307.00	307.00	305.00	304.00	304.00	302.00	300.00	299.00	299.00	297.00	297.00	296.00	294.00	294.00	293.00	293.00	290.00	290.00	288.00	288.00	287.00	285.00	285.00	283.00	283.00	282.00	280.00	278.00	278.00	276.00	275.00	275.00	273.00	273.00	272.00	270.00	270.00	269.00	267.00	266.00	266.00	265.00	265.00	263.00	262.00	262.00	261.00	260.00	260.00	260.00	259.00	259.00	258.00	257.00	257.00	257.00	256.00	256.00	255.00	255.00	255.00	254.00	253.00	253.00	253.00	253.00	253.00	253.00	253.00	252.00	252.00	252.00	252.00	252.00	252.00	252.00	252.00	252.00	252.00	252.00	252.00	252.00	252.00	252.00	252.00	253.00	253.00	253.00	253.00	253.00	253.00	254.00	254.00	254.00	254.00	254.00	255.00	255.00	255.00	256.00	257.00	257.00	257.00	258.00	258.00	258.00	259.00	259.00	259.00	259.00	261.00	261.00	261.00	261.00	262.00	263.00	263.00	264.00	264.00	265.00	266.00	267.00	267.00	267.00	268.00	268.00	269.00	269.00	270.00	271.00	271.00	272.00	273.00	274.00	274.00	275.00	275.00	275.00	276.00	276.00	277.00	277.00	279.00	279.00	279.00	279.00	280.00	280.00	280.00	281.00	281.00	281.00	282.00	282.00	282.00
309.00	308.00	307.00	307.00	307.00	306.00	306.00	305.00	305.00	305.00	304.00	304.00	304.00	304.00	304.00	304.00	304.00	304.00	304.00	304.00	304.00	304.00	304.00	305.00	305.00	305.00	305.00	306.00	306.00	306.00	307.00	307.00	308.00	309.00	310.00	310.00	311.00	311.00	311.00	312.00	312.00	313.00	314.00	314.00	315.00	316.00	317.00	317.00	318.00	318.00	319.00	320.00	320.00	321.00	322.00	323.00	323.00	323.00	323.00	324.00	324.00	324.00	324.00	325.00	325.00	325.00	326.00	326.00	326.00	326.00	326.00	327.00	327.00	327.00	326.00	326.00	326.00	325.00	324.00	324.00	324.00	323.00	323.00	322.00	322.00	321.00	320.00	320.00	320.00	319.00	317.00	317.00	316.00	316.00	315.00	313.00	312.00	312.00	310.00	309.00	309.00	307.00	307.00	305.00	304.00	304.00	302.00	300.00	299.00	299.00	297.00	297.00	296.00	294.00	294.00	293.00	293.00	290.00	290.00	288.00	288.00	287.00	285.00	285.00	283.00	283.00	282.00	280.00	278.00	278.00	276.00	275.00	275.00	273.00	273.00	272.00	270.00	270.00	269.00	267.00	266.00	266.00	265.00	265.00	263.00	262.00	262.00	261.00	260.00	260.00	260.00	259.00	259.00	258.00	257.00	257.00	257.00	256.00	256.00	255.00	255.00	255.00	254.00	253.00	253.00	253.00	253.00	253.00	253.00	253.00	252.00	252.00	252.00	252.00	252.00	252.00	252.00	252.00	252.00	252.00	252.00	252.00	252.00	252.00	252.00	252.00	253.00	253.00	253.00	253.00	253.00	253.00	254.00	254.00	254.00	254.00	254.00	255.00	255.00	255.00	256.00	257.00	257.00	257.00	258.00	258.00	258.00	259.00	259.00	259.00	259.00	261.00	261.00	261.00	261.00	262.00	263.00	263.00	264.00	264.00	265.00	266.00	267.00	267.00	267.00	268.00	268.00	269.00	269.00	270.00	271.00	271.00	272.00	273.00	274.00	274.00	275.00	275.00	275.00	276.00	276.00	277.00	277.00	279.00	279.00	279.00	279.00	280.00	280.00	280.00	281.00	281.00	281.00	282.00	282.00	282.00
309.00	308.00	307.00	307.00	307.00	306.00	306.00	305.00	305.00	305.00	304.00	304.00	304.00	304.00	304.00	304.00	304.00	304.00	304.00	304.00	304.00	304.00	304.00	305.00	305.00	305.00	305.00	306.00	306.00	306.00	307.00	307.00	308.00	309.00	310.00	310.00	311.00	311.00	311.00	312.00	312.00	313.00	314.00	314.00	315.00	316.00	317.00	317.00	318.00	318.00	319.00	320.00	320.00	321.00	322.00	323.00	323.00	323.00	323.00	324.00	324.00	324.00	324.00	325.00	325.00	325.00	326.00	326.00	326.00	326.00	326.00	327.00	327.00	327.00	326.00	326.00	326.00	325.00	324.00	324.00	324.00	323.00	323.00	322.00	322.00	321.00	320.00	320.00	320.00	319.00	317.00	317.00	316.00	316.00	315.00	313.00	312.00	312.00	310.00	309.00	309.00	307.00	307.00	305.00	304.00	304.00	302.00	300.00	299.00	299.00	297.00	297.00	296.00	294.00	294.00	293.00	293.00	290.00	290.00	288.00	288.00	287.00	285.00	285.00	283.00	283.00	282.00	280.00	278.00	278.00	276.00	275.00	275.00	273.00	273.00	272.00	270.00	270.00	269.00	267.00	266.00	266.00	265.00	265.00	263.00	262.00	262.00	261.00	260.00	260.00	260.00	259.00	259.00	258.00	257.00	257.00	257.00	256.00	256.00	255.00	255.00	255.00	254.00	253.00	253.00	253.00	253.00	253.00	253.00	253.00	252.00	252.00	252.00	252.00	252.00	252.00	252.00	252.00	252.00	252.00	252.00	252.00	252.00	252.00	252.00	252.00	253.00	253.00	253.00	253.00	253.00	253.00	254.00	254.00	254.00	254.00	254.00	255.00	255.00	255.00	256.00	257.00	257.00	257.00	258.00	258.00	258.00	259.00	259.00	259.00	259.00	261.00	261.00	261.00	261.00	262.00	263.00	263.00	264.00	264.00	265.00	266.00	267.00	267.00	267.00	268.00	268.00	269.00	269.00	270.00	271.00	271.00	272.00	273.00	274.00	274.00	275.00	275.00	275.00	276.00	276.00	277.00	277.00	279.00	279.00	279.00	279.00	280.00	280.00	280.00	281.00	281.00	281.00	282.00	282.00	282.00
309.00	308.00	307.00	307.00	307.00	306.00	306.00	305.00	305.00	305.00	304.00	304.00	304.00	304.00	304.00	304.00	304.00	304.00	304.00	304.00	304.00	304.00	304.00	305.00	305.00	305.00	305.00	306.00	306.00	306.00	307.00	307.00	308.00	309.00	310.00	310.00	311.00	311.00	311.00	312.00	312.00	313.00	314.00	314.00	315.00	316.00	317.00	317.00	318.00	318.00	319.00	320.00	320.00	321.00	322.00	323.00	323.00	323.00	323.00	324.00	324.00	324.00	324.00	325.00	325.00	325.00	326.00	326.00	326.00	326.00	326.00	327.00	327.00	327.00	326.00	326.00	326.00	325.00	324.00	324.00	324.00	323.00	323.00	322.00	322.00	321.00	320.00	320.00	320.00	319.00	317.00	317.00	316.00	316.00	315.00	313.00	312.00	312.00	310.00	309.00	309.00	307.00	307.00	305.00	304.00	304.00	302.00	300.00	299.00	299.00	297.00	297.00	296.00	294.00	294.00	293.00	293.00	290.00	290.00	288.00	288.00	287.00	285.00	285.00	283.00	283.00	282.00	280.00	278.00	278.00	276.00	275.00	275.00	273.00	273.00	272.00	270.00	270.00	269.00	267.00	266.00	266.00	265.00	265.00	263.00	262.00	262.00	261.00	260.00	260.00	260.00	259.00	259.00	258.00	257.00	257.00	257.00	256.00	256.00	255.00	255.00	255.00	254.00	253.00	253.00	253.00	253.00	253.00	253.00	253.00	252.00	252.00	252.00	252.00	252.00	252.00	252.00	252.00	252.00	252.00	252.00	252.00	252.00	252.00	252.00	252.00	253.00	253.00	253.00	253.00	253.00	253.00	254.00	254.00	254.00	254.00	254.00	255.00	255.00	255.00	256.00	257.00	257.00	257.00	258.00	258.00	258.00	259.00	259.00	259.00	259.00	261.00	261.00	261.00	261.00	262.00	263.00	263.00	264.00	264.00	265.00	266.00	267.00	267.00	267.00	268.00	268.00	269.00	269.00	270.00	271.00	271.00	272.00	273.00	274.00	274.00	275.00	275.00	275.00	276.00	276.00	277.00	277.00	279.00	279.00	279.00	279.00	280.00	280.00	280.00	281.00	281.00	281.00	282.00	282.00	282.00
309.00	308.00	307.00	307.00	307.00	306.00	306.00	305.00	305.00	305.00	304.00	304.00	304.00	304.00	304.00	304.00	304.00	304.00	304.00	304.00	304.00	304.00	304.00	305.00	305.00	305.00	305.00	306.00	306.00	306.00	307.00	307.00	308.00	309.00	310.00	310.00	311.00	311.00	311.00	312.00	312.00	313.00	314.00	314.00	315.00	316.00	317.00	317.00	318.00	318.00	319.00	320.00	320.00	321.00	322.00	323.00	323.00	323.00	323.00	324.00	324.00	324.00	324.00	325.00	325.00	325.00	326.00	326.00	326.00	326.00	326.00	327.00	327.00	327.00	326.00	326.00	326.00	325.00	324.00	324.00	324.00	323.00	323.00	322.00	322.00	321.00	320.00	320.00	320.00	319.00	317.00	317.00	316.00	316.00	315.00	313.00	312.00	312.00	310.00	309.00	309.00	307.00	307.00	305.00	304.00	304.00	302.00	300.00	299.00	299.00	297.00	297.00	296.00	294.00	294.00	293.00	293.00	290.00	290.00	288.00	288.00	287.00	285.00	285.00	283.00	283.00	282.00	280.00	278.00	278.00	276.00	275.00	275.00	273.00	273.00	272.00	270.00	270.00	269.00	267.00	266.00	266.00	265.00	265.00	263.00	262.00	262.00	261.00	260.00	260.00	260.00	259.00	259.00	258.00	257.00	257.00	257.00	256.00	256.00	255.00	255.00	255.00	254.00	253.00	253.00	253.00	253.00	253.00	253.00	253.00	252.00	252.00	252.00	252.00	252.00	252.00	252.00	252.00	252.00	252.00	252.00	252.00	252.00	252.00	252.00	252.00	253.00	253.00	253.00	253.00	253.00	253.00	254.00	254.00	254.00	254.00	254.00	255.00	255.00	255.00	256.00	257.00	257.00	257.00	258.00	258.00	258.00	259.00	259.00	259.00	259.00	261.00	261.00	261.00	261.00	262.00	263.00	263.00	264.00	264.00	265.00	266.00	267.00	267.00	267.00	268.00	268.00	269.00	269.00	270.00	271.00	271.00	272.00	273.00	274.00	274.00	275.00	275.00	275.00	276.00	276.00	277.00	277.00	279.00	279.00	279.00	279.00	280.00	280.00	280.00	281.00	281.00	281.00	282.00	282.00	282.00
307.00	306.00	305.00	305.00	304.00	303.00	303.00	301.00	301.00	300.00	300.00	300.00	299.00	299.00	298.00	298.00	298.00	298.00	298.00	298.00	298.00	299.00	299.00	300.00	300.00	300.00	300.00	301.00	302.00	302.00	302.00	302.00	303.00	304.00	305.00	305.00	306.00	307.00	307.00	308.00	308.00	309.00	311.00	311.00	312.00	313.00	314.00	314.00	315.00	315.00	316.00	316.00	316.00	317.00	318.00	319.00	319.00	320.00	320.00	321.00	321.00	321.00	322.00	322.00	323.00	323.00	323.00	323.00	323.00	323.00	323.00	324.00	324.00	324.00	324.00	324.00	324.00	324.00	323.00	323.00	323.00	322.00	322.00	321.00	321.00	320.00	319.00	318.00	318.00	317.00	316.00	316.00	314.00	314.00	313.00	312.00	311.00	311.00	310.00	308.00	308.00	307.00	307.00	305.00	303.00	303.00	301.00	299.00	297.00	297.00	295.00	295.00	293.00	291.00	291.00	290.00	290.00	286.00	286.00	284.00	284.00	283.00	281.00	281.00	279.00	279.00	277.00	275.00	274.00	274.00	272.00	270.00	270.00	268.00	268.00	267.00	266.00	266.00	264.00	263.00	262.00	262.00	261.00	261.00	260.00	259.00	259.00	258.00	257.00	256.00	256.00	255.00	255.00	254.00	253.00	253.00	252.00	251.00	251.00	250.00	250.00	250.00	249.00	248.00	248.00	248.00	247.00	247.00	247.00	247.00	247.00	246.00	246.00	246.00	246.00	246.00	246.00	246.00	246.00	246.00	246.00	246.00	246.00	246.00	246.00	246.00	246.00	246.00	246.00	245.00	245.00	245.00	245.00	246.00	246.00	246.00	246.00	247.00	248.00	248.00	248.00	249.00	250.00	250.00	250.00	250.00	251.00	252.00	252.00	253.00	253.00	255.00	255.00	256.00	256.00	257.00	258.00	258.00	259.00	259.00	260.00	261.00	262.00	262.00	263.00	264.00	264.00	265.00	265.00	266.00	267.00	267.00	269.00	270.00	271.00	271.00	272.00	272.00	273.00	274.00	274.00	275.00	275.00	277.00	277.00	278.00	278.00	279.00	280.00	280.00	280.00	280.00	281.00	281.00	282.00	282.00
307.00	306.00	305.00	305.00	304.00	303.00	303.00	301.00	301.00	300.00	300.00	300.00	299.00	299.00	298.00	298.00	298.00	298.00	298.00	298.00	298.00	299.00	299.00	300.00	300.00	300.00	300.00	301.00	302.00	302.00	302.00	302.00	303.00	304.00	305.00	305.00	306.00	307.00	307.00	308.00	308.00	309.00	311.00	311.00	312.00	313.00	314.00	314.00	315.00	315.00	316.00	316.00	316.00	317.00	318.00	319.00	319.00	320.00	320.00	321.00	321.00	321.00	322.00	322.00	323.00	323.00	323.00	323.00	323.00	323.00	323.00	324.00	324.00	324.00	324.00	324.00	324.00	324.00	323.00	323.00	323.00	322.00	322.00	321.00	321.00	320.00	319.00	318.00	318.00	317.00	316.00	316.00	314.00	314.00	313.00	312.00	311.00	311.00	310.00	308.00	308.00	307.00	307.00	305.00	303.00	303.00	301.00	299.00	297.00	297.00	295.00	295.00	293.00	291.00	291.00	290.00	290.00	286.00	286.00	284.00	284.00	283.00	281.00	281.00	279.00	279.00	277.00	275.00	274.00	274.00	272.00	270.00	270.00	268.00	268.00	267.00	266.00	266.00	264.00	263.00	262.00	262.00	261.00	261.00	260.00	259.00	259.00	258.00	257.00	256.00	256.00	255.00	255.00	254.00	253.00	253.00	252.00	251.00	251.00	250.00	250.00	250.00	249.00	248.00	248.00	248.00	247.00	247.00	247.00	247.00	247.00	246.00	246.00	246.00	246.00	246.00	246.00	246.00	246.00	246.00	246.00	246.00	246.00	246.00	246.00	246.00	246.00	246.00	246.00	245.00	245.00	245.00	245.00	246.00	246.00	246.00	246.00	247.00	248.00	248.00	248.00	249.00	250.00	250.00	250.00	250.00	251.00	252.00	252.00	253.00	253.00	255.00	255.00	256.00	256.00	257.00	258.00	258.00	259.00	259.00	260.00	261.00	262.00	262.00	263.00	264.00	264.00	265.00	265.00	266.00	267.00	267.00	269.00	270.00	271.00	271.00	272.00	272.00	273.00	274.00	274.00	275.00	275.00	277.00	277.00	278.00	278.00	279.00	280.00	280.00	280.00	280.00	281.00	281.00	282.00	282.00
307.00	306.00	305.00	305.00	304.00	303.00	303.00	301.00	301.00	300.00	300.00	300.00	299.00	299.00	298.00	298.00	298.00	298.00	298.00	298.00	298.00	299.00	299.00	300.00	300.00	300.00	300.00	301.00	302.00	302.00	302.00	302.00	303.00	304.00	305.00	305.00	306.00	307.00	307.00	308.00	308.00	309.00	311.00	311.00	312.00	313.00	314.00	314.00	315.00	315.00	316.00	316.00	316.00	317.00	318.00	319.00	319.00	320.00	320.00	321.00	321.00	321.00	322.00	322.00	323.00	323.00	323.00	323.00	323.00	323.00	323.00	324.00	324.00	324.00	324.00	324.00	324.00	324.00	323.00	323.00	323.00	322.00	322.00	321.00	321.00	320.00	319.00	318.00	318.00	317.00	316.00	316.00	314.00	314.00	313.00	312.00	311.00	311.00	310.00	308.00	308.00	307.00	307.00	305.00	303.00	303.00	301.00	299.00	297.00	297.00	295.00	295.00	293.00	291.00	291.00	290.00	290.00	286.00	286.00	284.00	284.00	283.00	281.00	281.00	279.00	279.00	277.00	275.00	274.00	274.00	272.00	270.00	270.00	268.00	268.00	267.00	266.00	266.00	264.00	263.00	262.00	262.00	261.00	261.00	260.00	259.00	259.00	258.00	257.00	256.00	256.00	255.00	255.00	254.00	253.00	253.00	252.00	251.00	251.00	250.00	250.00	250.00	249.00	248.00	248.00	248.00	247.00	247.00	247.00	247.00	247.00	246.00	246.00	246.00	246.00	246.00	246.00	246.00	246.00	246.00	246.00	246.00	246.00	246.00	246.00	246.00	246.00	246.00	246.00	245.00	245.00	245.00	245.00	246.00	246.00	246.00	246.00	247.00	248.00	248.00	248.00	249.00	250.00	250.00	250.00	250.00	251.00	252.00	252.00	253.00	253.00	255.00	255.00	256.00	256.00	257.00	258.00	258.00	259.00	259.00	260.00	261.00	262.00	262.00	263.00	264.00	264.00	265.00	265.00	266.00	267.00	267.00	269.00	270.00	271.00	271.00	272.00	272.00	273.00	274.00	274.00	275.00	275.00	277.00	277.00	278.00	278.00	279.00	280.00	280.00	280.00	280.00	281.00	281.00	282.00	282.00
307.00	306.00	305.00	305.00	304.00	303.00	303.00	301.00	301.00	300.00	300.00	300.00	299.00	299.00	298.00	298.00	298.00	298.00	298.00	298.00	298.00	299.00	299.00	300.00	300.00	300.00	300.00	301.00	302.00	302.00	302.00	302.00	303.00	304.00	305.00	305.00	306.00	307.00	307.00	308.00	308.00	309.00	311.00	311.00	312.00	313.00	314.00	314.00	315.00	315.00	316.00	316.00	316.00	317.00	318.00	319.00	319.00	320.00	320.00	321.00	321.00	321.00	322.00	322.00	323.00	323.00	323.00	323.00	323.00	323.00	323.00	324.00	324.00	324.00	324.00	324.00	324.00	324.00	323.00	323.00	323.00	322.00	322.00	321.00	321.00	320.00	319.00	318.00	318.00	317.00	316.00	316.00	314.00	314.00	313.00	312.00	311.00	311.00	310.00	308.00	308.00	307.00	307.00	305.00	303.00	303.00	301.00	299.00	297.00	297.00	295.00	295.00	293.00	291.00	291.00	290.00	290.00	286.00	286.00	284.00	284.00	283.00	281.00	281.00	279.00	279.00	277.00	275.00	274.00	274.00	272.00	270.00	270.00	268.00	268.00	267.00	266.00	266.00	264.00	263.00	262.00	262.00	261.00	261.00	260.00	259.00	259.00	258.00	257.00	256.00	256.00	255.00	255.00	254.00	253.00	253.00	252.00	251.00	251.00	250.00	250.00	250.00	249.00	248.00	248.00	248.00	247.00	247.00	247.00	247.00	247.00	246.00	246.00	246.00	246.00	246.00	246.00	246.00	246.00	246.00	246.00	246.00	246.00	246.00	246.00	246.00	246.00	246.00	246.00	245.00	245.00	245.00	245.00	246.00	246.00	246.00	246.00	247.00	248.00	248.00	248.00	249.00	250.00	250.00	250.00	250.00	251.00	252.00	252.00	253.00	253.00	255.00	255.00	256.00	256.00	257.00	258.00	258.00	259.00	259.00	260.00	261.00	262.00	262.00	263.00	264.00	264.00	265.00	265.00	266.00	267.00	267.00	269.00	270.00	271.00	271.00	272.00	272.00	273.00	274.00	274.00	275.00	275.00	277.00	277.00	278.00	278.00	279.00	280.00	280.00	280.00	280.00	281.00	281.00	282.00	282.00
307.00	306.00	305.00	305.00	304.00	303.00	303.00	301.00	301.00	300.00	300.00	300.00	299.00	299.00	298.00	298.00	298.00	298.00	298.00	298.00	298.00	299.00	299.00	300.00	300.00	300.00	300.00	301.00	302.00	302.00	302.00	302.00	303.00	304.00	305.00	305.00	306.00	307.00	307.00	308.00	308.00	309.00	311.00	311.00	312.00	313.00	314.00	314.00	315.00	315.00	316.00	316.00	316.00	317.00	318.00	319.00	319.00	320.00	320.00	321.00	321.00	321.00	322.00	322.00	323.00	323.00	323.00	323.00	323.00	323.00	323.00	324.00	324.00	324.00	324.00	324.00	324.00	324.00	323.00	323.00	323.00	322.00	322.00	321.00	321.00	320.00	319.00	318.00	318.00	317.00	316.00	316.00	314.00	314.00	313.00	312.00	311.00	311.00	310.00	308.00	308.00	307.00	307.00	305.00	303.00	303.00	301.00	299.00	297.00	297.00	295.00	295.00	293.00	291.00	291.00	290.00	290.00	286.00	286.00	284.00	284.00	283.00	281.00	281.00	279.00	279.00	277.00	275.00	274.00	274.00	272.00	270.00	270.00	268.00	268.00	267.00	266.00	266.00	264.00	263.00	262.00	262.00	261.00	261.00	260.00	259.00	259.00	258.00	257.00	256.00	256.00	255.00	255.00	254.00	253.00	253.00	252.00	251.00	251.00	250.00	250.00	250.00	249.00	248.00	248.00	248.00	247.00	247.00	247.00	247.00	247.00	246.00	246.00	246.00	246.00	246.00	246.00	246.00	246.00	246.00	246.00	246.00	246.00	246.00	246.00	246.00	246.00	246.00	246.00	245.00	245.00	245.00	245.00	246.00	246.00	246.00	246.00	247.00	248.00	248.00	248.00	249.00	250.00	250.00	250.00	250.00	251.00	252.00	252.00	253.00	253.00	255.00	255.00	256.00	256.00	257.00	258.00	258.00	259.00	259.00	260.00	261.00	262.00	262.00	263.00	264.00	264.00	265.00	265.00	266.00	267.00	267.00	269.00	270.00	271.00	271.00	272.00	272.00	273.00	274.00	274.00	275.00	275.00	277.00	277.00	278.00	278.00	279.00	280.00	280.00	280.00	280.00	281.00	281.00	282.00	282.00
307.00	306.00	305.00	305.00	304.00	303.00	303.00	301.00	301.00	300.00	300.00	300.00	299.00	299.00	298.00	298.00	298.00	298.00	298.00	298.00	298.00	299.00	299.00	300.00	300.00	300.00	300.00	301.00	302.00	302.00	302.00	302.00	303.00	304.00	305.00	305.00	306.00	307.00	307.00	308.00	308.00	309.00	311.00	311.00	312.00	313.00	314.00	314.00	315.00	315.00	316.00	316.00	316.00	317.00	318.00	319.00	319.00	320.00	320.00	321.00	321.00	321.00	322.00	322.00	323.00	323.00	323.00	323.00	323.00	323.00	323.00	324.00	324.00	324.00	324.00	324.00	324.00	324.00	323.00	323.00	323.00	322.00	322.00	321.00	321.00	320.00	319.00	318.00	318.00	317.00	316.00	316.00	314.00	314.00	313.00	312.00	311.00	311.00	310.00	308.00	308.00	307.00	307.00	305.00	303.00	303.00	301.00	299.00	297.00	297.00	295.00	295.00	293.00	291.00	291.00	290.00	290.00	286.00	286.00	284.00	284.00	283.00	281.00	281.00	279.00	279.00	277.00	275.00	274.00	274.00	272.00	270.00	270.00	268.00	268.00	267.00	266.00	266.00	264.00	263.00	262.00	262.00	261.00	261.00	260.00	259.00	259.00	258.00	257.00	256.00	256.00	255.00	255.00	254.00	253.00	253.00	252.00	251.00	251.00	250.00	250.00	250.00	249.00	248.00	248.00	248.00	247.00	247.00	247.00	247.00	247.00	246.00	246.00	246.00	246.00	246.00	246.00	246.00	246.00	246.00	246.00	246.00	246.00	246.00	246.00	246.00	246.00	246.00	246.00	245.00	245.00	245.00	245.00	246.00	246.00	246.00	246.00	247.00	248.00	248.00	248.00	249.00	250.00	250.00	250.00	250.00	251.00	252.00	252.00	253.00	253.00	255.00	255.00	256.00	256.00	257.00	258.00	258.00	259.00	259.00	260.00	261.00	262.00	262.00	263.00	264.00	264.00	265.00	265.00	266.00	267.00	267.00	269.00	270.00	271.00	271.00	272.00	272.00	273.00	274.00	274.00	275.00	275.00	277.00	277.00	278.00	278.00	279.00	280.00	280.00	280.00	280.00	281.00	281.00	282.00	282.00
307.00	306.00	305.00	305.00	304.00	303.00	303.00	301.00	301.00	300.00	300.00	300.00	299.00	299.00	298.00	298.00	298.00	298.00	298.00	298.00	298.00	299.00	299.00	300.00	300.00	300.00	300.00	301.00	302.00	302.00	302.00	302.00	303.00	304.00	305.00	305.00	306.00	307.00	307.00	308.00	308.00	309.00	311.00	311.00	312.00	313.00	314.00	314.00	315.00	315.00	316.00	316.00	316.00	317.00	318.00	319.00	319.00	320.00	320.00	321.00	321.00	321.00	322.00	322.00	323.00	323.00	323.00	323.00	323.00	323.00	323.00	324.00	324.00	324.00	324.00	324.00	324.00	324.00	323.00	323.00	323.00	322.00	322.00	321.00	321.00	320.00	319.00	318.00	318.00	317.00	316.00	316.00	314.00	314.00	313.00	312.00	311.00	311.00	310.00	308.00	308.00	307.00	307.00	305.00	303.00	303.00	301.00	299.00	297.00	297.00	295.00	295.00	293.00	291.00	291.00	290.00	290.00	286.00	286.00	284.00	284.00	283.00	281.00	281.00	279.00	279.00	277.00	275.00	274.00	274.00	272.00	270.00	270.00	268.00	268.00	267.00	266.00	266.00	264.00	263.00	262.00	262.00	261.00	261.00	260.00	259.00	259.00	258.00	257.00	256.00	256.00	255.00	255.00	254.00	253.00	253.00	252.00	251.00	251.00	250.00	250.00	250.00	249.00	248.00	248.00	248.00	247.00	247.00	247.00	247.00	247.00	246.00	246.00	246.00	246.00	246.00	246.00	246.00	246.00	246.00	246.00	246.00	246.00	246.00	246.00	246.00	246.00	246.00	246.00	245.00	245.00	245.00	245.00	246.00	246.00	246.00	246.00	247.00	248.00	248.00	248.00	249.00	250.00	250.00	250.00	250.00	251.00	252.00	252.00	253.00	253.00	255.00	255.00	256.00	256.00	257.00	258.00	258.00	259.00	259.00	260.00	261.00	262.00	262.00	263.00	264.00	264.00	265.00	265.00	266.00	267.00	267.00	269.00	270.00	271.00	271.00	272.00	272.00	273.00	274.00	274.00	275.00	275.00	277.00	277.00	278.00	278.00	279.00	280.00	280.00	280.00	280.00	281.00	281.00	282.00	282.00
307.00	306.00	305.00	305.00	304.00	303.00	303.00	301.00	301.00	300.00	300.00	300.00	299.00	299.00	298.00	298.00	298.00	298.00	298.00	298.00	298.00	299.00	299.00	300.00	300.00	300.00	300.00	301.00	302.00	302.00	302.00	302.00	303.00	304.00	305.00	305.00	306.00	307.00	307.00	308.00	308.00	309.00	311.00	311.00	312.00	313.00	314.00	314.00	315.00	315.00	316.00	316.00	316.00	317.00	318.00	319.00	319.00	320.00	320.00	321.00	321.00	321.00	322.00	322.00	323.00	323.00	323.00	323.00	323.00	323.00	323.00	324.00	324.00	324.00	324.00	324.00	324.00	324.00	323.00	323.00	323.00	322.00	322.00	321.00	321.00	320.00	319.00	318.00	318.00	317.00	316.00	316.00	314.00	314.00	313.00	312.00	311.00	311.00	310.00	308.00	308.00	307.00	307.00	305.00	303.00	303.00	301.00	299.00	297.00	297.00	295.00	295.00	293.00	291.00	291.00	290.00	290.00	286.00	286.00	284.00	284.00	283.00	281.00	281.00	279.00	279.00	277.00	275.00	274.00	274.00	272.00	270.00	270.00	268.00	268.00	267.00	266.00	266.00	264.00	263.00	262.00	262.00	261.00	261.00	260.00	259.00	259.00	258.00	257.00	256.00	256.00	255.00	255.00	254.00	253.00	253.00	252.00	251.00	251.00	250.00	250.00	250.00	249.00	248.00	248.00	248.00	247.00	247.00	247.00	247.00	247.00	246.00	246.00	246.00	246.00	246.00	246.00	246.00	246.00	246.00	246.00	246.00	246.00	246.00	246.00	246.00	246.00	246.00	246.00	245.00	245.00	245.00	245.00	246.00	246.00	246.00	246.00	247.00	248.00	248.00	248.00	249.00	250.00	250.00	250.00	250.00	251.00	252.00	252.00	253.00	253.00	255.00	255.00	256.00	256.00	257.00	258.00	258.00	259.00	259.00	260.00	261.00	262.00	262.00	263.00	264.00	264.00	265.00	265.00	266.00	267.00	267.00	269.00	270.00	271.00	271.00	272.00	272.00	273.00	274.00	274.00	275.00	275.00	277.00	277.00	278.00	278.00	279.00	280.00	280.00	280.00	280.00	281.00	281.00	282.00	282.00
307.00	306.00	305.00	305.00	304.00	303.00	303.00	301.00	301.00	300.00	300.00	300.00	299.00	299.00	298.00	298.00	298.00	298.00	298.00	298.00	298.00	299.00	299.00	300.00	300.00	300.00	300.00	301.00	302.00	302.00	302.00	302.00	303.00	304.00	305.00	305.00	306.00	307.00	307.00	308.00	308.00	309.00	311.00	311.00	312.00	313.00	314.00	314.00	315.00	315.00	316.00	316.00	316.00	317.00	318.00	319.00	319.00	320.00	320.00	321.00	321.00	321.00	322.00	322.00	323.00	323.00	323.00	323.00	323.00	323.00	323.00	324.00	324.00	324.00	324.00	324.00	324.00	324.00	323.00	323.00	323.00	322.00	322.00	321.00	321.00	320.00	319.00	318.00	318.00	317.00	316.00	316.00	314.00	314.00	313.00	312.00	311.00	311.00	310.00	308.00	308.00	307.00	307.00	305.00	303.00	303.00	301.00	299.00	297.00	297.00	295.00	295.00	293.00	291.00	291.00	290.00	290.00	286.00	286.00	284.00	284.00	283.00	281.00	281.00	279.00	279.00	277.00	275.00	274.00	274.00	272.00	270.00	270.00	268.00	268.00	267.00	266.00	266.00	264.00	263.00	262.00	262.00	261.00	261.00	260.00	259.00	259.00	258.00	257.00	256.00	256.00	255.00	255.00	254.00	253.00	253.00	252.00	251.00	251.00	250.00	250.00	250.00	249.00	248.00	248.00	248.00	247.00	247.00	247.00	247.00	247.00	246.00	246.00	246.00	246.00	246.00	246.00	246.00	246.00	246.00	246.00	246.00	246.00	246.00	246.00	246.00	246.00	246.00	246.00	245.00	245.00	245.00	245.00	246.00	246.00	246.00	246.00	247.00	248.00	248.00	248.00	249.00	250.00	250.00	250.00	250.00	251.00	252.00	252.00	253.00	253.00	255.00	255.00	256.00	256.00	257.00	258.00	258.00	259.00	259.00	260.00	261.00	262.00	262.00	263.00	264.00	264.00	265.00	265.00	266.00	267.00	267.00	269.00	270.00	271.00	271.00	272.00	272.00	273.00	274.00	274.00	275.00	275.00	277.00	277.00	278.00	278.00	279.00	280.00	280.00	280.00	280.00	281.00	281.00	282.00	282.00
307.00	306.00	305.00	305.00	304.00	303.00	303.00	301.00	301.00	300.00	300.00	300.00	299.00	299.00	298.00	298.00	298.00	298.00	298.00	298.00	298.00	299.00	299.00	300.00	300.00	300.00	300.00	301.00	302.00	302.00	302.00	302.00	303.00	304.00	305.00	305.00	306.00	307.00	307.00	308.00	308.00	309.00	311.00	311.00	312.00	313.00	314.00	314.00	315.00	315.00	316.00	316.00	316.00	317.00	318.00	319.00	319.00	320.00	320.00	321.00	321.00	321.00	322.00	322.00	323.00	323.00	323.00	323.00	323.00	323.00	323.00	324.00	324.00	324.00	324.00	324.00	324.00	324.00	323.00	323.00	323.00	322.00	322.00	321.00	321.00	320.00	319.00	318.00	318.00	317.00	316.00	316.00	314.00	314.00	313.00	312.00	311.00	311.00	310.00	308.00	308.00	307.00	307.00	305.00	303.00	303.00	301.00	299.00	297.00	297.00	295.00	295.00	293.00	291.00	291.00	290.00	290.00	286.00	286.00	284.00	284.00	283.00	281.00	281.00	279.00	279.00	277.00	275.00	274.00	274.00	272.00	270.00	270.00	268.00	268.00	267.00	266.00	266.00	264.00	263.00	262.00	262.00	261.00	261.00	260.00	259.00	259.00	258.00	257.00	256.00	256.00	255.00	255.00	254.00	253.00	253.00	252.00	251.00	251.00	250.00	250.00	250.00	249.00	248.00	248.00	248.00	247.00	247.00	247.00	247.00	247.00	246.00	246.00	246.00	246.00	246.00	246.00	246.00	246.00	246.00	246.00	246.00	246.00	246.00	246.00	246.00	246.00	246.00	246.00	245.00	245.00	245.00	245.00	246.00	246.00	246.00	246.00	247.00	248.00	248.00	248.00	249.00	250.00	250.00	250.00	250.00	251.00	252.00	252.00	253.00	253.00	255.00	255.00	256.00	256.00	257.00	258.00	258.00	259.00	259.00	260.00	261.00	262.00	262.00	263.00	264.00	264.00	265.00	265.00	266.00	267.00	267.00	269.00	270.00	271.00	271.00	272.00	272.00	273.00	274.00	274.00	275.00	275.00	277.00	277.00	278.00	278.00	279.00	280.00	280.00	280.00	280.00	281.00	281.00	282.00	282.00
307.00	306.00	305.00	305.00	304.00	303.00	303.00	301.00	301.00	300.00	300.00	300.00	299.00	299.00	298.00	298.00	298.00	298.00	298.00	298.00	298.00	299.00	299.00	300.00	300.00	300.00	300.00	301.00	302.00	302.00	302.00	302.00	303.00	304.00	305.00	305.00	306.00	307.00	307.00	308.00	308.00	309.00	311.00	311.00	312.00	313.00	314.00	314.00	315.00	315.00	316.00	316.00	316.00	317.00	318.00	319.00	319.00	320.00	320.00	321.00	321.00	321.00	322.00	322.00	323.00	323.00	323.00	323.00	323.00	323.00	323.00	324.00	324.00	324.00	324.00	324.00	324.00	324.00	323.00	323.00	323.00	322.00	322.00	321.00	321.00	320.00	319.00	318.00	318.00	317.00	316.00	316.00	314.00	314.00	313.00	312.00	311.00	311.00	310.00	308.00	308.00	307.00	307.00	305.00	303.00	303.00	301.00	299.00	297.00	297.00	295.00	295.00	293.00	291.00	291.00	290.00	290.00	286.00	286.00	284.00	284.00	283.00	281.00	281.00	279.00	279.00	277.00	275.00	274.00	274.00	272.00	270.00	270.00	268.00	268.00	267.00	266.00	266.00	264.00	263.00	262.00	262.00	261.00	261.00	260.00	259.00	259.00	258.00	257.00	256.00	256.00	255.00	255.00	254.00	253.00	253.00	252.00	251.00	251.00	250.00	250.00	250.00	249.00	248.00	248.00	248.00	247.00	247.00	247.00	247.00	247.00	246.00	246.00	246.00	246.00	246.00	246.00	246.00	246.00	246.00	246.00	246.00	246.00	246.00	246.00	246.00	246.00	246.00	246.00	245.00	245.00	245.00	245.00	246.00	246.00	246.00	246.00	247.00	248.00	248.00	248.00	249.00	250.00	250.00	250.00	250.00	251.00	252.00	252.00	253.00	253.00	255.00	255.00	256.00	256.00	257.00	258.00	258.00	259.00	259.00	260.00	261.00	262.00	262.00	263.00	264.00	264.00	265.00	265.00	266.00	267.00	267.00	269.00	270.00	271.00	271.00	272.00	272.00	273.00	274.00	274.00	275.00	275.00	277.00	277.00	278.00	278.00	279.00	280.00	280.00	280.00	280.00	281.00	281.00	282.00	282.00
307.00	306.00	305.00	305.00	304.00	303.00	303.00	301.00	301.00	300.00	300.00	300.00	299.00	299.00	298.00	298.00	298.00	298.00	298.00	298.00	298.00	299.00	299.00	300.00	300.00	300.00	300.00	301.00	302.00	302.00	302.00	302.00	303.00	304.00	305.00	305.00	306.00	307.00	307.00	308.00	308.00	309.00	311.00	311.00	312.00	313.00	314.00	314.00	315.00	315.00	316.00	316.00	316.00	317.00	318.00	319.00	319.00	320.00	320.00	321.00	321.00	321.00	322.00	322.00	323.00	323.00	323.00	323.00	323.00	323.00	323.00	324.00	324.00	324.00	324.00	324.00	324.00	324.00	323.00	323.00	323.00	322.00	322.00	321.00	321.00	320.00	319.00	318.00	318.00	317.00	316.00	316.00	314.00	314.00	313.00	312.00	311.00	311.00	310.00	308.00	308.00	307.00	307.00	305.00	303.00	303.00	301.00	299.00	297.00	297.00	295.00	295.00	293.00	291.00	291.00	290.00	290.00	286.00	286.00	284.00	284.00	283.00	281.00	281.00	279.00	279.00	277.00	275.00	274.00	274.00	272.00	270.00	270.00	268.00	268.00	267.00	266.00	266.00	264.00	263.00	262.00	262.00	261.00	261.00	260.00	259.00	259.00	258.00	257.00	256.00	256.00	255.00	255.00	254.00	253.00	253.00	252.00	251.00	251.00	250.00	250.00	250.00	249.00	248.00	248.00	248.00	247.00	247.00	247.00	247.00	247.00	246.00	246.00	246.00	246.00	246.00	246.00	246.00	246.00	246.00	246.00	246.00	246.00	246.00	246.00	246.00	246.00	246.00	246.00	245.00	245.00	245.00	245.00	246.00	246.00	246.00	246.00	247.00	248.00	248.00	248.00	249.00	250.00	250.00	250.00	250.00	251.00	252.00	252.00	253.00	253.00	255.00	255.00	256.00	256.00	257.00	258.00	258.00	259.00	259.00	260.00	261.00	262.00	262.00	263.00	264.00	264.00	265.00	265.00	266.00	267.00	267.00	269.00	270.00	271.00	271.00	272.00	272.00	273.00	274.00	274.00	275.00	275.00	277.00	277.00	278.00	278.00	279.00	280.00	280.00	280.00	280.00	281.00	281.00	282.00	282.00
304.00	302.00	300.00	300.00	299.00	297.00	297.00	296.00	296.00	295.00	295.00	295.00	294.00	294.00	293.00	293.00	293.00	293.00	293.00	292.00	292.00	292.00	292.00	292.00	292.00	293.00	293.00	294.00	294.00	294.00	295.00	295.00	296.00	297.00	298.00	298.00	299.00	300.00	300.00	301.00	301.00	302.00	303.00	303.00	304.00	305.00	306.00	306.00	307.00	307.00	308.00	309.00	309.00	310.00	311.00	312.00	312.00	313.00	313.00	314.00	315.00	315.00	315.00	316.00	317.00	317.00	317.00	317.00	317.00	317.00	317.00	317.00	318.00	318.00	318.00	318.00	318.00	318.00	318.00	318.00	317.00	316.00	316.00	316.00	316.00	315.00	314.00	313.00	313.00	311.00	310.00	310.00	309.00	309.00	308.00	307.00	306.00	306.00	304.00	303.00	303.00	301.00	301.00	300.00	298.00	298.00	296.00	295.00	293.00	293.00	292.00	292.00	290.00	289.00	289.00	287.00	287.00	283.00	283.00	282.00	282.00	280.00	278.00	278.00	276.00	276.00	275.00	273.00	271.00	271.00	270.00	268.00	268.00	267.00	267.00	266.00	264.00	264.00	263.00	262.00	261.00	261.00	260.00	260.00	259.00	257.00	257.00	256.00	255.00	254.00	254.00	253.00	253.00	252.00	251.00	251.00	249.00	248.00	248.00	247.00	246.00	246.00	245.00	244.00	244.00	243.00	243.00	243.00	242.00	242.00	241.00	241.00	241.00	241.00	241.00	241.00	241.00	241.00	241.00	241.00	241.00	241.00	241.00	242.00	242.00	242.00	242.00	242.00	243.00	243.00	243.00	243.00	243.00	243.00	243.00	243.00	243.00	243.00	244.00	244.00	244.00	245.00	246.00	246.00	247.00	247.00	248.00	249.00	249.00	250.00	250.00	252.00	252.00	253.00	253.00	254.00	255.00	255.00	256.00	256.00	258.00	259.00	260.00	260.00	261.00	262.00	262.00	264.00	264.00	265.00	266.00	266.00	267.00	269.00	270.00	270.00	272.00	272.00	273.00	275.00	275.00	276.00	276.00	278.00	278.00	279.00	279.00	280.00	281.00	281.00	281.00	281.00	282.00	283.00	283.00	283.00
304.00	302.00	300.00	300.00	299.00	297.00	297.00	296.00	296.00	295.00	295.00	295.00	294.00	294.00	293.00	293.00	293.00	293.00	293.00	292.00	292.00	292.00	292.00	292.00	292.00	293.00	293.00	294.00	294.00	294.00	295.00	295.00	296.00	297.00	298.00	298.00	299.00	300.00	300.00	301.00	301.00	302.00	303.00	303.00	304.00	305.00	306.00	306.00	307.00	307.00	308.00	309.00	309.00	310.00	311.00	312.00	312.00	313.00	313.00	314.00	315.00	315.00	315.00	316.00	317.00	317.00	317.00	317.00	317.00	317.00	317.00	317.00	318.00	318.00	318.00	318.00	318.00	318.00	318.00	318.00	317.00	316.00	316.00	316.00	316.00	315.00	314.00	313.00	313.00	311.00	310.00	310.00	309.00	309.00	308.00	307.00	306.00	306.00	304.00	303.00	303.00	301.00	301.00	300.00	298.00	298.00	296.00	295.00	293.00	293.00	292.00	292.00	290.00	289.00	289.00	287.00	287.00	283.00	283.00	282.00	282.00	280.00	278.00	278.00	276.00	276.00	275.00	273.00	271.00	271.00	270.00	268.00	268.00	267.00	267.00	266.00	264.00	264.00	263.00	262.00	261.00	261.00	260.00	260.00	259.00	257.00	257.00	256.00	255.00	254.00	254.00	253.00	253.00	252.00	251.00	251.00	249.00	248.00	248.00	247.00	246.00	246.00	245.00	244.00	244.00	243.00	243.00	243.00	242.00	242.00	241.00	241.00	241.00	241.00	241.00	241.00	241.00	241.00	241.00	241.00	241.00	241.00	241.00	242.00	242.00	242.00	242.00	242.00	243.00	243.00	243.00	243.00	243.00	243.00	243.00	243.00	243.00	243.00	244.00	244.00	244.00	245.00	246.00	246.00	247.00	247.00	248.00	249.00	249.00	250.00	250.00	252.00	252.00	253.00	253.00	254.00	255.00	255.00	256.00	256.00	258.00	259.00	260.00	260.00	261.00	262.00	262.00	264.00	264.00	265.00	266.00	266.00	267.00	269.00	270.00	270.00	272.00	272.00	273.00	275.00	275.00	276.00	276.00	278.00	278.00	279.00	279.00	280.00	281.00	281.00	281.00	281.00	282.00	283.00	283.00	283.00
304.00	302.00	300.00	300.00	299.00	297.00	297.00	296.00	296.00	295.00	295.00	295.00	294.00	294.00	293.00	293.00	293.00	293.00	293.00	292.00	292.00	292.00	292.00	292.00	292.00	293.00	293.00	294.00	294.00	294.00	295.00	295.00	296.00	297.00	298.00	298.00	299.00	300.00	300.00	301.00	301.00	302.00	303.00	303.00	304.00	305.00	306.00	306.00	307.00	307.00	308.00	309.00	309.00	310.00	311.00	312.00	312.00	313.00	313.00	314.00	315.00	315.00	315.00	316.00	317.00	317.00	317.00	317.00	317.00	317.00	317.00	317.00	318.00	318.00	318.00	318.00	318.00	318.00	318.00	318.00	317.00	316.00	316.00	316.00	316.00	315.00	314.00	313.00	313.00	311.00	310.00	310.00	309.00	309.00	308.00	307.00	306.00	306.00	304.00	303.00	303.00	301.00	301.00	300.00	298.00	298.00	296.00	295.00	293.00	293.00	292.00	292.00	290.00	289.00	289.00	287.00	287.00	283.00	283.00	282.00	282.00	280.00	278.00	278.00	276.00	276.00	275.00	273.00	271.00	271.00	270.00	268.00	268.00	267.00	267.00	266.00	264.00	264.00	263.00	262.00	261.00	261.00	260.00	260.00	259.00	257.00	257.00	256.00	255.00	254.00	254.00	253.00	253.00	252.00	251.00	251.00	249.00	248.00	248.00	247.00	246.00	246.00	245.00	244.00	244.00	243.00	243.00	243.00	242.00	242.00	241.00	241.00	241.00	241.00	241.00	241.00	241.00	241.00	241.00	241.00	241.00	241.00	241.00	242.00	242.00	242.00	242.00	242.00	243.00	243.00	243.00	243.00	243.00	243.00	243.00	243.00	243.00	243.00	244.00	244.00	244.00	245.00	246.00	246.00	247.00	247.00	248.00	249.00	249.00	250.00	250.00	252.00	252.00	253.00	253.00	254.00	255.00	255.00	256.00	256.00	258.00	259.00	260.00	260.00	261.00	262.00	262.00	264.00	264.00	265.00	266.00	266.00	267.00	269.00	270.00	270.00	272.00	272.00	273.00	275.00	275.00	276.00	276.00	278.00	278.00	279.00	279.00	280.00	281.00	281.00	281.00	281.00	282.00	283.00	283.00	283.00
304.00	302.00	300.00	300.00	299.00	297.00	297.00	296.00	296.00	295.00	295.00	295.00	294.00	294.00	293.00	293.00	293.00	293.00	293.00	292.00	292.00	292.00	292.00	292.00	292.00	293.00	293.00	294.00	294.00	294.00	295.00	295.00	296.00	297.00	298.00	298.00	299.00	300.00	300.00	301.00	301.00	302.00	303.00	303.00	304.00	305.00	306.00	306.00	307.00	307.00	308.00	309.00	309.00	310.00	311.00	312.00	312.00	313.00	313.00	314.00	315.00	315.00	315.00	316.00	317.00	317.00	317.00	317.00	317.00	317.00	317.00	317.00	318.00	318.00	318.00	318.00	318.00	318.00	318.00	318.00	317.00	316.00	316.00	316.00	316.00	315.00	314.00	313.00	313.00	311.00	310.00	310.00	309.00	309.00	308.00	307.00	306.00	306.00	304.00	303.00	303.00	301.00	301.00	300.00	298.00	298.00	296.00	295.00	293.00	293.00	292.00	292.00	290.00	289.00	289.00	287.00	287.00	283.00	283.00	282.00	282.00	280.00	278.00	278.00	276.00	276.00	275.00	273.00	271.00	271.00	270.00	268.00	268.00	267.00	267.00	266.00	264.00	264.00	263.00	262.00	261.00	261.00	260.00	260.00	259.00	257.00	257.00	256.00	255.00	254.00	254.00	253.00	253.00	252.00	251.00	251.00	249.00	248.00	248.00	247.00	246.00	246.00	245.00	244.00	244.00	243.00	243.00	243.00	242.00	242.00	241.00	241.00	241.00	241.00	241.00	241.00	241.00	241.00	241.00	241.00	241.00	241.00	241.00	242.00	242.00	242.00	242.00	242.00	243.00	243.00	243.00	243.00	243.00	243.00	243.00	243.00	243.00	243.00	244.00	244.00	244.00	245.00	246.00	246.00	247.00	247.00	248.00	249.00	249.00	250.00	250.00	252.00	252.00	253.00	253.00	254.00	255.00	255.00	256.00	256.00	258.00	259.00	260.00	260.00	261.00	262.00	262.00	264.00	264.00	265.00	266.00	266.00	267.00	269.00	270.00	270.00	272.00	272.00	273.00	275.00	275.00	276.00	276.00	278.00	278.00	279.00	279.00	280.00	281.00	281.00	281.00	281.00	282.00	283.00	283.00	283.00
304.00	302.00	300.00	300.00	299.00	297.00	297.00	296.00	296.00	295.00	295.00	295.00	294.00	294.00	293.00	293.00	293.00	293.00	293.00	292.00	292.00	292.00	292.00	292.00	292.00	293.00	293.00	294.00	294.00	294.00	295.00	295.00	296.00	297.00	298.00	298.00	299.00	300.00	300.00	301.00	301.00	302.00	303.00	303.00	304.00	305.00	306.00	306.00	307.00	307.00	308.00	309.00	309.00	310.00	311.00	312.00	312.00	313.00	313.00	314.00	315.00	315.00	315.00	316.00	317.00	317.00	317.00	317.00	317.00	317.00	317.00	317.00	318.00	318.00	318.00	318.00	318.00	318.00	318.00	318.00	317.00	316.00	316.00	316.00	316.00	315.00	314.00	313.00	313.00	311.00	310.00	310.00	309.00	309.00	308.00	307.00	306.00	306.00	304.00	303.00	303.00	301.00	301.00	300.00	298.00	298.00	296.00	295.00	293.00	293.00	292.00	292.00	290.00	289.00	289.00	287.00	287.00	283.00	283.00	282.00	282.00	280.00	278.00	278.00	276.00	276.00	275.00	273.00	271.00	271.00	270.00	268.00	268.00	267.00	267.00	266.00	264.00	264.00	263.00	262.00	261.00	261.00	260.00	260.00	259.00	257.00	257.00	256.00	255.00	254.00	254.00	253.00	253.00	252.00	251.00	251.00	249.00	248.00	248.00	247.00	246.00	246.00	245.00	244.00	244.00	243.00	243.00	243.00	242.00	242.00	241.00	241.00	241.00	241.00	241.00	241.00	241.00	241.00	241.00	241.00	241.00	241.00	241.00	242.00	242.00	242.00	242.00	242.00	243.00	243.00	243.00	243.00	243.00	243.00	243.00	243.00	243.00	243.00	244.00	244.00	244.00	245.00	246.00	246.00	247.00	247.00	248.00	249.00	249.00	250.00	250.00	252.00	252.00	253.00	253.00	254.00	255.00	255.00	256.00	256.00	258.00	259.00	260.00	260.00	261.00	262.00	262.00	264.00	264.00	265.00	266.00	266.00	267.00	269.00	270.00	270.00	272.00	272.00	273.00	275.00	275.00	276.00	276.00	278.00	278.00	279.00	279.00	280.00	281.00	281.00	281.00	281.00	282.00	283.00	283.00	283.00
304.00	302.00	300.00	300.00	299.00	297.00	297.00	296.00	296.00	295.00	295.00	295.00	294.00	294.00	293.00	293.00	293.00	293.00	293.00	292.00	292.00	292.00	292.00	292.00	292.00	293.00	293.00	294.00	294.00	294.00	295.00	295.00	296.00	297.00	298.00	298.00	299.00	300.00	300.00	301.00	301.00	302.00	303.00	303.00	304.00	305.00	306.00	306.00	307.00	307.00	308.00	309.00	309.00	310.00	311.00	312.00	312.00	313.00	313.00	314.00	315.00	315.00	315.00	316.00	317.00	317.00	317.00	317.00	317.00	317.00	317.00	317.00	318.00	318.00	318.00	318.00	318.00	318.00	318.00	318.00	317.00	316.00	316.00	316.00	316.00	315.00	314.00	313.00	313.00	311.00	310.00	310.00	309.00	309.00	308.00	307.00	306.00	306.00	304.00	303.00	303.00	301.00	301.00	300.00	298.00	298.00	296.00	295.00	293.00	293.00	292.00	292.00	290.00	289.00	289.00	287.00	287.00	283.00	283.00	282.00	282.00	280.00	278.00	278.00	276.00	276.00	275.00	273.00	271.00	271.00	270.00	268.00	268.00	267.00	267.00	266.00	264.00	264.00	263.00	262.00	261.00	261.00	260.00	260.00	259.00	257.00	257.00	256.00	255.00	254.00	254.00	253.00	253.00	252.00	251.00	251.00	249.00	248.00	248.00	247.00	246.00	246.00	245.00	244.00	244.00	243.00	243.00	243.00	242.00	242.00	241.00	241.00	241.00	241.00	241.00	241.00	241.00	241.00	241.00	241.00	241.00	241.00	241.00	242.00	242.00	242.00	242.00	242.00	243.00	243.00	243.00	243.00	243.00	243.00	243.00	243.00	243.00	243.00	244.00	244.00	244.00	245.00	246.00	246.00	247.00	247.00	248.00	249.00	249.00	250.00	250.00	252.00	252.00	253.00	253.00	254.00	255.00	255.00	256.00	256.00	258.00	259.00	260.00	260.00	261.00	262.00	262.00	264.00	264.00	265.00	266.00	266.00	267.00	269.00	270.00	270.00	272.00	272.00	273.00	275.00	275.00	276.00	276.00	278.00	278.00	279.00	279.00	280.00	281.00	281.00	281.00	281.00	282.00	283.00	283.00	283.00
304.00	302.00	300.00	300.00	299.00	297.00	297.00	296.00	296.00	295.00	295.00	295.00	294.00	294.00	293.00	293.00	293.00	293.00	293.00	292.00	292.00	292.00	292.00	292.00	292.00	293.00	293.00	294.00	294.00	294.00	295.00	295.00	296.00	297.00	298.00	298.00	299.00	300.00	300.00	301.00	301.00	302.00	303.00	303.00	304.00	305.00	306.00	306.00	307.00	307.00	308.00	309.00	309.00	310.00	311.00	312.00	312.00	313.00	313.00	314.00	315.00	315.00	315.00	316.00	317.00	317.00	317.00	317.00	317.00	317.00	317.00	317.00	318.00	318.00	318.00	318.00	318.00	318.00	318.00	318.00	317.00	316.00	316.00	316.00	316.00	315.00	314.00	313.00	313.00	311.00	310.00	310.00	309.00	309.00	308.00	307.00	306.00	306.00	304.00	303.00	303.00	301.00	301.00	300.00	298.00	298.00	296.00	295.00	293.00	293.00	292.00	292.00	290.00	289.00	289.00	287.00	287.00	283.00	283.00	282.00	282.00	280.00	278.00	278.00	276.00	276.00	275.00	273.00	271.00	271.00	270.00	268.00	268.00	267.00	267.00	266.00	264.00	264.00	263.00	262.00	261.00	261.00	260.00	260.00	259.00	257.00	257.00	256.00	255.00	254.00	254.00	253.00	253.00	252.00	251.00	251.00	249.00	248.00	248.00	247.00	246.00	246.00	245.00	244.00	244.00	243.00	243.00	243.00	242.00	242.00	241.00	241.00	241.00	241.00	241.00	241.00	241.00	241.00	241.00	241.00	241.00	241.00	241.00	242.00	242.00	242.00	242.00	242.00	243.00	243.00	243.00	243.00	243.00	243.00	243.00	243.00	243.00	243.00	244.00	244.00	244.00	245.00	246.00	246.00	247.00	247.00	248.00	249.00	249.00	250.00	250.00	252.00	252.00	253.00	253.00	254.00	255.00	255.00	256.00	256.00	258.00	259.00	260.00	260.00	261.00	262.00	262.00	264.00	264.00	265.00	266.00	266.00	267.00	269.00	270.00	270.00	272.00	272.00	273.00	275.00	275.00	276.00	276.00	278.00	278.00	279.00	279.00	280.00	281.00	281.00	281.00	281.00	282.00	283.00	283.00	283.00
304.00	302.00	300.00	300.00	299.00	297.00	297.00	296.00	296.00	295.00	295.00	295.00	294.00	294.00	293.00	293.00	293.00	293.00	293.00	292.00	292.00	292.00	292.00	292.00	292.00	293.00	293.00	294.00	294.00	294.00	295.00	295.00	296.00	297.00	298.00	298.00	299.00	300.00	300.00	301.00	301.00	302.00	303.00	303.00	304.00	305.00	306.00	306.00	307.00	307.00	308.00	309.00	309.00	310.00	311.00	312.00	312.00	313.00	313.00	314.00	315.00	315.00	315.00	316.00	317.00	317.00	317.00	317.00	317.00	317.00	317.00	317.00	318.00	318.00	318.00	318.00	318.00	318.00	318.00	318.00	317.00	316.00	316.00	316.00	316.00	315.00	314.00	313.00	313.00	311.00	310.00	310.00	309.00	309.00	308.00	307.00	306.00	306.00	304.00	303.00	303.00	301.00	301.00	300.00	298.00	298.00	296.00	295.00	293.00	293.00	292.00	292.00	290.00	289.00	289.00	287.00	287.00	283.00	283.00	282.00	282.00	280.00	278.00	278.00	276.00	276.00	275.00	273.00	271.00	271.00	270.00	268.00	268.00	267.00	267.00	266.00	264.00	264.00	263.00	262.00	261.00	261.00	260.00	260.00	259.00	257.00	257.00	256.00	255.00	254.00	254.00	253.00	253.00	252.00	251.00	251.00	249.00	248.00	248.00	247.00	246.00	246.00	245.00	244.00	244.00	243.00	243.00	243.00	242.00	242.00	241.00	241.00	241.00	241.00	241.00	241.00	241.00	241.00	241.00	241.00	241.00	241.00	241.00	242.00	242.00	242.00	242.00	242.00	243.00	243.00	243.00	243.00	243.00	243.00	243.00	243.00	243.00	243.00	244.00	244.00	244.00	245.00	246.00	246.00	247.00	247.00	248.00	249.00	249.00	250.00	250.00	252.00	252.00	253.00	253.00	254.00	255.00	255.00	256.00	256.00	258.00	259.00	260.00	260.00	261.00	262.00	262.00	264.00	264.00	265.00	266.00	266.00	267.00	269.00	270.00	270.00	272.00	272.00	273.00	275.00	275.00	276.00	276.00	278.00	278.00	279.00	279.00	280.00	281.00	281.00	281.00	281.00	282.00	283.00	283.00	283.00
304.00	302.00	300.00	300.00	299.00	297.00	297.00	296.00	296.00	295.00	295.00	295.00	294.00	294.00	293.00	293.00	293.00	293.00	293.00	292.00	292.00	292.00	292.00	292.00	292.00	293.00	293.00	294.00	294.00	294.00	295.00	295.00	296.00	297.00	298.00	298.00	299.00	300.00	300.00	301.00	301.00	302.00	303.00	303.00	304.00	305.00	306.00	306.00	307.00	307.00	308.00	309.00	309.00	310.00	311.00	312.00	312.00	313.00	313.00	314.00	315.00	315.00	315.00	316.00	317.00	317.00	317.00	317.00	317.00	317.00	317.00	317.00	318.00	318.00	318.00	318.00	318.00	318.00	318.00	318.00	317.00	316.00	316.00	316.00	316.00	315.00	314.00	313.00	313.00	311.00	310.00	310.00	309.00	309.00	308.00	307.00	306.00	306.00	304.00	303.00	303.00	301.00	301.00	300.00	298.00	298.00	296.00	295.00	293.00	293.00	292.00	292.00	290.00	289.00	289.00	287.00	287.00	283.00	283.00	282.00	282.00	280.00	278.00	278.00	276.00	276.00	275.00	273.00	271.00	271.00	270.00	268.00	268.00	267.00	267.00	266.00	264.00	264.00	263.00	262.00	261.00	261.00	260.00	260.00	259.00	257.00	257.00	256.00	255.00	254.00	254.00	253.00	253.00	252.00	251.00	251.00	249.00	248.00	248.00	247.00	246.00	246.00	245.00	244.00	244.00	243.00	243.00	243.00	242.00	242.00	241.00	241.00	241.00	241.00	241.00	241.00	241.00	241.00	241.00	241.00	241.00	241.00	241.00	242.00	242.00	242.00	242.00	242.00	243.00	243.00	243.00	243.00	243.00	243.00	243.00	243.00	243.00	243.00	244.00	244.00	244.00	245.00	246.00	246.00	247.00	247.00	248.00	249.00	249.00	250.00	250.00	252.00	252.00	253.00	253.00	254.00	255.00	255.00	256.00	256.00	258.00	259.00	260.00	260.00	261.00	262.00	262.00	264.00	264.00	265.00	266.00	266.00	267.00	269.00	270.00	270.00	272.00	272.00	273.00	275.00	275.00	276.00	276.00	278.00	278.00	279.00	279.00	280.00	281.00	281.00	281.00	281.00	282.00	283.00	283.00	283.00
304.00	302.00	300.00	300.00	299.00	297.00	297.00	296.00	296.00	295.00	295.00	295.00	294.00	294.00	293.00	293.00	293.00	293.00	293.00	292.00	292.00	292.00	292.00	292.00	292.00	293.00	293.00	294.00	294.00	294.00	295.00	295.00	296.00	297.00	298.00	298.00	299.00	300.00	300.00	301.00	301.00	302.00	303.00	303.00	304.00	305.00	306.00	306.00	307.00	307.00	308.00	309.00	309.00	310.00	311.00	312.00	312.00	313.00	313.00	314.00	315.00	315.00	315.00	316.00	317.00	317.00	317.00	317.00	317.00	317.00	317.00	317.00	318.00	318.00	318.00	318.00	318.00	318.00	318.00	318.00	317.00	316.00	316.00	316.00	316.00	315.00	314.00	313.00	313.00	311.00	310.00	310.00	309.00	309.00	308.00	307.00	306.00	306.00	304.00	303.00	303.00	301.00	301.00	300.00	298.00	298.00	296.00	295.00	293.00	293.00	292.00	292.00	290.00	289.00	289.00	287.00	287.00	283.00	283.00	282.00	282.00	280.00	278.00	278.00	276.00	276.00	275.00	273.00	271.00	271.00	270.00	268.00	268.00	267.00	267.00	266.00	264.00	264.00	263.00	262.00	261.00	261.00	260.00	260.00	259.00	257.00	257.00	256.00	255.00	254.00	254.00	253.00	253.00	252.00	251.00	251.00	249.00	248.00	248.00	247.00	246.00	246.00	245.00	244.00	244.00	243.00	243.00	243.00	242.00	242.00	241.00	241.00	241.00	241.00	241.00	241.00	241.00	241.00	241.00	241.00	241.00	241.00	241.00	242.00	242.00	242.00	242.00	242.00	243.00	243.00	243.00	243.00	243.00	243.00	243.00	243.00	243.00	243.00	244.00	244.00	244.00	245.00	246.00	246.00	247.00	247.00	248.00	249.00	249.00	250.00	250.00	252.00	252.00	253.00	253.00	254.00	255.00	255.00	256.00	256.00	258.00	259.00	260.00	260.00	261.00	262.00	262.00	264.00	264.00	265.00	266.00	266.00	267.00	269.00	270.00	270.00	272.00	272.00	273.00	275.00	275.00	276.00	276.00	278.00	278.00	279.00	279.00	280.00	281.00	281.00	281.00	281.00	282.00	283.00	283.00	283.00
304.00	302.00	300.00	300.00	299.00	297.00	297.00	296.00	296.00	295.00	295.00	295.00	294.00	294.00	293.00	293.00	293.00	293.00	293.00	292.00	292.00	292.00	292.00	292.00	292.00	293.00	293.00	294.00	294.00	294.00	295.00	295.00	296.00	297.00	298.00	298.00	299.00	300.00	300.00	301.00	301.00	302.00	303.00	303.00	304.00	305.00	306.00	306.00	307.00	307.00	308.00	309.00	309.00	310.00	311.00	312.00	312.00	313.00	313.00	314.00	315.00	315.00	315.00	316.00	317.00	317.00	317.00	317.00	317.00	317.00	317.00	317.00	318.00	318.00	318.00	318.00	318.00	318.00	318.00	318.00	317.00	316.00	316.00	316.00	316.00	315.00	314.00	313.00	313.00	311.00	310.00	310.00	309.00	309.00	308.00	307.00	306.00	306.00	304.00	303.00	303.00	301.00	301.00	300.00	298.00	298.00	296.00	295.00	293.00	293.00	292.00	292.00	290.00	289.00	289.00	287.00	287.00	283.00	283.00	282.00	282.00	280.00	278.00	278.00	276.00	276.00	275.00	273.00	271.00	271.00	270.00	268.00	268.00	267.00	267.00	266.00	264.00	264.00	263.00	262.00	261.00	261.00	260.00	260.00	259.00	257.00	257.00	256.00	255.00	254.00	254.00	253.00	253.00	252.00	251.00	251.00	249.00	248.00	248.00	247.00	246.00	246.00	245.00	244.00	244.00	243.00	243.00	243.00	242.00	242.00	241.00	241.00	241.00	241.00	241.00	241.00	241.00	241.00	241.00	241.00	241.00	241.00	241.00	242.00	242.00	242.00	242.00	242.00	243.00	243.00	243.00	243.00	243.00	243.00	243.00	243.00	243.00	243.00	244.00	244.00	244.00	245.00	246.00	246.00	247.00	247.00	248.00	249.00	249.00	250.00	250.00	252.00	252.00	253.00	253.00	254.00	255.00	255.00	256.00	256.00	258.00	259.00	260.00	260.00	261.00	262.00	262.00	264.00	264.00	265.00	266.00	266.00	267.00	269.00	270.00	270.00	272.00	272.00	273.00	275.00	275.00	276.00	276.00	278.00	278.00	279.00	279.00	280.00	281.00	281.00	281.00	281.00	282.00	283.00	283.00	283.00
302.00	300.00	299.00	299.00	297.00	296.00	296.00	294.00	294.00	293.00	291.00	291.00	290.00	289.00	287.00	287.00	287.00	287.00	287.00	287.00	287.00	287.00	287.00	287.00	287.00	288.00	288.00	288.00	288.00	288.00	289.00	289.00	289.00	290.00	290.00	290.00	291.00	292.00	292.00	293.00	293.00	294.00	295.00	295.00	296.00	296.00	297.00	297.00	298.00	298.00	299.00	300.00	300.00	301.00	302.00	303.00	303.00	303.00	303.00	304.00	305.00	305.00	306.00	306.00	307.00	307.00	308.00	308.00	308.00	309.00	309.00	309.00	309.00	309.00	309.00	309.00	309.00	309.00	309.00	309.00	308.00	308.00	308.00	308.00	308.00	307.00	307.00	306.00	306.00	306.00	305.00	305.00	304.00	304.00	303.00	301.00	300.00	300.00	299.00	298.00	298.00	297.00	297.00	296.00	295.00	295.00	294.00	293.00	291.00	291.00	290.00	290.00	289.00	287.00	287.00	286.00	286.00	283.00	283.00	282.00	282.00	280.00	279.00	279.00	277.00	277.00	276.00	274.00	273.00	273.00	272.00	270.00	270.00	269.00	269.00	268.00	266.00	266.00	265.00	263.00	261.00	261.00	260.00	260.00	258.00	257.00	257.00	256.00	255.00	254.00	254.00	253.00	253.00	252.00	251.00	251.00	250.00	249.00	249.00	248.00	248.00	248.00	247.00	246.00	246.00	245.00	244.00	244.00	244.00	244.00	243.00	242.00	241.00	241.00	240.00	239.00	239.00	238.00	238.00	237.00	236.00	236.00	236.00	236.00	237.00	237.00	238.00	238.00	238.00	239.00	240.00	240.00	240.00	241.00	241.00	241.00	241.00	242.00	242.00	242.00	242.00	243.00	244.00	244.00	246.00	246.00	248.00	249.00	249.00	251.00	251.00	254.00	254.00	255.00	255.00	257.00	258.00	258.00	259.00	259.00	261.00	262.00	263.00	263.00	265.00	266.00	266.00	267.00	267.00	269.00	270.00	270.00	271.00	272.00	274.00	274.00	275.00	275.00	276.00	278.00	278.00	279.00	279.00	281.00	281.00	282.00	282.00	283.00	283.00	283.00	284.00	284.00	285.00	285.00	286.00	286.00
302.00	300.00	299.00	299.00	297.00	296.00	296.00	294.00	294.00	293.00	291.00	291.00	290.00	289.00	287.00	287.00	287.00	287.00	287.00	287.00	287.00	287.00	287.00	287.00	287.00	288.00	288.00	288.00	288.00	288.00	289.00	289.00	289.00	290.00	290.00	290.00	291.00	292.00	292.00	293.00	293.00	294.00	295.00	295.00	296.00	296.00	297.00	297.00	298.00	298.00	299.00	300.00	300.00	301.00	302.00	303.00	303.00	303.00	303.00	304.00	305.00	305.00	306.00	306.00	307.00	307.00	308.00	308.00	308.00	309.00	309.00	309.00	309.00	309.00	309.00	309.00	309.00	309.00	309.00	309.00	308.00	308.00	308.00	308.00	308.00	307.00	307.00	306.00	306.00	306.00	305.00	305.00	304.00	304.00	303.00	301.00	300.00	300.00	299.00	298.00	298.00	297.00	297.00	296.00	295.00	295.00	294.00	293.00	291.00	291.00	290.00	290.00	289.00	287.00	287.00	286.00	286.00	283.00	283.00	282.00	282.00	280.00	279.00	279.00	277.00	277.00	276.00	274.00	273.00	273.00	272.00	270.00	270.00	269.00	269.00	268.00	266.00	266.00	265.00	263.00	261.00	261.00	260.00	260.00	258.00	257.00	257.00	256.00	255.00	254.00	254.00	253.00	253.00	252.00	251.00	251.00	250.00	249.00	249.00	248.00	248.00	248.00	247.00	246.00	246.00	245.00	244.00	244.00	244.00	244.00	243.00	242.00	241.00	241.00	240.00	239.00	239.00	238.00	238.00	237.00	236.00	236.00	236.00	236.00	237.00	237.00	238.00	238.00	238.00	239.00	240.00	240.00	240.00	241.00	241.00	241.00	241.00	242.00	242.00	242.00	242.00	243.00	244.00	244.00	246.00	246.00	248.00	249.00	249.00	251.00	251.00	254.00	254.00	255.00	255.00	257.00	258.00	258.00	259.00	259.00	261.00	262.00	263.00	263.00	265.00	266.00	266.00	267.00	267.00	269.00	270.00	270.00	271.00	272.00	274.00	274.00	275.00	275.00	276.00	278.00	278.00	279.00	279.00	281.00	281.00	282.00	282.00	283.00	283.00	283.00	284.00	284.00	285.00	285.00	286.00	286.00
302.00	300.00	299.00	299.00	297.00	296.00	296.00	294.00	294.00	293.00	291.00	291.00	290.00	289.00	287.00	287.00	287.00	287.00	287.00	287.00	287.00	287.00	287.00	287.00	287.00	288.00	288.00	288.00	288.00	288.00	289.00	289.00	289.00	290.00	290.00	290.00	291.00	292.00	292.00	293.00	293.00	294.00	295.00	295.00	296.00	296.00	297.00	297.00	298.00	298.00	299.00	300.00	300.00	301.00	302.00	303.00	303.00	303.00	303.00	304.00	305.00	305.00	306.00	306.00	307.00	307.00	308.00	308.00	308.00	309.00	309.00	309.00	309.00	309.00	309.00	309.00	309.00	309.00	309.00	309.00	308.00	308.00	308.00	308.00	308.00	307.00	307.00	306.00	306.00	306.00	305.00	305.00	304.00	304.00	303.00	301.00	300.00	300.00	299.00	298.00	298.00	297.00	297.00	296.00	295.00	295.00	294.00	293.00	291.00	291.00	290.00	290.00	289.00	287.00	287.00	286.00	286.00	283.00	283.00	282.00	282.00	280.00	279.00	279.00	277.00	277.00	276.00	274.00	273.00	273.00	272.00	270.00	270.00	269.00	269.00	268.00	266.00	266.00	265.00	263.00	261.00	261.00	260.00	260.00	258.00	257.00	257.00	256.00	255.00	254.00	254.00	253.00	253.00	252.00	251.00	251.00	250.00	249.00	249.00	248.00	248.00	248.00	247.00	246.00	246.00	245.00	244.00	244.00	244.00	244.00	243.00	242.00	241.00	241.00	240.00	239.00	239.00	238.00	238.00	237.00	236.00	236.00	236.00	236.00	237.00	237.00	238.00	238.00	238.00	239.00	240.00	240.00	240.00	241.00	241.00	241.00	241.00	242.00	242.00	242.00	242.00	243.00	244.00	244.00	246.00	246.00	248.00	249.00	249.00	251.00	251.00	254.00	254.00	255.00	255.00	257.00	258.00	258.00	259.00	259.00	261.00	262.00	263.00	263.00	265.00	266.00	266.00	267.00	267.00	269.00	270.00	270.00	271.00	272.00	274.00	274.00	275.00	275.00	276.00	278.00	278.00	279.00	279.00	281.00	281.00	282.00	282.00	283.00	283.00	283.00	284.00	284.00	285.00	285.00	286.00	286.00