165.00	165.00	164.00	165.00	164.00	158.00	159.00	161.00	165.00	164.00	163.00	163.00	162.00	157.00	156.00	151.00	151.00	152.00	152.00	153.00	152.00	158.00	161.00	165.00	166.00	168.00	169.00	166.00	167.00	164.00	160.00	165.00	154.00	148.00	145.00	142.00	136.00	136.00	136.00	135.00	133.00	134.00	134.00	133.00	134.00	130.00	129.00	128.00	125.00	121.00	120.00	119.00	115.00	113.00	111.00	111.00	111.00	111.00	111.00	111.00	111.00	111.00	111.00	112.00	114.00	114.00	113.00	112.00	111.00	112.00	114.00	118.00	118.00	125.00	129.00	129.00	126.00	122.00	121.00	119.00	117.00	118.00	119.00	119.00	117.00	117.00	116.00	113.00	108.00	107.00	109.00	108.00	105.00	104.00	104.00	104.00	104.00	104.00	104.00	104.00	104.00	104.00	104.00	104.00	104.00	104.00	104.00	104.00	104.00	104.00	104.00	104.00	104.00	104.00	104.00	104.00	104.00	107.00	115.00	124.00	131.00	131.00	128.00	125.00	127.00	129.00	138.00	140.00	140.00	138.00	137.00	136.00	134.00	131.00	128.00	124.00	117.00	116.00	113.00	107.00	107.00	105.00	106.00	106.00	105.00	106.00	100.00	100.00	97.00	98.00	95.00	92.00	93.00	95.00	98.00	98.00	98.00	96.00	95.00	94.00	93.00	94.00	97.00	97.00	95.00	95.00	94.00	94.00	93.00	93.00	93.00	92.00	91.00	89.00	86.00	87.00	87.00	87.00	86.00	87.00	91.00	89.00	89.00	88.00	89.00	91.00	94.00	94.00	95.00	96.00	95.00	94.00	95.00	94.00	91.00	93.00	95.00	95.00	96.00	93.00	93.00	94.00	99.00	100.00	101.00	101.00	97.00	98.00	99.00	97.00	96.00	97.00	94.00	93.00	89.00	88.00	87.00	84.00	84.00	84.00	81.00	81.00	83.00	84.00	86.00	88.00	88.00	85.00	83.00	84.00	81.00	81.00	82.00	82.00	78.00	81.00	83.00	82.00	87.00	84.00	81.00	79.00	82.00	82.00	81.00	82.00	81.00	82.00	82.00	83.00	83.00	77.00	76.00	79.00	79.00	75.00
165.00	165.00	164.00	165.00	164.00	158.00	159.00	161.00	165.00	164.00	163.00	163.00	162.00	157.00	156.00	151.00	151.00	152.00	152.00	153.00	152.00	158.00	161.00	165.00	166.00	168.00	169.00	166.00	167.00	164.00	160.00	165.00	154.00	148.00	145.00	142.00	136.00	136.00	136.00	135.00	133.00	134.00	134.00	133.00	134.00	130.00	129.00	128.00	125.00	121.00	120.00	119.00	115.00	113.00	111.00	111.00	111.00	111.00	111.00	111.00	111.00	111.00	111.00	112.00	114.00	114.00	113.00	112.00	111.00	112.00	114.00	118.00	118.00	125.00	129.00	129.00	126.00	122.00	121.00	119.00	117.00	118.00	119.00	119.00	117.00	117.00	116.00	113.00	108.00	107.00	109.00	108.00	105.00	104.00	104.00	104.00	104.00	104.00	104.00	104.00	104.00	104.00	104.00	104.00	104.00	104.00	104.00	104.00	104.00	104.00	104.00	104.00	104.00	104.00	104.00	104.00	104.00	107.00	115.00	124.00	131.00	131.00	128.00	125.00	127.00	129.00	138.00	140.00	140.00	138.00	137.00	136.00	134.00	131.00	128.00	124.00	117.00	116.00	113.00	107.00	107.00	105.00	106.00	106.00	105.00	106.00	100.00	100.00	97.00	98.00	95.00	92.00	93.00	95.00	98.00	98.00	98.00	96.00	95.00	94.00	93.00	94.00	97.00	97.00	95.00	95.00	94.00	94.00	93.00	93.00	93.00	92.00	91.00	89.00	86.00	87.00	87.00	87.00	86.00	87.00	91.00	89.00	89.00	88.00	89.00	91.00	94.00	94.00	95.00	96.00	95.00	94.00	95.00	94.00	91.00	93.00	95.00	95.00	96.00	93.00	93.00	94.00	99.00	100.00	101.00	101.00	97.00	98.00	99.00	97.00	96.00	97.00	94.00	93.00	89.00	88.00	87.00	84.00	84.00	84.00	81.00	81.00	83.00	84.00	86.00	88.00	88.00	85.00	83.00	84.00	81.00	81.00	82.00	82.00	78.00	81.00	83.00	82.00	87.00	84.00	81.00	79.00	82.00	82.00	81.00	82.00	81.00	82.00	82.00	83.00	83.00	77.00	76.00	79.00	79.00	75.00
166.00	166.00	167.00	168.00	167.00	166.00	164.00	165.00	167.00	169.00	167.00	164.00	159.00	158.00	155.00	153.00	155.00	157.00	154.00	155.00	154.00	157.00	159.00	164.00	168.00	170.00	170.00	165.00	163.00	159.00	156.00	155.00	152.00	152.00	146.00	143.00	137.00	137.00	137.00	134.00	134.00	130.00	130.00	130.00	127.00	125.00	124.00	122.00	119.00	117.00	117.00	115.00	114.00	112.00	112.00	112.00	112.00	112.00	112.00	112.00	114.00	113.00	113.00	113.00	114.00	114.00	112.00	112.00	111.00	110.00	109.00	109.00	116.00	121.00	121.00	118.00	117.00	115.00	114.00	119.00	121.00	126.00	121.00	117.00	117.00	115.00	111.00	108.00	107.00	108.00	104.00	104.00	104.00	104.00	104.00	104.00	104.00	104.00	104.00	104.00	104.00	104.00	104.00	104.00	104.00	104.00	104.00	104.00	104.00	104.00	104.00	104.00	104.00	104.00	104.00	104.00	104.00	104.00	107.00	111.00	114.00	120.00	123.00	127.00	130.00	131.00	132.00	134.00	135.00	136.00	134.00	133.00	130.00	128.00	127.00	121.00	117.00	118.00	119.00	112.00	104.00	105.00	108.00	106.00	108.00	107.00	107.00	107.00	102.00	96.00	93.00	96.00	95.00	92.00	96.00	97.00	95.00	96.00	96.00	94.00	92.00	92.00	90.00	91.00	89.00	88.00	92.00	91.00	92.00	94.00	94.00	93.00	92.00	92.00	94.00	91.00	93.00	92.00	86.00	85.00	88.00	88.00	87.00	86.00	88.00	94.00	98.00	97.00	99.00	99.00	96.00	92.00	94.00	91.00	91.00	95.00	96.00	94.00	95.00	94.00	94.00	96.00	98.00	99.00	100.00	97.00	95.00	98.00	96.00	97.00	95.00	92.00	91.00	89.00	88.00	89.00	87.00	87.00	86.00	85.00	86.00	85.00	89.00	90.00	89.00	90.00	88.00	88.00	90.00	86.00	84.00	86.00	85.00	85.00	86.00	87.00	86.00	85.00	86.00	87.00	85.00	82.00	83.00	85.00	86.00	85.00	84.00	84.00	83.00	86.00	87.00	82.00	80.00	79.00	78.00	77.00
168.00	168.00	169.00	170.00	170.00	167.00	168.00	172.00	172.00	172.00	169.00	167.00	164.00	165.00	161.00	159.00	159.00	159.00	158.00	160.00	161.00	164.00	166.00	168.00	170.00	169.00	167.00	164.00	161.00	157.00	153.00	149.00	141.00	142.00	143.00	140.00	137.00	138.00	136.00	134.00	133.00	129.00	126.00	125.00	125.00	128.00	125.00	121.00	117.00	117.00	113.00	111.00	110.00	109.00	113.00	114.00	114.00	114.00	114.00	112.00	113.00	114.00	115.00	123.00	121.00	119.00	116.00	113.00	115.00	114.00	110.00	109.00	110.00	115.00	116.00	115.00	114.00	112.00	117.00	121.00	119.00	119.00	116.00	114.00	116.00	112.00	107.00	105.00	105.00	106.00	104.00	104.00	104.00	104.00	104.00	104.00	104.00	104.00	104.00	104.00	104.00	104.00	104.00	104.00	104.00	104.00	104.00	104.00	104.00	104.00	104.00	104.00	104.00	104.00	104.00	104.00	104.00	104.00	104.00	105.00	104.00	110.00	115.00	119.00	122.00	121.00	127.00	127.00	129.00	132.00	129.00	129.00	128.00	127.00	127.00	122.00	120.00	122.00	122.00	114.00	113.00	115.00	115.00	109.00	111.00	102.00	107.00	110.00	105.00	98.00	98.00	100.00	101.00	97.00	97.00	97.00	96.00	92.00	93.00	92.00	91.00	91.00	91.00	90.00	89.00	89.00	93.00	93.00	91.00	90.00	91.00	92.00	92.00	94.00	95.00	91.00	91.00	90.00	94.00	96.00	99.00	99.00	98.00	96.00	91.00	92.00	93.00	92.00	93.00	96.00	95.00	95.00	91.00	90.00	94.00	98.00	93.00	92.00	94.00	91.00	90.00	92.00	97.00	95.00	98.00	98.00	96.00	94.00	92.00	93.00	94.00	90.00	87.00	87.00	88.00	88.00	89.00	88.00	90.00	90.00	86.00	86.00	87.00	87.00	87.00	87.00	87.00	89.00	90.00	89.00	90.00	90.00	88.00	89.00	90.00	88.00	88.00	88.00	86.00	85.00	84.00	77.00	81.00	85.00	87.00	85.00	84.00	83.00	85.00	82.00	83.00	80.00	80.00	78.00	77.00	75.00
168.00	168.00	169.00	170.00	170.00	167.00	168.00	172.00	172.00	172.00	169.00	167.00	164.00	165.00	161.00	159.00	159.00	159.00	158.00	160.00	161.00	164.00	166.00	168.00	170.00	169.00	167.00	164.00	161.00	157.00	153.00	149.00	141.00	142.00	143.00	140.00	137.00	138.00	136.00	134.00	133.00	129.00	126.00	125.00	125.00	128.00	125.00	121.00	117.00	117.00	113.00	111.00	110.00	109.00	113.00	114.00	114.00	114.00	114.00	112.00	113.00	114.00	115.00	123.00	121.00	119.00	116.00	113.00	115.00	114.00	110.00	109.00	110.00	115.00	116.00	115.00	114.00	112.00	117.00	121.00	119.00	119.00	116.00	114.00	116.00	112.00	107.00	105.00	105.00	106.00	104.00	104.00	104.00	104.00	104.00	104.00	104.00	104.00	104.00	104.00	104.00	104.00	104.00	104.00	104.00	104.00	104.00	104.00	104.00	104.00	104.00	104.00	104.00	104.00	104.00	104.00	104.00	104.00	104.00	105.00	104.00	110.00	115.00	119.00	122.00	121.00	127.00	127.00	129.00	132.00	129.00	129.00	128.00	127.00	127.00	122.00	120.00	122.00	122.00	114.00	113.00	115.00	115.00	109.00	111.00	102.00	107.00	110.00	105.00	98.00	98.00	100.00	101.00	97.00	97.00	97.00	96.00	92.00	93.00	92.00	91.00	91.00	91.00	90.00	89.00	89.00	93.00	93.00	91.00	90.00	91.00	92.00	92.00	94.00	95.00	91.00	91.00	90.00	94.00	96.00	99.00	99.00	98.00	96.00	91.00	92.00	93.00	92.00	93.00	96.00	95.00	95.00	91.00	90.00	94.00	98.00	93.00	92.00	94.00	91.00	90.00	92.00	97.00	95.00	98.00	98.00	96.00	94.00	92.00	93.00	94.00	90.00	87.00	87.00	88.00	88.00	89.00	88.00	90.00	90.00	86.00	86.00	87.00	87.00	87.00	87.00	87.00	89.00	90.00	89.00	90.00	90.00	88.00	89.00	90.00	88.00	88.00	88.00	86.00	85.00	84.00	77.00	81.00	85.00	87.00	85.00	84.00	83.00	85.00	82.00	83.00	80.00	80.00	78.00	77.00	75.00
166.00	169.00	172.00	174.00	175.00	173.00	174.00	175.00	176.00	173.00	167.00	165.00	163.00	163.00	165.00	164.00	164.00	163.00	159.00	160.00	166.00	171.00	172.00	173.00	174.00	172.00	167.00	160.00	159.00	154.00	148.00	146.00	140.00	138.00	138.00	138.00	133.00	132.00	130.00	129.00	130.00	127.00	127.00	127.00	124.00	122.00	121.00	119.00	117.00	116.00	112.00	110.00	110.00	109.00	111.00	113.00	112.00	112.00	111.00	113.00	115.00	120.00	125.00	133.00	134.00	135.00	136.00	131.00	125.00	123.00	125.00	124.00	127.00	127.00	127.00	126.00	121.00	121.00	124.00	123.00	122.00	114.00	111.00	110.00	109.00	106.00	106.00	105.00	106.00	107.00	104.00	104.00	104.00	104.00	104.00	104.00	104.00	104.00	104.00	104.00	104.00	104.00	104.00	104.00	104.00	104.00	104.00	104.00	104.00	104.00	104.00	104.00	104.00	104.00	104.00	104.00	104.00	104.00	104.00	104.00	104.00	104.00	106.00	109.00	112.00	113.00	116.00	115.00	118.00	124.00	131.00	127.00	122.00	121.00	123.00	118.00	119.00	118.00	115.00	112.00	112.00	112.00	111.00	108.00	114.00	108.00	109.00	108.00	102.00	101.00	99.00	99.00	99.00	101.00	95.00	93.00	95.00	88.00	89.00	92.00	91.00	91.00	90.00	91.00	91.00	90.00	90.00	87.00	87.00	86.00	86.00	90.00	91.00	91.00	90.00	90.00	91.00	90.00	91.00	93.00	93.00	93.00	91.00	92.00	95.00	93.00	93.00	92.00	92.00	96.00	94.00	91.00	87.00	92.00	93.00	94.00	94.00	93.00	94.00	91.00	90.00	91.00	95.00	95.00	96.00	93.00	95.00	94.00	94.00	94.00	94.00	93.00	93.00	91.00	90.00	89.00	91.00	93.00	93.00	89.00	84.00	89.00	91.00	90.00	90.00	89.00	89.00	89.00	89.00	86.00	88.00	88.00	89.00	91.00	94.00	92.00	90.00	90.00	85.00	84.00	83.00	80.00	83.00	83.00	83.00	81.00	82.00	88.00	89.00	85.00	85.00	78.00	78.00	77.00	77.00	78.00
166.00	169.00	172.00	174.00	175.00	173.00	174.00	175.00	176.00	173.00	167.00	165.00	163.00	163.00	165.00	164.00	164.00	163.00	159.00	160.00	166.00	171.00	172.00	173.00	174.00	172.00	167.00	160.00	159.00	154.00	148.00	146.00	140.00	138.00	138.00	138.00	133.00	132.00	130.00	129.00	130.00	127.00	127.00	127.00	124.00	122.00	121.00	119.00	117.00	116.00	112.00	110.00	110.00	109.00	111.00	113.00	112.00	112.00	111.00	113.00	115.00	120.00	125.00	133.00	134.00	135.00	136.00	131.00	125.00	123.00	125.00	124.00	127.00	127.00	127.00	126.00	121.00	121.00	124.00	123.00	122.00	114.00	111.00	110.00	109.00	106.00	106.00	105.00	106.00	107.00	104.00	104.00	104.00	104.00	104.00	104.00	104.00	104.00	104.00	104.00	104.00	104.00	104.00	104.00	104.00	104.00	104.00	104.00	104.00	104.00	104.00	104.00	104.00	104.00	104.00	104.00	104.00	104.00	104.00	104.00	104.00	104.00	106.00	109.00	112.00	113.00	116.00	115.00	118.00	124.00	131.00	127.00	122.00	121.00	123.00	118.00	119.00	118.00	115.00	112.00	112.00	112.00	111.00	108.00	114.00	108.00	109.00	108.00	102.00	101.00	99.00	99.00	99.00	101.00	95.00	93.00	95.00	88.00	89.00	92.00	91.00	91.00	90.00	91.00	91.00	90.00	90.00	87.00	87.00	86.00	86.00	90.00	91.00	91.00	90.00	90.00	91.00	90.00	91.00	93.00	93.00	93.00	91.00	92.00	95.00	93.00	93.00	92.00	92.00	96.00	94.00	91.00	87.00	92.00	93.00	94.00	94.00	93.00	94.00	91.00	90.00	91.00	95.00	95.00	96.00	93.00	95.00	94.00	94.00	94.00	94.00	93.00	93.00	91.00	90.00	89.00	91.00	93.00	93.00	89.00	84.00	89.00	91.00	90.00	90.00	89.00	89.00	89.00	89.00	86.00	88.00	88.00	89.00	91.00	94.00	92.00	90.00	90.00	85.00	84.00	83.00	80.00	83.00	83.00	83.00	81.00	82.00	88.00	89.00	85.00	85.00	78.00	78.00	77.00	77.00	78.00
154.00	158.00	163.00	165.00	164.00	170.00	172.00	172.00	173.00	169.00	165.00	162.00	160.00	160.00	166.00	165.00	163.00	160.00	159.00	160.00	163.00	168.00	172.00	176.00	177.00	174.00	172.00	170.00	167.00	162.00	155.00	145.00	137.00	135.00	137.00	140.00	135.00	132.00	131.00	129.00	126.00	123.00	124.00	123.00	122.00	121.00	118.00	116.00	116.00	117.00	116.00	113.00	112.00	113.00	112.00	113.00	115.00	116.00	115.00	117.00	121.00	126.00	132.00	142.00	142.00	139.00	139.00	140.00	135.00	133.00	134.00	136.00	136.00	127.00	128.00	132.00	131.00	129.00	126.00	121.00	118.00	115.00	117.00	116.00	106.00	105.00	106.00	107.00	108.00	105.00	104.00	104.00	104.00	104.00	104.00	104.00	104.00	104.00	104.00	104.00	104.00	104.00	104.00	104.00	104.00	104.00	104.00	104.00	104.00	104.00	104.00	104.00	104.00	104.00	104.00	104.00	104.00	104.00	104.00	104.00	104.00	104.00	105.00	109.00	114.00	114.00	119.00	120.00	120.00	122.00	123.00	122.00	121.00	119.00	115.00	114.00	116.00	115.00	111.00	110.00	113.00	114.00	113.00	112.00	111.00	116.00	113.00	106.00	100.00	101.00	103.00	102.00	101.00	100.00	100.00	98.00	98.00	94.00	94.00	95.00	95.00	94.00	93.00	92.00	93.00	94.00	90.00	90.00	92.00	91.00	90.00	89.00	91.00	91.00	89.00	90.00	90.00	90.00	89.00	90.00	91.00	91.00	87.00	84.00	86.00	86.00	87.00	86.00	89.00	94.00	92.00	89.00	89.00	90.00	89.00	88.00	87.00	86.00	87.00	90.00	91.00	95.00	90.00	90.00	92.00	91.00	91.00	95.00	96.00	94.00	95.00	91.00	94.00	94.00	94.00	92.00	85.00	85.00	86.00	88.00	87.00	87.00	87.00	89.00	91.00	90.00	91.00	90.00	88.00	86.00	87.00	88.00	86.00	92.00	91.00	90.00	89.00	87.00	85.00	85.00	83.00	85.00	83.00	81.00	82.00	84.00	85.00	83.00	81.00	82.00	84.00	80.00	79.00	78.00	78.00	78.00
154.00	158.00	163.00	165.00	164.00	170.00	172.00	172.00	173.00	169.00	165.00	162.00	160.00	160.00	166.00	165.00	163.00	160.00	159.00	160.00	163.00	168.00	172.00	176.00	177.00	174.00	172.00	170.00	167.00	162.00	155.00	145.00	137.00	135.00	137.00	140.00	135.00	132.00	131.00	129.00	126.00	123.00	124.00	123.00	122.00	121.00	118.00	116.00	116.00	117.00	116.00	113.00	112.00	113.00	112.00	113.00	115.00	116.00	115.00	117.00	121.00	126.00	132.00	142.00	142.00	139.00	139.00	140.00	135.00	133.00	134.00	136.00	136.00	127.00	128.00	132.00	131.00	129.00	126.00	121.00	118.00	115.00	117.00	116.00	106.00	105.00	106.00	107.00	108.00	105.00	104.00	104.00	104.00	104.00	104.00	104.00	104.00	104.00	104.00	104.00	104.00	104.00	104.00	104.00	104.00	104.00	104.00	104.00	104.00	104.00	104.00	104.00	104.00	104.00	104.00	104.00	104.00	104.00	104.00	104.00	104.00	104.00	105.00	109.00	114.00	114.00	119.00	120.00	120.00	122.00	123.00	122.00	121.00	119.00	115.00	114.00	116.00	115.00	111.00	110.00	113.00	114.00	113.00	112.00	111.00	116.00	113.00	106.00	100.00	101.00	103.00	102.00	101.00	100.00	100.00	98.00	98.00	94.00	94.00	95.00	95.00	94.00	93.00	92.00	93.00	94.00	90.00	90.00	92.00	91.00	90.00	89.00	91.00	91.00	89.00	90.00	90.00	90.00	89.00	90.00	91.00	91.00	87.00	84.00	86.00	86.00	87.00	86.00	89.00	94.00	92.00	89.00	89.00	90.00	89.00	88.00	87.00	86.00	87.00	90.00	91.00	95.00	90.00	90.00	92.00	91.00	91.00	95.00	96.00	94.00	95.00	91.00	94.00	94.00	94.00	92.00	85.00	85.00	86.00	88.00	87.00	87.00	87.00	89.00	91.00	90.00	91.00	90.00	88.00	86.00	87.00	88.00	86.00	92.00	91.00	90.00	89.00	87.00	85.00	85.00	83.00	85.00	83.00	81.00	82.00	84.00	85.00	83.00	81.00	82.00	84.00	80.00	79.00	78.00	78.00	78.00
150.00	152.00	154.00	155.00	156.00	156.00	158.00	159.00	161.00	164.00	160.00	160.00	159.00	160.00	165.00	165.00	165.00	164.00	159.00	157.00	158.00	169.00	174.00	176.00	176.00	177.00	178.00	171.00	170.00	168.00	163.00	154.00	149.00	147.00	146.00	146.00	142.00	137.00	135.00	133.00	128.00	127.00	126.00	124.00	123.00	122.00	121.00	118.00	117.00	116.00	117.00	117.00	115.00	115.00	114.00	111.00	111.00	114.00	115.00	118.00	124.00	127.00	132.00	140.00	142.00	142.00	144.00	144.00	145.00	142.00	140.00	140.00	138.00	134.00	134.00	132.00	129.00	123.00	123.00	119.00	116.00	112.00	111.00	112.00	107.00	111.00	109.00	109.00	114.00	115.00	112.00	113.00	115.00	117.00	122.00	119.00	116.00	111.00	108.00	104.00	104.00	104.00	104.00	104.00	104.00	104.00	104.00	104.00	104.00	104.00	104.00	104.00	104.00	104.00	104.00	104.00	104.00	104.00	104.00	104.00	104.00	105.00	106.00	109.00	109.00	113.00	122.00	125.00	127.00	127.00	125.00	122.00	118.00	115.00	114.00	112.00	113.00	113.00	109.00	108.00	108.00	108.00	108.00	107.00	105.00	113.00	109.00	102.00	98.00	100.00	102.00	99.00	102.00	101.00	100.00	99.00	100.00	96.00	99.00	99.00	95.00	93.00	93.00	96.00	97.00	96.00	93.00	94.00	93.00	94.00	95.00	91.00	90.00	88.00	87.00	90.00	88.00	89.00	91.00	90.00	89.00	90.00	88.00	87.00	88.00	87.00	88.00	88.00	88.00	87.00	86.00	85.00	88.00	92.00	96.00	97.00	95.00	94.00	88.00	97.00	97.00	98.00	94.00	92.00	91.00	91.00	93.00	94.00	96.00	95.00	92.00	91.00	93.00	92.00	90.00	90.00	87.00	89.00	91.00	89.00	87.00	88.00	90.00	89.00	89.00	88.00	90.00	88.00	88.00	88.00	86.00	87.00	86.00	93.00	88.00	85.00	85.00	81.00	84.00	82.00	80.00	83.00	81.00	80.00	81.00	82.00	83.00	83.00	82.00	81.00	81.00	81.00	80.00	80.00	81.00	83.00
150.00	152.00	154.00	155.00	156.00	156.00	158.00	159.00	161.00	164.00	160.00	160.00	159.00	160.00	165.00	165.00	165.00	164.00	159.00	157.00	158.00	169.00	174.00	176.00	176.00	177.00	178.00	171.00	170.00	168.00	163.00	154.00	149.00	147.00	146.00	146.00	142.00	137.00	135.00	133.00	128.00	127.00	126.00	124.00	123.00	122.00	121.00	118.00	117.00	116.00	117.00	117.00	115.00	115.00	114.00	111.00	111.00	114.00	115.00	118.00	124.00	127.00	132.00	140.00	142.00	142.00	144.00	144.00	145.00	142.00	140.00	140.00	138.00	134.00	134.00	132.00	129.00	123.00	123.00	119.00	116.00	112.00	111.00	112.00	107.00	111.00	109.00	109.00	114.00	115.00	112.00	113.00	115.00	117.00	122.00	119.00	116.00	111.00	108.00	104.00	104.00	104.00	104.00	104.00	104.00	104.00	104.00	104.00	104.00	104.00	104.00	104.00	104.00	104.00	104.00	104.00	104.00	104.00	104.00	104.00	104.00	105.00	106.00	109.00	109.00	113.00	122.00	125.00	127.00	127.00	125.00	122.00	118.00	115.00	114.00	112.00	113.00	113.00	109.00	108.00	108.00	108.00	108.00	107.00	105.00	113.00	109.00	102.00	98.00	100.00	102.00	99.00	102.00	101.00	100.00	99.00	100.00	96.00	99.00	99.00	95.00	93.00	93.00	96.00	97.00	96.00	93.00	94.00	93.00	94.00	95.00	91.00	90.00	88.00	87.00	90.00	88.00	89.00	91.00	90.00	89.00	90.00	88.00	87.00	88.00	87.00	88.00	88.00	88.00	87.00	86.00	85.00	88.00	92.00	96.00	97.00	95.00	94.00	88.00	97.00	97.00	98.00	94.00	92.00	91.00	91.00	93.00	94.00	96.00	95.00	92.00	91.00	93.00	92.00	90.00	90.00	87.00	89.00	91.00	89.00	87.00	88.00	90.00	89.00	89.00	88.00	90.00	88.00	88.00	88.00	86.00	87.00	86.00	93.00	88.00	85.00	85.00	81.00	84.00	82.00	80.00	83.00	81.00	80.00	81.00	82.00	83.00	83.00	82.00	81.00	81.00	81.00	80.00	80.00	81.00	83.00
142.00	147.00	147.00	148.00	153.00	156.00	154.00	150.00	147.00	149.00	149.00	150.00	153.00	157.00	161.00	161.00	160.00	160.00	163.00	165.00	165.00	168.00	171.00	173.00	175.00	175.00	176.00	171.00	169.00	168.00	164.00	161.00	160.00	160.00	160.00	158.00	150.00	146.00	142.00	140.00	137.00	129.00	127.00	126.00	125.00	120.00	118.00	118.00	118.00	117.00	119.00	117.00	118.00	116.00	114.00	113.00	113.00	115.00	115.00	123.00	124.00	126.00	132.00	141.00	144.00	145.00	145.00	145.00	144.00	143.00	142.00	143.00	139.00	134.00	133.00	136.00	135.00	130.00	126.00	119.00	116.00	115.00	112.00	111.00	113.00	113.00	113.00	117.00	122.00	125.00	123.00	122.00	122.00	121.00	119.00	119.00	117.00	116.00	115.00	113.00	111.00	109.00	106.00	104.00	104.00	104.00	104.00	104.00	104.00	104.00	104.00	104.00	104.00	104.00	104.00	104.00	104.00	104.00	104.00	104.00	104.00	104.00	104.00	105.00	105.00	108.00	119.00	125.00	133.00	132.00	119.00	119.00	118.00	119.00	121.00	116.00	109.00	110.00	109.00	108.00	108.00	107.00	107.00	107.00	103.00	104.00	101.00	99.00	98.00	100.00	100.00	99.00	102.00	102.00	99.00	97.00	97.00	96.00	97.00	98.00	97.00	94.00	94.00	95.00	97.00	96.00	91.00	93.00	91.00	92.00	94.00	89.00	88.00	88.00	89.00	90.00	91.00	90.00	90.00	92.00	88.00	89.00	90.00	90.00	89.00	87.00	85.00	88.00	89.00	82.00	85.00	90.00	91.00	88.00	91.00	94.00	92.00	89.00	89.00	92.00	97.00	96.00	94.00	92.00	92.00	94.00	98.00	97.00	94.00	94.00	93.00	93.00	93.00	91.00	90.00	89.00	86.00	86.00	89.00	89.00	87.00	87.00	88.00	89.00	92.00	94.00	93.00	91.00	92.00	94.00	89.00	88.00	83.00	82.00	81.00	84.00	85.00	80.00	77.00	78.00	79.00	73.00	78.00	78.00	78.00	79.00	81.00	80.00	80.00	81.00	81.00	80.00	80.00	79.00	77.00	78.00
135.00	137.00	139.00	142.00	145.00	150.00	152.00	151.00	147.00	144.00	148.00	148.00	149.00	152.00	155.00	154.00	153.00	156.00	162.00	162.00	161.00	159.00	163.00	173.00	174.00	173.00	173.00	173.00	170.00	169.00	169.00	168.00	170.00	170.00	170.00	167.00	159.00	156.00	152.00	147.00	146.00	149.00	146.00	137.00	132.00	126.00	122.00	121.00	121.00	122.00	123.00	121.00	114.00	113.00	115.00	115.00	117.00	120.00	121.00	121.00	124.00	127.00	129.00	136.00	138.00	139.00	139.00	140.00	139.00	140.00	140.00	140.00	139.00	141.00	144.00	148.00	147.00	135.00	128.00	124.00	120.00	117.00	116.00	119.00	120.00	120.00	122.00	124.00	128.00	131.00	134.00	134.00	132.00	126.00	116.00	115.00	113.00	110.00	109.00	108.00	109.00	111.00	112.00	107.00	104.00	104.00	104.00	106.00	106.00	105.00	104.00	104.00	104.00	104.00	104.00	104.00	104.00	104.00	104.00	104.00	104.00	104.00	104.00	104.00	104.00	104.00	114.00	122.00	123.00	121.00	118.00	116.00	116.00	118.00	120.00	125.00	117.00	117.00	118.00	108.00	106.00	104.00	103.00	104.00	106.00	102.00	97.00	97.00	98.00	96.00	95.00	96.00	97.00	96.00	94.00	93.00	92.00	98.00	98.00	99.00	99.00	99.00	96.00	96.00	97.00	97.00	97.00	94.00	94.00	93.00	92.00	91.00	93.00	95.00	93.00	90.00	89.00	88.00	86.00	87.00	86.00	86.00	88.00	88.00	87.00	88.00	88.00	89.00	90.00	80.00	82.00	87.00	88.00	89.00	88.00	88.00	90.00	88.00	89.00	92.00	93.00	91.00	91.00	93.00	92.00	91.00	93.00	93.00	94.00	94.00	96.00	97.00	93.00	94.00	95.00	95.00	92.00	90.00	89.00	87.00	94.00	95.00	92.00	92.00	93.00	96.00	94.00	90.00	89.00	89.00	90.00	88.00	86.00	88.00	89.00	88.00	86.00	85.00	82.00	82.00	80.00	78.00	80.00	78.00	77.00	77.00	80.00	79.00	78.00	75.00	73.00	79.00	80.00	79.00	77.00	77.00
135.00	137.00	139.00	142.00	145.00	150.00	152.00	151.00	147.00	144.00	148.00	148.00	149.00	152.00	155.00	154.00	153.00	156.00	162.00	162.00	161.00	159.00	163.00	173.00	174.00	173.00	173.00	173.00	170.00	169.00	169.00	168.00	170.00	170.00	170.00	167.00	159.00	156.00	152.00	147.00	146.00	149.00	146.00	137.00	132.00	126.00	122.00	121.00	121.00	122.00	123.00	121.00	114.00	113.00	115.00	115.00	117.00	120.00	121.00	121.00	124.00	127.00	129.00	136.00	138.00	139.00	139.00	140.00	139.00	140.00	140.00	140.00	139.00	141.00	144.00	148.00	147.00	135.00	128.00	124.00	120.00	117.00	116.00	119.00	120.00	120.00	122.00	124.00	128.00	131.00	134.00	134.00	132.00	126.00	116.00	115.00	113.00	110.00	109.00	108.00	109.00	111.00	112.00	107.00	104.00	104.00	104.00	106.00	106.00	105.00	104.00	104.00	104.00	104.00	104.00	104.00	104.00	104.00	104.00	104.00	104.00	104.00	104.00	104.00	104.00	104.00	114.00	122.00	123.00	121.00	118.00	116.00	116.00	118.00	120.00	125.00	117.00	117.00	118.00	108.00	106.00	104.00	103.00	104.00	106.00	102.00	97.00	97.00	98.00	96.00	95.00	96.00	97.00	96.00	94.00	93.00	92.00	98.00	98.00	99.00	99.00	99.00	96.00	96.00	97.00	97.00	97.00	94.00	94.00	93.00	92.00	91.00	93.00	95.00	93.00	90.00	89.00	88.00	86.00	87.00	86.00	86.00	88.00	88.00	87.00	88.00	88.00	89.00	90.00	80.00	82.00	87.00	88.00	89.00	88.00	88.00	90.00	88.00	89.00	92.00	93.00	91.00	91.00	93.00	92.00	91.00	93.00	93.00	94.00	94.00	96.00	97.00	93.00	94.00	95.00	95.00	92.00	90.00	89.00	87.00	94.00	95.00	92.00	92.00	93.00	96.00	94.00	90.00	89.00	89.00	90.00	88.00	86.00	88.00	89.00	88.00	86.00	85.00	82.00	82.00	80.00	78.00	80.00	78.00	77.00	77.00	80.00	79.00	78.00	75.00	73.00	79.00	80.00	79.00	77.00	77.00
140.00	140.00	141.00	146.00	150.00	145.00	145.00	143.00	141.00	141.00	143.00	147.00	148.00	149.00	148.00	145.00	143.00	146.00	152.00	153.00	153.00	156.00	158.00	165.00	167.00	164.00	162.00	168.00	170.00	171.00	175.00	173.00	174.00	175.00	176.00	174.00	166.00	162.00	158.00	156.00	156.00	160.00	155.00	146.00	141.00	136.00	132.00	128.00	126.00	126.00	124.00	123.00	120.00	119.00	118.00	120.00	120.00	122.00	125.00	127.00	127.00	126.00	125.00	135.00	139.00	143.00	142.00	141.00	142.00	144.00	146.00	145.00	148.00	150.00	153.00	156.00	152.00	141.00	135.00	129.00	127.00	122.00	122.00	126.00	133.00	124.00	125.00	128.00	132.00	136.00	136.00	134.00	133.00	129.00	116.00	111.00	108.00	105.00	105.00	105.00	105.00	105.00	106.00	109.00	107.00	106.00	106.00	109.00	110.00	106.00	107.00	105.00	104.00	104.00	104.00	104.00	104.00	104.00	104.00	104.00	104.00	104.00	104.00	104.00	104.00	104.00	105.00	107.00	108.00	112.00	116.00	115.00	112.00	111.00	115.00	119.00	117.00	118.00	120.00	116.00	111.00	107.00	106.00	107.00	106.00	105.00	102.00	98.00	99.00	101.00	105.00	105.00	103.00	98.00	96.00	95.00	97.00	100.00	98.00	100.00	99.00	100.00	99.00	101.00	100.00	96.00	95.00	93.00	93.00	93.00	91.00	90.00	90.00	91.00	92.00	94.00	92.00	91.00	85.00	85.00	85.00	85.00	85.00	86.00	89.00	88.00	88.00	88.00	90.00	91.00	90.00	90.00	89.00	87.00	87.00	87.00	87.00	87.00	88.00	88.00	88.00	87.00	88.00	90.00	90.00	89.00	88.00	88.00	92.00	89.00	93.00	95.00	94.00	95.00	95.00	96.00	94.00	94.00	91.00	90.00	92.00	90.00	88.00	89.00	89.00	87.00	86.00	88.00	91.00	91.00	95.00	95.00	95.00	95.00	94.00	88.00	86.00	85.00	83.00	81.00	78.00	78.00	84.00	85.00	82.00	79.00	79.00	75.00	72.00	72.00	70.00	72.00	72.00	73.00	74.00	76.00
140.00	140.00	141.00	146.00	150.00	145.00	145.00	143.00	141.00	141.00	143.00	147.00	148.00	149.00	148.00	145.00	143.00	146.00	152.00	153.00	153.00	156.00	158.00	165.00	167.00	164.00	162.00	168.00	170.00	171.00	175.00	173.00	174.00	175.00	176.00	174.00	166.00	162.00	158.00	156.00	156.00	160.00	155.00	146.00	141.00	136.00	132.00	128.00	126.00	126.00	124.00	123.00	120.00	119.00	118.00	120.00	120.00	122.00	125.00	127.00	127.00	126.00	125.00	135.00	139.00	143.00	142.00	141.00	142.00	144.00	146.00	145.00	148.00	150.00	153.00	156.00	152.00	141.00	135.00	129.00	127.00	122.00	122.00	126.00	133.00	124.00	125.00	128.00	132.00	136.00	136.00	134.00	133.00	129.00	116.00	111.00	108.00	105.00	105.00	105.00	105.00	105.00	106.00	109.00	107.00	106.00	106.00	109.00	110.00	106.00	107.00	105.00	104.00	104.00	104.00	104.00	104.00	104.00	104.00	104.00	104.00	104.00	104.00	104.00	104.00	104.00	105.00	107.00	108.00	112.00	116.00	115.00	112.00	111.00	115.00	119.00	117.00	118.00	120.00	116.00	111.00	107.00	106.00	107.00	106.00	105.00	102.00	98.00	99.00	101.00	105.00	105.00	103.00	98.00	96.00	95.00	97.00	100.00	98.00	100.00	99.00	100.00	99.00	101.00	100.00	96.00	95.00	93.00	93.00	93.00	91.00	90.00	90.00	91.00	92.00	94.00	92.00	91.00	85.00	85.00	85.00	85.00	85.00	86.00	89.00	88.00	88.00	88.00	90.00	91.00	90.00	90.00	89.00	87.00	87.00	87.00	87.00	87.00	88.00	88.00	88.00	87.00	88.00	90.00	90.00	89.00	88.00	88.00	92.00	89.00	93.00	95.00	94.00	95.00	95.00	96.00	94.00	94.00	91.00	90.00	92.00	90.00	88.00	89.00	89.00	87.00	86.00	88.00	91.00	91.00	95.00	95.00	95.00	95.00	94.00	88.00	86.00	85.00	83.00	81.00	78.00	78.00	84.00	85.00	82.00	79.00	79.00	75.00	72.00	72.00	70.00	72.00	72.00	73.00	74.00	76.00
140.00	140.00	141.00	146.00	150.00	145.00	145.00	143.00	141.00	141.00	143.00	147.00	148.00	149.00	148.00	145.00	143.00	146.00	152.00	153.00	153.00	156.00	158.00	165.00	167.00	164.00	162.00	168.00	170.00	171.00	175.00	173.00	174.00	175.00	176.00	174.00	166.00	162.00	158.00	156.00	156.00	160.00	155.00	146.00	141.00	136.00	132.00	128.00	126.00	126.00	124.00	123.00	120.00	119.00	118.00	120.00	120.00	122.00	125.00	127.00	127.00	126.00	125.00	135.00	139.00	143.00	142.00	141.00	142.00	144.00	146.00	145.00	148.00	150.00	153.00	156.00	152.00	141.00	135.00	129.00	127.00	122.00	122.00	126.00	133.00	124.00	125.00	128.00	132.00	136.00	136.00	134.00	133.00	129.00	116.00	111.00	108.00	105.00	105.00	105.00	105.00	105.00	106.00	109.00	107.00	106.00	106.00	109.00	110.00	106.00	107.00	105.00	104.00	104.00	104.00	104.00	104.00	104.00	104.00	104.00	104.00	104.00	104.00	104.00	104.00	104.00	105.00	107.00	108.00	112.00	116.00	115.00	112.00	111.00	115.00	119.00	117.00	118.00	120.00	116.00	111.00	107.00	106.00	107.00	106.00	105.00	102.00	98.00	99.00	101.00	105.00	105.00	103.00	98.00	96.00	95.00	97.00	100.00	98.00	100.00	99.00	100.00	99.00	101.00	100.00	96.00	95.00	93.00	93.00	93.00	91.00	90.00	90.00	91.00	92.00	94.00	92.00	91.00	85.00	85.00	85.00	85.00	85.00	86.00	89.00	88.00	88.00	88.00	90.00	91.00	90.00	90.00	89.00	87.00	87.00	87.00	87.00	87.00	88.00	88.00	88.00	87.00	88.00	90.00	90.00	89.00	88.00	88.00	92.00	89.00	93.00	95.00	94.00	95.00	95.00	96.00	94.00	94.00	91.00	90.00	92.00	90.00	88.00	89.00	89.00	87.00	86.00	88.00	91.00	91.00	95.00	95.00	95.00	95.00	94.00	88.00	86.00	85.00	83.00	81.00	78.00	78.00	84.00	85.00	82.00	79.00	79.00	75.00	72.00	72.00	70.00	72.00	72.00	73.00	74.00	76.00
135.00	137.00	138.00	139.00	140.00	137.00	138.00	138.00	138.00	137.00	141.00	143.00	142.00	142.00	145.00	145.00	147.00	147.00	147.00	149.00	153.00	154.00	154.00	160.00	162.00	160.00	158.00	163.00	164.00	165.00	168.00	170.00	174.00	175.00	175.00	175.00	170.00	166.00	164.00	165.00	163.00	161.00	154.00	149.00	146.00	138.00	135.00	131.00	128.00	128.00	127.00	126.00	127.00	125.00	119.00	120.00	120.00	119.00	120.00	125.00	127.00	126.00	127.00	124.00	129.00	133.00	136.00	135.00	138.00	141.00	138.00	136.00	143.00	146.00	148.00	144.00	140.00	133.00	129.00	127.00	125.00	121.00	120.00	121.00	132.00	131.00	132.00	132.00	135.00	136.00	133.00	133.00	132.00	127.00	114.00	107.00	105.00	106.00	109.00	106.00	105.00	105.00	105.00	106.00	109.00	108.00	108.00	110.00	111.00	110.00	111.00	108.00	105.00	104.00	104.00	104.00	104.00	104.00	104.00	104.00	104.00	104.00	104.00	104.00	104.00	105.00	105.00	105.00	105.00	106.00	107.00	113.00	116.00	119.00	119.00	118.00	124.00	121.00	122.00	117.00	113.00	110.00	109.00	109.00	107.00	106.00	105.00	105.00	105.00	109.00	113.00	114.00	110.00	105.00	105.00	103.00	102.00	101.00	99.00	97.00	96.00	98.00	98.00	97.00	97.00	96.00	95.00	95.00	96.00	95.00	93.00	94.00	94.00	94.00	92.00	93.00	91.00	88.00	85.00	85.00	86.00	87.00	87.00	88.00	88.00	89.00	88.00	88.00	89.00	86.00	86.00	85.00	85.00	85.00	85.00	85.00	86.00	86.00	87.00	87.00	86.00	85.00	87.00	86.00	87.00	87.00	87.00	89.00	90.00	88.00	91.00	91.00	92.00	94.00	94.00	94.00	95.00	95.00	94.00	95.00	91.00	90.00	89.00	88.00	88.00	88.00	88.00	86.00	89.00	94.00	94.00	94.00	95.00	96.00	94.00	92.00	88.00	85.00	86.00	83.00	81.00	83.00	87.00	89.00	83.00	75.00	73.00	75.00	75.00	72.00	70.00	70.00	73.00	74.00	69.00	67.00
135.00	137.00	138.00	139.00	140.00	137.00	138.00	138.00	138.00	137.00	141.00	143.00	142.00	142.00	145.00	145.00	147.00	147.00	147.00	149.00	153.00	154.00	154.00	160.00	162.00	160.00	158.00	163.00	164.00	165.00	168.00	170.00	174.00	175.00	175.00	175.00	170.00	166.00	164.00	165.00	163.00	161.00	154.00	149.00	146.00	138.00	135.00	131.00	128.00	128.00	127.00	126.00	127.00	125.00	119.00	120.00	120.00	119.00	120.00	125.00	127.00	126.00	127.00	124.00	129.00	133.00	136.00	135.00	138.00	141.00	138.00	136.00	143.00	146.00	148.00	144.00	140.00	133.00	129.00	127.00	125.00	121.00	120.00	121.00	132.00	131.00	132.00	132.00	135.00	136.00	133.00	133.00	132.00	127.00	114.00	107.00	105.00	106.00	109.00	106.00	105.00	105.00	105.00	106.00	109.00	108.00	108.00	110.00	111.00	110.00	111.00	108.00	105.00	104.00	104.00	104.00	104.00	104.00	104.00	104.00	104.00	104.00	104.00	104.00	104.00	105.00	105.00	105.00	105.00	106.00	107.00	113.00	116.00	119.00	119.00	118.00	124.00	121.00	122.00	117.00	113.00	110.00	109.00	109.00	107.00	106.00	105.00	105.00	105.00	109.00	113.00	114.00	110.00	105.00	105.00	103.00	102.00	101.00	99.00	97.00	96.00	98.00	98.00	97.00	97.00	96.00	95.00	95.00	96.00	95.00	93.00	94.00	94.00	94.00	92.00	93.00	91.00	88.00	85.00	85.00	86.00	87.00	87.00	88.00	88.00	89.00	88.00	88.00	89.00	86.00	86.00	85.00	85.00	85.00	85.00	85.00	86.00	86.00	87.00	87.00	86.00	85.00	87.00	86.00	87.00	87.00	87.00	89.00	90.00	88.00	91.00	91.00	92.00	94.00	94.00	94.00	95.00	95.00	94.00	95.00	91.00	90.00	89.00	88.00	88.00	88.00	88.00	86.00	89.00	94.00	94.00	94.00	95.00	96.00	94.00	92.00	88.00	85.00	86.00	83.00	81.00	83.00	87.00	89.00	83.00	75.00	73.00	75.00	75.00	72.00	70.00	70.00	73.00	74.00	69.00	67.00
131.00	133.00	136.00	137.00	136.00	132.00	135.00	137.00	139.00	139.00	142.00	143.00	142.00	142.00	143.00	143.00	143.00	138.00	141.00	144.00	145.00	152.00	151.00	152.00	153.00	154.00	159.00	169.00	168.00	164.00	163.00	166.00	167.00	168.00	169.00	168.00	166.00	166.00	166.00	168.00	171.00	162.00	157.00	155.00	150.00	142.00	139.00	135.00	133.00	132.00	125.00	127.00	123.00	124.00	124.00	125.00	123.00	122.00	122.00	126.00	123.00	123.00	126.00	123.00	123.00	126.00	129.00	130.00	138.00	136.00	132.00	130.00	143.00	139.00	139.00	138.00	137.00	137.00	134.00	131.00	128.00	125.00	124.00	123.00	121.00	122.00	128.00	130.00	133.00	132.00	134.00	134.00	131.00	127.00	108.00	105.00	105.00	106.00	107.00	103.00	102.00	103.00	105.00	112.00	114.00	115.00	113.00	116.00	108.00	109.00	109.00	111.00	107.00	107.00	107.00	108.00	107.00	106.00	106.00	105.00	104.00	104.00	104.00	104.00	104.00	104.00	104.00	104.00	104.00	104.00	104.00	107.00	109.00	111.00	111.00	116.00	122.00	124.00	124.00	121.00	119.00	115.00	112.00	108.00	107.00	110.00	107.00	107.00	108.00	109.00	109.00	109.00	108.00	107.00	106.00	104.00	104.00	98.00	99.00	99.00	98.00	97.00	96.00	97.00	95.00	95.00	92.00	91.00	93.00	94.00	94.00	94.00	97.00	98.00	97.00	99.00	96.00	93.00	87.00	87.00	85.00	85.00	85.00	85.00	86.00	87.00	88.00	87.00	87.00	88.00	87.00	85.00	85.00	85.00	85.00	85.00	85.00	85.00	85.00	85.00	85.00	85.00	85.00	85.00	85.00	85.00	85.00	89.00	89.00	88.00	88.00	90.00	93.00	94.00	93.00	91.00	90.00	90.00	91.00	91.00	90.00	89.00	88.00	88.00	90.00	93.00	93.00	94.00	94.00	93.00	95.00	93.00	93.00	95.00	95.00	92.00	87.00	85.00	82.00	81.00	81.00	79.00	87.00	86.00	77.00	73.00	75.00	69.00	68.00	67.00	70.00	69.00	72.00	68.00	61.00	61.00
125.00	126.00	129.00	131.00	132.00	134.00	135.00	136.00	137.00	140.00	140.00	139.00	141.00	142.00	144.00	144.00	142.00	141.00	147.00	147.00	144.00	147.00	147.00	151.00	151.00	152.00	156.00	168.00	170.00	169.00	168.00	169.00	161.00	160.00	159.00	157.00	156.00	158.00	159.00	163.00	165.00	161.00	157.00	154.00	152.00	149.00	147.00	146.00	143.00	138.00	131.00	129.00	131.00	130.00	127.00	126.00	125.00	124.00	126.00	127.00	127.00	126.00	127.00	127.00	126.00	123.00	123.00	123.00	127.00	128.00	127.00	127.00	136.00	137.00	136.00	137.00	136.00	135.00	133.00	127.00	124.00	120.00	122.00	122.00	123.00	126.00	129.00	131.00	131.00	130.00	127.00	129.00	129.00	127.00	109.00	110.00	113.00	116.00	118.00	108.00	103.00	101.00	103.00	103.00	108.00	106.00	99.00	99.00	99.00	105.00	113.00	115.00	109.00	107.00	108.00	110.00	111.00	113.00	113.00	107.00	104.00	105.00	108.00	113.00	111.00	109.00	104.00	106.00	107.00	106.00	106.00	105.00	104.00	104.00	104.00	106.00	111.00	110.00	111.00	116.00	116.00	116.00	113.00	112.00	107.00	108.00	108.00	107.00	108.00	108.00	108.00	107.00	108.00	103.00	101.00	102.00	105.00	98.00	97.00	99.00	98.00	100.00	98.00	98.00	98.00	99.00	95.00	95.00	93.00	92.00	92.00	88.00	88.00	94.00	96.00	101.00	99.00	96.00	91.00	91.00	92.00	91.00	89.00	85.00	85.00	85.00	86.00	87.00	88.00	89.00	92.00	93.00	89.00	86.00	85.00	85.00	85.00	85.00	85.00	85.00	85.00	85.00	85.00	85.00	85.00	85.00	85.00	86.00	87.00	86.00	89.00	92.00	93.00	91.00	89.00	89.00	88.00	88.00	87.00	87.00	89.00	91.00	91.00	89.00	89.00	91.00	93.00	94.00	96.00	93.00	93.00	96.00	98.00	99.00	97.00	94.00	91.00	89.00	84.00	84.00	84.00	83.00	82.00	78.00	74.00	76.00	78.00	75.00	73.00	70.00	69.00	68.00	69.00	69.00	66.00	61.00
125.00	126.00	129.00	131.00	132.00	134.00	135.00	136.00	137.00	140.00	140.00	139.00	141.00	142.00	144.00	144.00	142.00	141.00	147.00	147.00	144.00	147.00	147.00	151.00	151.00	152.00	156.00	168.00	170.00	169.00	168.00	169.00	161.00	160.00	159.00	157.00	156.00	158.00	159.00	163.00	165.00	161.00	157.00	154.00	152.00	149.00	147.00	146.00	143.00	138.00	131.00	129.00	131.00	130.00	127.00	126.00	125.00	124.00	126.00	127.00	127.00	126.00	127.00	127.00	126.00	123.00	123.00	123.00	127.00	128.00	127.00	127.00	136.00	137.00	136.00	137.00	136.00	135.00	133.00	127.00	124.00	120.00	122.00	122.00	123.00	126.00	129.00	131.00	131.00	130.00	127.00	129.00	129.00	127.00	109.00	110.00	113.00	116.00	118.00	108.00	103.00	101.00	103.00	103.00	108.00	106.00	99.00	99.00	99.00	105.00	113.00	115.00	109.00	107.00	108.00	110.00	111.00	113.00	113.00	107.00	104.00	105.00	108.00	113.00	111.00	109.00	104.00	106.00	107.00	106.00	106.00	105.00	104.00	104.00	104.00	106.00	111.00	110.00	111.00	116.00	116.00	116.00	113.00	112.00	107.00	108.00	108.00	107.00	108.00	108.00	108.00	107.00	108.00	103.00	101.00	102.00	105.00	98.00	97.00	99.00	98.00	100.00	98.00	98.00	98.00	99.00	95.00	95.00	93.00	92.00	92.00	88.00	88.00	94.00	96.00	101.00	99.00	96.00	91.00	91.00	92.00	91.00	89.00	85.00	85.00	85.00	86.00	87.00	88.00	89.00	92.00	93.00	89.00	86.00	85.00	85.00	85.00	85.00	85.00	85.00	85.00	85.00	85.00	85.00	85.00	85.00	85.00	86.00	87.00	86.00	89.00	92.00	93.00	91.00	89.00	89.00	88.00	88.00	87.00	87.00	89.00	91.00	91.00	89.00	89.00	91.00	93.00	94.00	96.00	93.00	93.00	96.00	98.00	99.00	97.00	94.00	91.00	89.00	84.00	84.00	84.00	83.00	82.00	78.00	74.00	76.00	78.00	75.00	73.00	70.00	69.00	68.00	69.00	69.00	66.00	61.00
122.00	124.00	124.00	127.00	128.00	128.00	130.00	134.00	135.00	138.00	138.00	137.00	139.00	142.00	139.00	139.00	141.00	142.00	144.00	143.00	141.00	144.00	147.00	153.00	153.00	152.00	153.00	157.00	160.00	164.00	163.00	167.00	159.00	156.00	152.00	149.00	145.00	147.00	147.00	149.00	150.00	150.00	156.00	157.00	157.00	149.00	147.00	145.00	142.00	140.00	135.00	133.00	135.00	135.00	131.00	130.00	128.00	128.00	130.00	127.00	128.00	129.00	131.00	126.00	125.00	124.00	127.00	128.00	123.00	126.00	129.00	131.00	131.00	134.00	135.00	135.00	134.00	133.00	131.00	128.00	127.00	121.00	122.00	120.00	119.00	123.00	127.00	131.00	131.00	132.00	128.00	124.00	125.00	127.00	114.00	114.00	117.00	119.00	120.00	116.00	113.00	113.00	109.00	101.00	97.00	97.00	99.00	97.00	98.00	105.00	111.00	115.00	116.00	110.00	110.00	111.00	113.00	113.00	113.00	107.00	104.00	109.00	113.00	117.00	118.00	119.00	109.00	110.00	113.00	111.00	114.00	114.00	111.00	108.00	106.00	104.00	107.00	108.00	107.00	109.00	111.00	111.00	110.00	110.00	107.00	107.00	109.00	112.00	106.00	103.00	102.00	103.00	108.00	107.00	104.00	102.00	105.00	101.00	99.00	101.00	100.00	103.00	101.00	99.00	99.00	99.00	96.00	91.00	90.00	92.00	94.00	92.00	93.00	94.00	96.00	97.00	96.00	94.00	91.00	89.00	92.00	92.00	92.00	89.00	85.00	85.00	88.00	88.00	87.00	85.00	85.00	85.00	85.00	85.00	85.00	85.00	85.00	85.00	85.00	85.00	85.00	85.00	85.00	85.00	85.00	85.00	85.00	85.00	85.00	85.00	85.00	86.00	86.00	86.00	86.00	86.00	85.00	85.00	85.00	85.00	87.00	89.00	90.00	90.00	92.00	91.00	92.00	93.00	96.00	104.00	101.00	101.00	102.00	100.00	96.00	93.00	92.00	90.00	88.00	87.00	84.00	83.00	80.00	80.00	80.00	77.00	77.00	72.00	71.00	72.00	72.00	70.00	72.00	70.00	67.00	65.00
122.00	124.00	124.00	127.00	128.00	128.00	130.00	134.00	135.00	138.00	138.00	137.00	139.00	142.00	139.00	139.00	141.00	142.00	144.00	143.00	141.00	144.00	147.00	153.00	153.00	152.00	153.00	157.00	160.00	164.00	163.00	167.00	159.00	156.00	152.00	149.00	145.00	147.00	147.00	149.00	150.00	150.00	156.00	157.00	157.00	149.00	147.00	145.00	142.00	140.00	135.00	133.00	135.00	135.00	131.00	130.00	128.00	128.00	130.00	127.00	128.00	129.00	131.00	126.00	125.00	124.00	127.00	128.00	123.00	126.00	129.00	131.00	131.00	134.00	135.00	135.00	134.00	133.00	131.00	128.00	127.00	121.00	122.00	120.00	119.00	123.00	127.00	131.00	131.00	132.00	128.00	124.00	125.00	127.00	114.00	114.00	117.00	119.00	120.00	116.00	113.00	113.00	109.00	101.00	97.00	97.00	99.00	97.00	98.00	105.00	111.00	115.00	116.00	110.00	110.00	111.00	113.00	113.00	113.00	107.00	104.00	109.00	113.00	117.00	118.00	119.00	109.00	110.00	113.00	111.00	114.00	114.00	111.00	108.00	106.00	104.00	107.00	108.00	107.00	109.00	111.00	111.00	110.00	110.00	107.00	107.00	109.00	112.00	106.00	103.00	102.00	103.00	108.00	107.00	104.00	102.00	105.00	101.00	99.00	101.00	100.00	103.00	101.00	99.00	99.00	99.00	96.00	91.00	90.00	92.00	94.00	92.00	93.00	94.00	96.00	97.00	96.00	94.00	91.00	89.00	92.00	92.00	92.00	89.00	85.00	85.00	88.00	88.00	87.00	85.00	85.00	85.00	85.00	85.00	85.00	85.00	85.00	85.00	85.00	85.00	85.00	85.00	85.00	85.00	85.00	85.00	85.00	85.00	85.00	85.00	85.00	86.00	86.00	86.00	86.00	86.00	85.00	85.00	85.00	85.00	87.00	89.00	90.00	90.00	92.00	91.00	92.00	93.00	96.00	104.00	101.00	101.00	102.00	100.00	96.00	93.00	92.00	90.00	88.00	87.00	84.00	83.00	80.00	80.00	80.00	77.00	77.00	72.00	71.00	72.00	72.00	70.00	72.00	70.00	67.00	65.00
124.00	127.00	126.00	124.00	125.00	126.00	127.00	130.00	134.00	140.00	137.00	137.00	137.00	138.00	140.00	139.00	139.00	139.00	141.00	142.00	142.00	141.00	141.00	141.00	144.00	146.00	147.00	153.00	151.00	150.00	153.00	161.00	158.00	155.00	150.00	146.00	139.00	139.00	140.00	140.00	142.00	135.00	139.00	144.00	145.00	148.00	145.00	144.00	143.00	137.00	136.00	138.00	137.00	136.00	131.00	132.00	132.00	130.00	128.00	129.00	128.00	128.00	129.00	126.00	125.00	126.00	127.00	129.00	127.00	127.00	128.00	126.00	127.00	130.00	133.00	134.00	135.00	132.00	130.00	126.00	122.00	120.00	118.00	116.00	117.00	122.00	125.00	127.00	126.00	128.00	132.00	130.00	129.00	127.00	117.00	116.00	114.00	111.00	110.00	107.00	108.00	112.00	111.00	105.00	98.00	96.00	96.00	96.00	96.00	96.00	98.00	102.00	108.00	109.00	108.00	108.00	113.00	113.00	113.00	107.00	104.00	107.00	114.00	121.00	119.00	117.00	117.00	117.00	116.00	117.00	119.00	121.00	119.00	115.00	114.00	107.00	105.00	105.00	107.00	110.00	110.00	109.00	109.00	107.00	106.00	106.00	108.00	110.00	106.00	105.00	102.00	101.00	103.00	103.00	101.00	98.00	96.00	103.00	105.00	105.00	104.00	104.00	104.00	103.00	104.00	105.00	101.00	96.00	96.00	98.00	100.00	98.00	97.00	100.00	101.00	97.00	94.00	91.00	92.00	91.00	89.00	89.00	89.00	90.00	86.00	85.00	85.00	85.00	85.00	87.00	87.00	86.00	86.00	86.00	85.00	85.00	85.00	85.00	85.00	85.00	85.00	85.00	85.00	85.00	85.00	85.00	85.00	85.00	85.00	85.00	86.00	89.00	87.00	85.00	85.00	85.00	85.00	87.00	87.00	87.00	94.00	94.00	94.00	94.00	91.00	92.00	95.00	94.00	95.00	98.00	96.00	95.00	97.00	98.00	94.00	91.00	91.00	91.00	90.00	89.00	87.00	87.00	84.00	83.00	82.00	79.00	79.00	75.00	74.00	72.00	70.00	74.00	72.00	66.00	65.00	65.00
124.00	127.00	126.00	124.00	125.00	126.00	127.00	130.00	134.00	140.00	137.00	137.00	137.00	138.00	140.00	139.00	139.00	139.00	141.00	142.00	142.00	141.00	141.00	141.00	144.00	146.00	147.00	153.00	151.00	150.00	153.00	161.00	158.00	155.00	150.00	146.00	139.00	139.00	140.00	140.00	142.00	135.00	139.00	144.00	145.00	148.00	145.00	144.00	143.00	137.00	136.00	138.00	137.00	136.00	131.00	132.00	132.00	130.00	128.00	129.00	128.00	128.00	129.00	126.00	125.00	126.00	127.00	129.00	127.00	127.00	128.00	126.00	127.00	130.00	133.00	134.00	135.00	132.00	130.00	126.00	122.00	120.00	118.00	116.00	117.00	122.00	125.00	127.00	126.00	128.00	132.00	130.00	129.00	127.00	117.00	116.00	114.00	111.00	110.00	107.00	108.00	112.00	111.00	105.00	98.00	96.00	96.00	96.00	96.00	96.00	98.00	102.00	108.00	109.00	108.00	108.00	113.00	113.00	113.00	107.00	104.00	107.00	114.00	121.00	119.00	117.00	117.00	117.00	116.00	117.00	119.00	121.00	119.00	115.00	114.00	107.00	105.00	105.00	107.00	110.00	110.00	109.00	109.00	107.00	106.00	106.00	108.00	110.00	106.00	105.00	102.00	101.00	103.00	103.00	101.00	98.00	96.00	103.00	105.00	105.00	104.00	104.00	104.00	103.00	104.00	105.00	101.00	96.00	96.00	98.00	100.00	98.00	97.00	100.00	101.00	97.00	94.00	91.00	92.00	91.00	89.00	89.00	89.00	90.00	86.00	85.00	85.00	85.00	85.00	87.00	87.00	86.00	86.00	86.00	85.00	85.00	85.00	85.00	85.00	85.00	85.00	85.00	85.00	85.00	85.00	85.00	85.00	85.00	85.00	85.00	86.00	89.00	87.00	85.00	85.00	85.00	85.00	87.00	87.00	87.00	94.00	94.00	94.00	94.00	91.00	92.00	95.00	94.00	95.00	98.00	96.00	95.00	97.00	98.00	94.00	91.00	91.00	91.00	90.00	89.00	87.00	87.00	84.00	83.00	82.00	79.00	79.00	75.00	74.00	72.00	70.00	74.00	72.00	66.00	65.00	65.00
124.00	128.00	128.00	124.00	124.00	124.00	126.00	128.00	133.00	138.00	140.00	140.00	138.00	138.00	139.00	137.00	135.00	137.00	137.00	138.00	138.00	139.00	138.00	138.00	140.00	142.00	145.00	145.00	146.00	147.00	148.00	149.00	151.00	148.00	144.00	142.00	142.00	139.00	137.00	136.00	134.00	137.00	136.00	133.00	132.00	135.00	134.00	133.00	136.00	137.00	136.00	135.00	140.00	139.00	137.00	137.00	136.00	131.00	129.00	130.00	128.00	126.00	125.00	122.00	123.00	125.00	126.00	127.00	126.00	126.00	126.00	124.00	125.00	125.00	127.00	130.00	132.00	135.00	134.00	134.00	131.00	122.00	121.00	119.00	117.00	119.00	119.00	124.00	127.00	127.00	129.00	127.00	124.00	121.00	118.00	120.00	117.00	114.00	111.00	110.00	108.00	109.00	108.00	105.00	96.00	96.00	96.00	96.00	96.00	96.00	97.00	98.00	99.00	104.00	107.00	112.00	112.00	111.00	110.00	109.00	109.00	111.00	114.00	113.00	109.00	111.00	116.00	117.00	118.00	121.00	123.00	122.00	124.00	126.00	125.00	115.00	106.00	104.00	104.00	105.00	105.00	106.00	106.00	104.00	103.00	106.00	108.00	105.00	103.00	103.00	102.00	101.00	102.00	100.00	101.00	105.00	105.00	103.00	102.00	105.00	106.00	102.00	104.00	104.00	103.00	106.00	97.00	96.00	95.00	95.00	96.00	96.00	99.00	99.00	98.00	97.00	96.00	94.00	94.00	94.00	96.00	96.00	95.00	94.00	92.00	90.00	89.00	93.00	91.00	93.00	95.00	95.00	93.00	89.00	90.00	89.00	87.00	85.00	85.00	85.00	85.00	85.00	85.00	85.00	85.00	85.00	85.00	85.00	85.00	85.00	85.00	86.00	87.00	87.00	87.00	87.00	87.00	89.00	89.00	91.00	94.00	92.00	90.00	91.00	94.00	94.00	95.00	94.00	95.00	95.00	99.00	98.00	96.00	97.00	94.00	92.00	90.00	90.00	92.00	88.00	86.00	88.00	85.00	86.00	87.00	84.00	82.00	76.00	74.00	73.00	73.00	76.00	74.00	73.00	69.00	67.00
121.00	120.00	121.00	120.00	123.00	125.00	125.00	129.00	131.00	132.00	136.00	135.00	134.00	134.00	136.00	134.00	136.00	137.00	134.00	135.00	136.00	136.00	134.00	136.00	137.00	136.00	136.00	137.00	138.00	140.00	141.00	139.00	141.00	142.00	137.00	135.00	135.00	135.00	136.00	133.00	131.00	128.00	127.00	127.00	127.00	127.00	126.00	126.00	127.00	126.00	129.00	129.00	135.00	135.00	135.00	138.00	137.00	134.00	134.00	132.00	131.00	129.00	127.00	120.00	122.00	125.00	124.00	123.00	126.00	125.00	125.00	125.00	123.00	123.00	126.00	131.00	135.00	137.00	134.00	129.00	126.00	122.00	121.00	121.00	122.00	122.00	123.00	127.00	129.00	127.00	125.00	122.00	122.00	122.00	117.00	118.00	115.00	112.00	110.00	111.00	109.00	109.00	106.00	103.00	97.00	96.00	96.00	97.00	101.00	103.00	102.00	101.00	103.00	111.00	113.00	119.00	119.00	107.00	102.00	101.00	98.00	103.00	109.00	108.00	109.00	108.00	120.00	121.00	121.00	124.00	131.00	127.00	125.00	122.00	122.00	121.00	115.00	111.00	107.00	104.00	102.00	99.00	98.00	100.00	105.00	109.00	113.00	113.00	105.00	102.00	101.00	102.00	103.00	102.00	104.00	104.00	102.00	101.00	102.00	102.00	101.00	100.00	102.00	99.00	98.00	98.00	100.00	95.00	96.00	97.00	96.00	96.00	98.00	97.00	95.00	96.00	95.00	93.00	94.00	95.00	98.00	97.00	94.00	95.00	93.00	94.00	92.00	91.00	91.00	99.00	99.00	94.00	94.00	94.00	93.00	92.00	89.00	88.00	88.00	88.00	89.00	91.00	86.00	86.00	88.00	87.00	87.00	88.00	87.00	86.00	86.00	90.00	93.00	95.00	95.00	94.00	95.00	96.00	95.00	94.00	97.00	98.00	106.00	107.00	99.00	97.00	99.00	99.00	97.00	96.00	106.00	104.00	96.00	93.00	95.00	95.00	93.00	91.00	90.00	89.00	91.00	87.00	87.00	84.00	81.00	79.00	82.00	78.00	75.00	75.00	77.00	79.00	77.00	76.00	74.00	71.00
121.00	120.00	121.00	120.00	123.00	125.00	125.00	129.00	131.00	132.00	136.00	135.00	134.00	134.00	136.00	134.00	136.00	137.00	134.00	135.00	136.00	136.00	134.00	136.00	137.00	136.00	136.00	137.00	138.00	140.00	141.00	139.00	141.00	142.00	137.00	135.00	135.00	135.00	136.00	133.00	131.00	128.00	127.00	127.00	127.00	127.00	126.00	126.00	127.00	126.00	129.00	129.00	135.00	135.00	135.00	138.00	137.00	134.00	134.00	132.00	131.00	129.00	127.00	120.00	122.00	125.00	124.00	123.00	126.00	125.00	125.00	125.00	123.00	123.00	126.00	131.00	135.00	137.00	134.00	129.00	126.00	122.00	121.00	121.00	122.00	122.00	123.00	127.00	129.00	127.00	125.00	122.00	122.00	122.00	117.00	118.00	115.00	112.00	110.00	111.00	109.00	109.00	106.00	103.00	97.00	96.00	96.00	97.00	101.00	103.00	102.00	101.00	103.00	111.00	113.00	119.00	119.00	107.00	102.00	101.00	98.00	103.00	109.00	108.00	109.00	108.00	120.00	121.00	121.00	124.00	131.00	127.00	125.00	122.00	122.00	121.00	115.00	111.00	107.00	104.00	102.00	99.00	98.00	100.00	105.00	109.00	113.00	113.00	105.00	102.00	101.00	102.00	103.00	102.00	104.00	104.00	102.00	101.00	102.00	102.00	101.00	100.00	102.00	99.00	98.00	98.00	100.00	95.00	96.00	97.00	96.00	96.00	98.00	97.00	95.00	96.00	95.00	93.00	94.00	95.00	98.00	97.00	94.00	95.00	93.00	94.00	92.00	91.00	91.00	99.00	99.00	94.00	94.00	94.00	93.00	92.00	89.00	88.00	88.00	88.00	89.00	91.00	86.00	86.00	88.00	87.00	87.00	88.00	87.00	86.00	86.00	90.00	93.00	95.00	95.00	94.00	95.00	96.00	95.00	94.00	97.00	98.00	106.00	107.00	99.00	97.00	99.00	99.00	97.00	96.00	106.00	104.00	96.00	93.00	95.00	95.00	93.00	91.00	90.00	89.00	91.00	87.00	87.00	84.00	81.00	79.00	82.00	78.00	75.00	75.00	77.00	79.00	77.00	76.00	74.00	71.00
118.00	116.00	116.00	118.00	122.00	123.00	127.00	128.00	129.00	133.00	134.00	133.00	133.00	131.00	129.00	130.00	131.00	133.00	132.00	133.00	134.00	135.00	133.00	132.00	131.00	133.00	134.00	134.00	133.00	132.00	130.00	131.00	132.00	131.00	129.00	130.00	131.00	132.00	132.00	132.00	129.00	125.00	126.00	126.00	124.00	121.00	116.00	118.00	125.00	128.00	128.00	129.00	130.00	130.00	130.00	130.00	129.00	129.00	131.00	132.00	133.00	136.00	135.00	131.00	127.00	124.00	125.00	125.00	122.00	123.00	125.00	125.00	124.00	121.00	120.00	122.00	123.00	125.00	126.00	124.00	122.00	114.00	111.00	112.00	115.00	115.00	119.00	122.00	123.00	125.00	121.00	123.00	127.00	130.00	132.00	126.00	121.00	115.00	109.00	111.00	107.00	104.00	106.00	114.00	109.00	108.00	107.00	108.00	112.00	116.00	114.00	103.00	100.00	100.00	100.00	101.00	101.00	96.00	96.00	96.00	96.00	96.00	99.00	108.00	112.00	113.00	121.00	120.00	123.00	125.00	130.00	129.00	125.00	124.00	122.00	120.00	116.00	116.00	117.00	116.00	113.00	109.00	109.00	111.00	108.00	106.00	108.00	105.00	104.00	103.00	100.00	98.00	98.00	99.00	97.00	97.00	99.00	100.00	102.00	102.00	101.00	98.00	96.00	99.00	99.00	97.00	97.00	94.00	94.00	95.00	97.00	100.00	98.00	100.00	98.00	96.00	95.00	95.00	96.00	96.00	96.00	95.00	92.00	95.00	93.00	96.00	95.00	92.00	94.00	98.00	96.00	96.00	94.00	95.00	94.00	91.00	89.00	90.00	89.00	94.00	95.00	94.00	90.00	89.00	88.00	88.00	89.00	89.00	90.00	92.00	95.00	101.00	99.00	97.00	95.00	94.00	97.00	101.00	101.00	103.00	100.00	97.00	98.00	101.00	106.00	102.00	101.00	101.00	104.00	103.00	108.00	105.00	100.00	93.00	90.00	90.00	91.00	91.00	88.00	89.00	88.00	87.00	88.00	86.00	82.00	80.00	79.00	76.00	73.00	73.00	75.00	74.00	75.00	73.00	75.00	76.00
118.00	116.00	116.00	118.00	122.00	123.00	127.00	128.00	129.00	133.00	134.00	133.00	133.00	131.00	129.00	130.00	131.00	133.00	132.00	133.00	134.00	135.00	133.00	132.00	131.00	133.00	134.00	134.00	133.00	132.00	130.00	131.00	132.00	131.00	129.00	130.00	131.00	132.00	132.00	132.00	129.00	125.00	126.00	126.00	124.00	121.00	116.00	118.00	125.00	128.00	128.00	129.00	130.00	130.00	130.00	130.00	129.00	129.00	131.00	132.00	133.00	136.00	135.00	131.00	127.00	124.00	125.00	125.00	122.00	123.00	125.00	125.00	124.00	121.00	120.00	122.00	123.00	125.00	126.00	124.00	122.00	114.00	111.00	112.00	115.00	115.00	119.00	122.00	123.00	125.00	121.00	123.00	127.00	130.00	132.00	126.00	121.00	115.00	109.00	111.00	107.00	104.00	106.00	114.00	109.00	108.00	107.00	108.00	112.00	116.00	114.00	103.00	100.00	100.00	100.00	101.00	101.00	96.00	96.00	96.00	96.00	96.00	99.00	108.00	112.00	113.00	121.00	120.00	123.00	125.00	130.00	129.00	125.00	124.00	122.00	120.00	116.00	116.00	117.00	116.00	113.00	109.00	109.00	111.00	108.00	106.00	108.00	105.00	104.00	103.00	100.00	98.00	98.00	99.00	97.00	97.00	99.00	100.00	102.00	102.00	101.00	98.00	96.00	99.00	99.00	97.00	97.00	94.00	94.00	95.00	97.00	100.00	98.00	100.00	98.00	96.00	95.00	95.00	96.00	96.00	96.00	95.00	92.00	95.00	93.00	96.00	95.00	92.00	94.00	98.00	96.00	96.00	94.00	95.00	94.00	91.00	89.00	90.00	89.00	94.00	95.00	94.00	90.00	89.00	88.00	88.00	89.00	89.00	90.00	92.00	95.00	101.00	99.00	97.00	95.00	94.00	97.00	101.00	101.00	103.00	100.00	97.00	98.00	101.00	106.00	102.00	101.00	101.00	104.00	103.00	108.00	105.00	100.00	93.00	90.00	90.00	91.00	91.00	88.00	89.00	88.00	87.00	88.00	86.00	82.00	80.00	79.00	76.00	73.00	73.00	75.00	74.00	75.00	73.00	75.00	76.00
117.00	117.00	116.00	118.00	118.00	119.00	122.00	123.00	125.00	127.00	125.00	125.00	127.00	126.00	126.00	126.00	126.00	126.00	123.00	122.00	123.00	128.00	129.00	131.00	131.00	134.00	131.00	132.00	133.00	131.00	130.00	127.00	123.00	122.00	124.00	128.00	129.00	127.00	126.00	127.00	124.00	121.00	123.00	125.00	125.00	124.00	123.00	126.00	127.00	129.00	132.00	131.00	130.00	131.00	130.00	129.00	130.00	128.00	127.00	130.00	130.00	131.00	129.00	129.00	125.00	123.00	121.00	121.00	120.00	122.00	122.00	122.00	125.00	124.00	122.00	121.00	118.00	114.00	114.00	113.00	111.00	112.00	110.00	108.00	112.00	114.00	117.00	119.00	119.00	120.00	122.00	122.00	124.00	126.00	126.00	127.00	123.00	119.00	115.00	113.00	112.00	111.00	110.00	111.00	110.00	114.00	114.00	111.00	110.00	111.00	110.00	107.00	101.00	99.00	97.00	100.00	99.00	96.00	96.00	96.00	96.00	106.00	114.00	114.00	114.00	114.00	117.00	119.00	122.00	123.00	127.00	128.00	129.00	129.00	128.00	124.00	121.00	120.00	119.00	118.00	119.00	120.00	118.00	116.00	118.00	116.00	111.00	107.00	109.00	104.00	99.00	98.00	99.00	99.00	96.00	96.00	97.00	99.00	99.00	100.00	99.00	97.00	94.00	94.00	94.00	95.00	90.00	92.00	92.00	91.00	95.00	99.00	95.00	96.00	95.00	94.00	95.00	95.00	98.00	98.00	92.00	94.00	96.00	96.00	94.00	96.00	96.00	99.00	98.00	94.00	97.00	97.00	93.00	94.00	92.00	90.00	88.00	90.00	86.00	89.00	89.00	86.00	87.00	89.00	91.00	91.00	92.00	94.00	93.00	92.00	96.00	97.00	98.00	98.00	99.00	100.00	99.00	102.00	105.00	105.00	103.00	101.00	102.00	104.00	103.00	100.00	101.00	101.00	101.00	102.00	106.00	105.00	104.00	102.00	99.00	95.00	94.00	94.00	92.00	90.00	89.00	87.00	88.00	86.00	83.00	82.00	80.00	79.00	76.00	74.00	75.00	71.00	69.00	70.00	73.00	76.00
117.00	117.00	116.00	118.00	118.00	119.00	122.00	123.00	125.00	127.00	125.00	125.00	127.00	126.00	126.00	126.00	126.00	126.00	123.00	122.00	123.00	128.00	129.00	131.00	131.00	134.00	131.00	132.00	133.00	131.00	130.00	127.00	123.00	122.00	124.00	128.00	129.00	127.00	126.00	127.00	124.00	121.00	123.00	125.00	125.00	124.00	123.00	126.00	127.00	129.00	132.00	131.00	130.00	131.00	130.00	129.00	130.00	128.00	127.00	130.00	130.00	131.00	129.00	129.00	125.00	123.00	121.00	121.00	120.00	122.00	122.00	122.00	125.00	124.00	122.00	121.00	118.00	114.00	114.00	113.00	111.00	112.00	110.00	108.00	112.00	114.00	117.00	119.00	119.00	120.00	122.00	122.00	124.00	126.00	126.00	127.00	123.00	119.00	115.00	113.00	112.00	111.00	110.00	111.00	110.00	114.00	114.00	111.00	110.00	111.00	110.00	107.00	101.00	99.00	97.00	100.00	99.00	96.00	96.00	96.00	96.00	106.00	114.00	114.00	114.00	114.00	117.00	119.00	122.00	123.00	127.00	128.00	129.00	129.00	128.00	124.00	121.00	120.00	119.00	118.00	119.00	120.00	118.00	116.00	118.00	116.00	111.00	107.00	109.00	104.00	99.00	98.00	99.00	99.00	96.00	96.00	97.00	99.00	99.00	100.00	99.00	97.00	94.00	94.00	94.00	95.00	90.00	92.00	92.00	91.00	95.00	99.00	95.00	96.00	95.00	94.00	95.00	95.00	98.00	98.00	92.00	94.00	96.00	96.00	94.00	96.00	96.00	99.00	98.00	94.00	97.00	97.00	93.00	94.00	92.00	90.00	88.00	90.00	86.00	89.00	89.00	86.00	87.00	89.00	91.00	91.00	92.00	94.00	93.00	92.00	96.00	97.00	98.00	98.00	99.00	100.00	99.00	102.00	105.00	105.00	103.00	101.00	102.00	104.00	103.00	100.00	101.00	101.00	101.00	102.00	106.00	105.00	104.00	102.00	99.00	95.00	94.00	94.00	92.00	90.00	89.00	87.00	88.00	86.00	83.00	82.00	80.00	79.00	76.00	74.00	75.00	71.00	69.00	70.00	73.00	76.00
117.00	117.00	117.00	117.00	117.00	118.00	120.00	121.00	123.00	124.00	130.00	129.00	127.00	126.00	124.00	124.00	123.00	125.00	126.00	122.00	123.00	122.00	123.00	131.00	131.00	130.00	131.00	129.00	129.00	129.00	129.00	125.00	121.00	122.00	124.00	124.00	123.00	124.00	122.00	121.00	120.00	120.00	120.00	121.00	123.00	124.00	122.00	126.00	129.00	129.00	135.00	137.00	131.00	130.00	131.00	129.00	131.00	130.00	130.00	128.00	125.00	122.00	121.00	124.00	121.00	119.00	118.00	115.00	116.00	116.00	114.00	114.00	118.00	116.00	117.00	119.00	118.00	112.00	109.00	106.00	107.00	109.00	105.00	103.00	109.00	116.00	116.00	119.00	119.00	117.00	122.00	120.00	121.00	121.00	121.00	122.00	117.00	112.00	112.00	112.00	111.00	110.00	112.00	116.00	117.00	119.00	119.00	113.00	108.00	108.00	108.00	106.00	106.00	104.00	100.00	100.00	101.00	100.00	102.00	100.00	101.00	108.00	109.00	112.00	115.00	117.00	120.00	120.00	121.00	122.00	126.00	126.00	126.00	128.00	128.00	127.00	127.00	123.00	120.00	120.00	118.00	116.00	116.00	115.00	114.00	111.00	108.00	105.00	105.00	105.00	104.00	103.00	105.00	105.00	102.00	99.00	98.00	98.00	98.00	97.00	96.00	94.00	91.00	95.00	95.00	93.00	92.00	95.00	95.00	95.00	95.00	98.00	99.00	96.00	96.00	95.00	96.00	96.00	97.00	99.00	94.00	93.00	95.00	98.00	100.00	96.00	97.00	97.00	97.00	96.00	97.00	96.00	95.00	95.00	91.00	96.00	94.00	90.00	92.00	86.00	88.00	87.00	85.00	87.00	88.00	87.00	88.00	92.00	91.00	93.00	93.00	93.00	96.00	98.00	102.00	105.00	103.00	103.00	104.00	106.00	104.00	105.00	106.00	106.00	105.00	106.00	105.00	106.00	106.00	107.00	105.00	101.00	98.00	98.00	100.00	100.00	98.00	97.00	94.00	93.00	92.00	89.00	89.00	87.00	89.00	91.00	91.00	82.00	81.00	80.00	78.00	76.00	74.00	75.00	76.00	73.00
117.00	117.00	117.00	117.00	117.00	118.00	120.00	121.00	123.00	124.00	130.00	129.00	127.00	126.00	124.00	124.00	123.00	125.00	126.00	122.00	123.00	122.00	123.00	131.00	131.00	130.00	131.00	129.00	129.00	129.00	129.00	125.00	121.00	122.00	124.00	124.00	123.00	124.00	122.00	121.00	120.00	120.00	120.00	121.00	123.00	124.00	122.00	126.00	129.00	129.00	135.00	137.00	131.00	130.00	131.00	129.00	131.00	130.00	130.00	128.00	125.00	122.00	121.00	124.00	121.00	119.00	118.00	115.00	116.00	116.00	114.00	114.00	118.00	116.00	117.00	119.00	118.00	112.00	109.00	106.00	107.00	109.00	105.00	103.00	109.00	116.00	116.00	119.00	119.00	117.00	122.00	120.00	121.00	121.00	121.00	122.00	117.00	112.00	112.00	112.00	111.00	110.00	112.00	116.00	117.00	119.00	119.00	113.00	108.00	108.00	108.00	106.00	106.00	104.00	100.00	100.00	101.00	100.00	102.00	100.00	101.00	108.00	109.00	112.00	115.00	117.00	120.00	120.00	121.00	122.00	126.00	126.00	126.00	128.00	128.00	127.00	127.00	123.00	120.00	120.00	118.00	116.00	116.00	115.00	114.00	111.00	108.00	105.00	105.00	105.00	104.00	103.00	105.00	105.00	102.00	99.00	98.00	98.00	98.00	97.00	96.00	94.00	91.00	95.00	95.00	93.00	92.00	95.00	95.00	95.00	95.00	98.00	99.00	96.00	96.00	95.00	96.00	96.00	97.00	99.00	94.00	93.00	95.00	98.00	100.00	96.00	97.00	97.00	97.00	96.00	97.00	96.00	95.00	95.00	91.00	96.00	94.00	90.00	92.00	86.00	88.00	87.00	85.00	87.00	88.00	87.00	88.00	92.00	91.00	93.00	93.00	93.00	96.00	98.00	102.00	105.00	103.00	103.00	104.00	106.00	104.00	105.00	106.00	106.00	105.00	106.00	105.00	106.00	106.00	107.00	105.00	101.00	98.00	98.00	100.00	100.00	98.00	97.00	94.00	93.00	92.00	89.00	89.00	87.00	89.00	91.00	91.00	82.00	81.00	80.00	78.00	76.00	74.00	75.00	76.00	73.00
117.00	117.00	117.00	117.00	117.00	117.00	117.00	117.00	117.00	122.00	123.00	124.00	124.00	126.00	127.00	125.00	122.00	120.00	124.00	124.00	125.00	117.00	118.00	126.00	128.00	126.00	125.00	123.00	125.00	127.00	125.00	122.00	117.00	119.00	120.00	119.00	119.00	121.00	120.00	117.00	116.00	117.00	118.00	117.00	115.00	117.00	122.00	122.00	123.00	127.00	131.00	134.00	133.00	130.00	131.00	129.00	129.00	130.00	130.00	130.00	127.00	125.00	124.00	121.00	118.00	115.00	112.00	111.00	112.00	111.00	110.00	106.00	108.00	109.00	108.00	109.00	111.00	106.00	107.00	106.00	107.00	105.00	106.00	105.00	106.00	108.00	109.00	112.00	113.00	112.00	114.00	114.00	113.00	113.00	119.00	123.00	125.00	118.00	113.00	109.00	107.00	106.00	108.00	113.00	112.00	109.00	107.00	104.00	100.00	102.00	100.00	99.00	104.00	103.00	100.00	98.00	97.00	97.00	98.00	97.00	97.00	101.00	103.00	103.00	104.00	107.00	122.00	123.00	122.00	122.00	122.00	125.00	126.00	127.00	128.00	128.00	126.00	123.00	122.00	115.00	118.00	119.00	116.00	116.00	114.00	113.00	105.00	101.00	102.00	101.00	102.00	102.00	102.00	103.00	101.00	100.00	98.00	100.00	100.00	97.00	96.00	95.00	93.00	90.00	89.00	93.00	92.00	91.00	95.00	96.00	96.00	96.00	97.00	97.00	99.00	95.00	93.00	95.00	104.00	102.00	103.00	103.00	104.00	103.00	99.00	100.00	98.00	97.00	98.00	93.00	94.00	93.00	94.00	88.00	85.00	87.00	90.00	90.00	91.00	87.00	87.00	87.00	87.00	86.00	86.00	86.00	88.00	91.00	91.00	94.00	90.00	93.00	96.00	97.00	99.00	105.00	105.00	107.00	107.00	106.00	103.00	107.00	107.00	106.00	104.00	104.00	104.00	104.00	103.00	104.00	102.00	100.00	98.00	97.00	97.00	95.00	93.00	93.00	92.00	91.00	89.00	93.00	93.00	91.00	89.00	85.00	85.00	85.00	85.00	80.00	77.00	79.00	77.00	78.00	75.00	73.00
117.00	117.00	117.00	117.00	117.00	117.00	117.00	119.00	120.00	118.00	120.00	119.00	119.00	121.00	126.00	123.00	121.00	119.00	122.00	123.00	126.00	125.00	125.00	121.00	123.00	120.00	118.00	120.00	120.00	119.00	118.00	115.00	117.00	119.00	120.00	118.00	117.00	118.00	116.00	114.00	115.00	113.00	112.00	114.00	113.00	113.00	115.00	118.00	120.00	122.00	121.00	121.00	121.00	123.00	124.00	126.00	128.00	127.00	127.00	127.00	126.00	124.00	126.00	121.00	120.00	118.00	115.00	113.00	110.00	110.00	107.00	106.00	105.00	108.00	107.00	108.00	108.00	104.00	105.00	107.00	106.00	105.00	108.00	108.00	109.00	105.00	106.00	105.00	103.00	104.00	103.00	106.00	110.00	110.00	114.00	113.00	115.00	115.00	113.00	109.00	106.00	107.00	110.00	103.00	105.00	105.00	105.00	104.00	101.00	102.00	101.00	100.00	108.00	108.00	106.00	98.00	97.00	97.00	97.00	97.00	97.00	98.00	98.00	97.00	97.00	97.00	114.00	119.00	122.00	122.00	126.00	123.00	124.00	126.00	125.00	127.00	125.00	124.00	125.00	114.00	115.00	118.00	115.00	111.00	110.00	109.00	105.00	102.00	102.00	99.00	99.00	100.00	100.00	99.00	102.00	104.00	106.00	113.00	111.00	108.00	105.00	101.00	96.00	94.00	92.00	97.00	96.00	103.00	106.00	103.00	101.00	98.00	99.00	99.00	98.00	95.00	96.00	98.00	105.00	104.00	106.00	105.00	106.00	106.00	100.00	97.00	96.00	97.00	97.00	94.00	94.00	96.00	98.00	92.00	90.00	90.00	92.00	92.00	89.00	87.00	87.00	88.00	85.00	85.00	85.00	85.00	88.00	90.00	93.00	96.00	94.00	93.00	97.00	101.00	101.00	104.00	108.00	107.00	111.00	108.00	109.00	111.00	111.00	110.00	108.00	105.00	103.00	105.00	106.00	110.00	102.00	100.00	100.00	96.00	95.00	96.00	94.00	91.00	90.00	91.00	90.00	89.00	87.00	89.00	86.00	85.00	87.00	83.00	81.00	80.00	79.00	77.00	77.00	77.00	77.00	77.00
117.00	117.00	117.00	117.00	117.00	117.00	117.00	119.00	120.00	118.00	120.00	119.00	119.00	121.00	126.00	123.00	121.00	119.00	122.00	123.00	126.00	125.00	125.00	121.00	123.00	120.00	118.00	120.00	120.00	119.00	118.00	115.00	117.00	119.00	120.00	118.00	117.00	118.00	116.00	114.00	115.00	113.00	112.00	114.00	113.00	113.00	115.00	118.00	120.00	122.00	121.00	121.00	121.00	123.00	124.00	126.00	128.00	127.00	127.00	127.00	126.00	124.00	126.00	121.00	120.00	118.00	115.00	113.00	110.00	110.00	107.00	106.00	105.00	108.00	107.00	108.00	108.00	104.00	105.00	107.00	106.00	105.00	108.00	108.00	109.00	105.00	106.00	105.00	103.00	104.00	103.00	106.00	110.00	110.00	114.00	113.00	115.00	115.00	113.00	109.00	106.00	107.00	110.00	103.00	105.00	105.00	105.00	104.00	101.00	102.00	101.00	100.00	108.00	108.00	106.00	98.00	97.00	97.00	97.00	97.00	97.00	98.00	98.00	97.00	97.00	97.00	114.00	119.00	122.00	122.00	126.00	123.00	124.00	126.00	125.00	127.00	125.00	124.00	125.00	114.00	115.00	118.00	115.00	111.00	110.00	109.00	105.00	102.00	102.00	99.00	99.00	100.00	100.00	99.00	102.00	104.00	106.00	113.00	111.00	108.00	105.00	101.00	96.00	94.00	92.00	97.00	96.00	103.00	106.00	103.00	101.00	98.00	99.00	99.00	98.00	95.00	96.00	98.00	105.00	104.00	106.00	105.00	106.00	106.00	100.00	97.00	96.00	97.00	97.00	94.00	94.00	96.00	98.00	92.00	90.00	90.00	92.00	92.00	89.00	87.00	87.00	88.00	85.00	85.00	85.00	85.00	88.00	90.00	93.00	96.00	94.00	93.00	97.00	101.00	101.00	104.00	108.00	107.00	111.00	108.00	109.00	111.00	111.00	110.00	108.00	105.00	103.00	105.00	106.00	110.00	102.00	100.00	100.00	96.00	95.00	96.00	94.00	91.00	90.00	91.00	90.00	89.00	87.00	89.00	86.00	85.00	87.00	83.00	81.00	80.00	79.00	77.00	77.00	77.00	77.00	77.00
117.00	117.00	117.00	117.00	117.00	117.00	117.00	117.00	117.00	117.00	117.00	117.00	117.00	117.00	119.00	120.00	121.00	119.00	121.00	122.00	122.00	123.00	125.00	124.00	123.00	118.00	117.00	117.00	116.00	115.00	115.00	108.00	113.00	111.00	109.00	114.00	113.00	112.00	110.00	109.00	109.00	110.00	109.00	109.00	112.00	113.00	112.00	115.00	118.00	119.00	116.00	117.00	115.00	120.00	120.00	123.00	125.00	124.00	127.00	124.00	123.00	126.00	125.00	122.00	120.00	118.00	116.00	114.00	110.00	111.00	112.00	112.00	110.00	108.00	108.00	110.00	107.00	103.00	103.00	104.00	106.00	105.00	107.00	107.00	108.00	111.00	113.00	113.00	112.00	109.00	101.00	104.00	106.00	108.00	111.00	108.00	111.00	111.00	109.00	109.00	107.00	106.00	105.00	103.00	101.00	98.00	97.00	97.00	97.00	97.00	97.00	97.00	97.00	97.00	99.00	109.00	103.00	102.00	99.00	97.00	98.00	101.00	101.00	100.00	99.00	99.00	106.00	109.00	110.00	111.00	117.00	117.00	119.00	121.00	121.00	121.00	118.00	116.00	114.00	110.00	110.00	109.00	109.00	106.00	102.00	99.00	99.00	95.00	96.00	96.00	94.00	93.00	96.00	99.00	100.00	106.00	110.00	114.00	112.00	114.00	114.00	111.00	106.00	99.00	100.00	106.00	106.00	109.00	109.00	107.00	104.00	100.00	100.00	96.00	91.00	94.00	96.00	98.00	98.00	99.00	95.00	95.00	95.00	94.00	94.00	94.00	97.00	98.00	99.00	91.00	92.00	94.00	96.00	93.00	89.00	90.00	92.00	94.00	92.00	89.00	87.00	90.00	89.00	86.00	86.00	85.00	86.00	87.00	89.00	95.00	98.00	98.00	101.00	102.00	103.00	103.00	105.00	106.00	107.00	105.00	110.00	112.00	115.00	113.00	111.00	110.00	107.00	110.00	110.00	109.00	103.00	101.00	101.00	99.00	98.00	100.00	99.00	92.00	89.00	91.00	90.00	86.00	83.00	86.00	85.00	85.00	85.00	83.00	81.00	79.00	80.00	78.00	78.00	77.00	76.00	75.00
117.00	117.00	117.00	117.00	117.00	117.00	117.00	117.00	117.00	117.00	117.00	117.00	117.00	117.00	119.00	120.00	121.00	119.00	121.00	122.00	122.00	123.00	125.00	124.00	123.00	118.00	117.00	117.00	116.00	115.00	115.00	108.00	113.00	111.00	109.00	114.00	113.00	112.00	110.00	109.00	109.00	110.00	109.00	109.00	112.00	113.00	112.00	115.00	118.00	119.00	116.00	117.00	115.00	120.00	120.00	123.00	125.00	124.00	127.00	124.00	123.00	126.00	125.00	122.00	120.00	118.00	116.00	114.00	110.00	111.00	112.00	112.00	110.00	108.00	108.00	110.00	107.00	103.00	103.00	104.00	106.00	105.00	107.00	107.00	108.00	111.00	113.00	113.00	112.00	109.00	101.00	104.00	106.00	108.00	111.00	108.00	111.00	111.00	109.00	109.00	107.00	106.00	105.00	103.00	101.00	98.00	97.00	97.00	97.00	97.00	97.00	97.00	97.00	97.00	99.00	109.00	103.00	102.00	99.00	97.00	98.00	101.00	101.00	100.00	99.00	99.00	106.00	109.00	110.00	111.00	117.00	117.00	119.00	121.00	121.00	121.00	118.00	116.00	114.00	110.00	110.00	109.00	109.00	106.00	102.00	99.00	99.00	95.00	96.00	96.00	94.00	93.00	96.00	99.00	100.00	106.00	110.00	114.00	112.00	114.00	114.00	111.00	106.00	99.00	100.00	106.00	106.00	109.00	109.00	107.00	104.00	100.00	100.00	96.00	91.00	94.00	96.00	98.00	98.00	99.00	95.00	95.00	95.00	94.00	94.00	94.00	97.00	98.00	99.00	91.00	92.00	94.00	96.00	93.00	89.00	90.00	92.00	94.00	92.00	89.00	87.00	90.00	89.00	86.00	86.00	85.00	86.00	87.00	89.00	95.00	98.00	98.00	101.00	102.00	103.00	103.00	105.00	106.00	107.00	105.00	110.00	112.00	115.00	113.00	111.00	110.00	107.00	110.00	110.00	109.00	103.00	101.00	101.00	99.00	98.00	100.00	99.00	92.00	89.00	91.00	90.00	86.00	83.00	86.00	85.00	85.00	85.00	83.00	81.00	79.00	80.00	78.00	78.00	77.00	76.00	75.00
123.00	120.00	118.00	117.00	117.00	117.00	117.00	117.00	117.00	117.00	117.00	117.00	117.00	117.00	117.00	117.00	117.00	118.00	119.00	119.00	120.00	125.00	126.00	122.00	124.00	125.00	124.00	124.00	119.00	118.00	115.00	107.00	104.00	102.00	103.00	106.00	106.00	105.00	105.00	106.00	106.00	105.00	105.00	104.00	106.00	111.00	110.00	110.00	111.00	112.00	110.00	110.00	112.00	114.00	115.00	117.00	117.00	119.00	124.00	124.00	126.00	127.00	127.00	123.00	121.00	120.00	116.00	113.00	112.00	112.00	110.00	109.00	109.00	110.00	111.00	110.00	107.00	108.00	108.00	106.00	105.00	103.00	102.00	106.00	111.00	109.00	108.00	110.00	112.00	114.00	108.00	110.00	109.00	108.00	114.00	113.00	115.00	115.00	113.00	108.00	108.00	105.00	104.00	103.00	98.00	97.00	97.00	97.00	97.00	97.00	97.00	97.00	97.00	97.00	97.00	104.00	104.00	105.00	102.00	99.00	97.00	98.00	103.00	107.00	107.00	106.00	109.00	111.00	113.00	111.00	113.00	114.00	116.00	117.00	116.00	117.00	113.00	111.00	109.00	110.00	109.00	106.00	103.00	102.00	98.00	97.00	96.00	96.00	98.00	98.00	95.00	95.00	97.00	95.00	95.00	96.00	102.00	102.00	100.00	99.00	100.00	99.00	96.00	96.00	97.00	99.00	98.00	102.00	103.00	102.00	103.00	98.00	97.00	95.00	95.00	106.00	107.00	104.00	99.00	99.00	94.00	88.00	87.00	90.00	95.00	95.00	95.00	95.00	97.00	96.00	93.00	90.00	91.00	92.00	91.00	91.00	94.00	94.00	93.00	91.00	90.00	92.00	92.00	86.00	85.00	85.00	85.00	91.00	92.00	93.00	95.00	97.00	94.00	95.00	98.00	98.00	105.00	105.00	105.00	103.00	108.00	110.00	111.00	110.00	110.00	110.00	112.00	114.00	112.00	108.00	108.00	109.00	109.00	101.00	102.00	100.00	98.00	97.00	97.00	95.00	95.00	88.00	88.00	86.00	86.00	86.00	85.00	83.00	80.00	78.00	78.00	75.00	76.00	74.00	72.00	71.00
123.00	120.00	118.00	117.00	117.00	117.00	117.00	117.00	117.00	117.00	117.00	117.00	117.00	117.00	117.00	117.00	117.00	118.00	119.00	119.00	120.00	125.00	126.00	122.00	124.00	125.00	124.00	124.00	119.00	118.00	115.00	107.00	104.00	102.00	103.00	106.00	106.00	105.00	105.00	106.00	106.00	105.00	105.00	104.00	106.00	111.00	110.00	110.00	111.00	112.00	110.00	110.00	112.00	114.00	115.00	117.00	117.00	119.00	124.00	124.00	126.00	127.00	127.00	123.00	121.00	120.00	116.00	113.00	112.00	112.00	110.00	109.00	109.00	110.00	111.00	110.00	107.00	108.00	108.00	106.00	105.00	103.00	102.00	106.00	111.00	109.00	108.00	110.00	112.00	114.00	108.00	110.00	109.00	108.00	114.00	113.00	115.00	115.00	113.00	108.00	108.00	105.00	104.00	103.00	98.00	97.00	97.00	97.00	97.00	97.00	97.00	97.00	97.00	97.00	97.00	104.00	104.00	105.00	102.00	99.00	97.00	98.00	103.00	107.00	107.00	106.00	109.00	111.00	113.00	111.00	113.00	114.00	116.00	117.00	116.00	117.00	113.00	111.00	109.00	110.00	109.00	106.00	103.00	102.00	98.00	97.00	96.00	96.00	98.00	98.00	95.00	95.00	97.00	95.00	95.00	96.00	102.00	102.00	100.00	99.00	100.00	99.00	96.00	96.00	97.00	99.00	98.00	102.00	103.00	102.00	103.00	98.00	97.00	95.00	95.00	106.00	107.00	104.00	99.00	99.00	94.00	88.00	87.00	90.00	95.00	95.00	95.00	95.00	97.00	96.00	93.00	90.00	91.00	92.00	91.00	91.00	94.00	94.00	93.00	91.00	90.00	92.00	92.00	86.00	85.00	85.00	85.00	91.00	92.00	93.00	95.00	97.00	94.00	95.00	98.00	98.00	105.00	105.00	105.00	103.00	108.00	110.00	111.00	110.00	110.00	110.00	112.00	114.00	112.00	108.00	108.00	109.00	109.00	101.00	102.00	100.00	98.00	97.00	97.00	95.00	95.00	88.00	88.00	86.00	86.00	86.00	85.00	83.00	80.00	78.00	78.00	75.00	76.00	74.00	72.00	71.00
126.00	123.00	119.00	120.00	120.00	118.00	117.00	117.00	117.00	117.00	117.00	117.00	117.00	117.00	117.00	117.00	117.00	117.00	117.00	117.00	118.00	120.00	122.00	122.00	124.00	126.00	124.00	122.00	118.00	118.00	118.00	115.00	115.00	115.00	113.00	109.00	107.00	105.00	104.00	103.00	102.00	103.00	100.00	101.00	103.00	104.00	105.00	107.00	108.00	109.00	109.00	109.00	111.00	110.00	115.00	116.00	118.00	118.00	119.00	122.00	125.00	126.00	126.00	121.00	119.00	118.00	116.00	115.00	113.00	112.00	112.00	113.00	113.00	112.00	111.00	107.00	106.00	108.00	109.00	108.00	108.00	107.00	105.00	108.00	107.00	107.00	109.00	108.00	112.00	116.00	108.00	111.00	111.00	113.00	125.00	124.00	123.00	119.00	115.00	115.00	114.00	109.00	105.00	103.00	97.00	97.00	97.00	97.00	97.00	97.00	97.00	97.00	97.00	97.00	97.00	113.00	111.00	99.00	97.00	97.00	97.00	100.00	105.00	105.00	107.00	110.00	112.00	115.00	118.00	118.00	115.00	112.00	113.00	116.00	116.00	111.00	110.00	109.00	109.00	108.00	110.00	107.00	101.00	99.00	98.00	98.00	101.00	102.00	102.00	104.00	101.00	99.00	98.00	101.00	98.00	95.00	98.00	99.00	96.00	93.00	92.00	94.00	92.00	90.00	93.00	93.00	95.00	99.00	99.00	98.00	98.00	98.00	102.00	102.00	100.00	109.00	108.00	103.00	100.00	101.00	98.00	96.00	94.00	95.00	97.00	96.00	95.00	93.00	91.00	92.00	90.00	88.00	88.00	89.00	91.00	93.00	95.00	98.00	97.00	93.00	94.00	94.00	92.00	91.00	92.00	87.00	85.00	92.00	91.00	92.00	96.00	96.00	96.00	98.00	97.00	97.00	101.00	100.00	101.00	103.00	102.00	103.00	103.00	102.00	109.00	110.00	110.00	110.00	107.00	111.00	118.00	118.00	116.00	112.00	111.00	108.00	104.00	101.00	96.00	95.00	94.00	94.00	89.00	89.00	88.00	89.00	88.00	88.00	89.00	87.00	80.00	77.00	74.00	73.00	74.00	74.00
127.00	125.00	122.00	121.00	122.00	122.00	120.00	119.00	119.00	117.00	117.00	118.00	121.00	121.00	119.00	119.00	117.00	117.00	117.00	117.00	117.00	117.00	117.00	118.00	119.00	119.00	118.00	124.00	122.00	119.00	118.00	118.00	116.00	117.00	115.00	113.00	114.00	111.00	110.00	108.00	105.00	105.00	103.00	100.00	100.00	103.00	103.00	104.00	104.00	104.00	108.00	110.00	106.00	106.00	110.00	112.00	114.00	114.00	113.00	119.00	120.00	120.00	120.00	119.00	118.00	117.00	116.00	114.00	111.00	111.00	112.00	113.00	114.00	112.00	113.00	114.00	113.00	108.00	106.00	105.00	105.00	106.00	106.00	109.00	108.00	103.00	103.00	105.00	108.00	112.00	111.00	112.00	111.00	111.00	129.00	129.00	128.00	122.00	119.00	120.00	120.00	119.00	114.00	106.00	99.00	100.00	97.00	97.00	97.00	97.00	97.00	97.00	98.00	101.00	107.00	115.00	111.00	102.00	100.00	99.00	99.00	97.00	97.00	99.00	105.00	112.00	114.00	115.00	118.00	118.00	117.00	116.00	114.00	115.00	113.00	111.00	111.00	110.00	112.00	108.00	106.00	106.00	104.00	101.00	95.00	96.00	97.00	102.00	107.00	108.00	103.00	98.00	98.00	101.00	101.00	101.00	101.00	96.00	97.00	95.00	96.00	97.00	94.00	98.00	99.00	101.00	100.00	102.00	102.00	99.00	98.00	97.00	98.00	98.00	97.00	105.00	110.00	112.00	111.00	110.00	108.00	106.00	105.00	101.00	100.00	99.00	99.00	97.00	96.00	95.00	88.00	86.00	87.00	88.00	89.00	93.00	97.00	99.00	100.00	101.00	101.00	97.00	94.00	91.00	90.00	92.00	92.00	97.00	99.00	102.00	102.00	102.00	103.00	103.00	99.00	96.00	94.00	97.00	98.00	99.00	101.00	100.00	100.00	99.00	103.00	101.00	102.00	103.00	105.00	112.00	112.00	115.00	115.00	112.00	111.00	110.00	110.00	110.00	104.00	99.00	97.00	100.00	95.00	92.00	90.00	89.00	88.00	87.00	84.00	84.00	85.00	80.00	80.00	80.00	75.00	72.00
127.00	125.00	122.00	121.00	122.00	122.00	120.00	119.00	119.00	117.00	117.00	118.00	121.00	121.00	119.00	119.00	117.00	117.00	117.00	117.00	117.00	117.00	117.00	118.00	119.00	119.00	118.00	124.00	122.00	119.00	118.00	118.00	116.00	117.00	115.00	113.00	114.00	111.00	110.00	108.00	105.00	105.00	103.00	100.00	100.00	103.00	103.00	104.00	104.00	104.00	108.00	110.00	106.00	106.00	110.00	112.00	114.00	114.00	113.00	119.00	120.00	120.00	120.00	119.00	118.00	117.00	116.00	114.00	111.00	111.00	112.00	113.00	114.00	112.00	113.00	114.00	113.00	108.00	106.00	105.00	105.00	106.00	106.00	109.00	108.00	103.00	103.00	105.00	108.00	112.00	111.00	112.00	111.00	111.00	129.00	129.00	128.00	122.00	119.00	120.00	120.00	119.00	114.00	106.00	99.00	100.00	97.00	97.00	97.00	97.00	97.00	97.00	98.00	101.00	107.00	115.00	111.00	102.00	100.00	99.00	99.00	97.00	97.00	99.00	105.00	112.00	114.00	115.00	118.00	118.00	117.00	116.00	114.00	115.00	113.00	111.00	111.00	110.00	112.00	108.00	106.00	106.00	104.00	101.00	95.00	96.00	97.00	102.00	107.00	108.00	103.00	98.00	98.00	101.00	101.00	101.00	101.00	96.00	97.00	95.00	96.00	97.00	94.00	98.00	99.00	101.00	100.00	102.00	102.00	99.00	98.00	97.00	98.00	98.00	97.00	105.00	110.00	112.00	111.00	110.00	108.00	106.00	105.00	101.00	100.00	99.00	99.00	97.00	96.00	95.00	88.00	86.00	87.00	88.00	89.00	93.00	97.00	99.00	100.00	101.00	101.00	97.00	94.00	91.00	90.00	92.00	92.00	97.00	99.00	102.00	102.00	102.00	103.00	103.00	99.00	96.00	94.00	97.00	98.00	99.00	101.00	100.00	100.00	99.00	103.00	101.00	102.00	103.00	105.00	112.00	112.00	115.00	115.00	112.00	111.00	110.00	110.00	110.00	104.00	99.00	97.00	100.00	95.00	92.00	90.00	89.00	88.00	87.00	84.00	84.00	85.00	80.00	80.00	80.00	75.00	72.00
126.00	125.00	127.00	127.00	125.00	126.00	126.00	128.00	127.00	122.00	118.00	119.00	120.00	119.00	126.00	127.00	127.00	127.00	123.00	121.00	119.00	119.00	119.00	123.00	122.00	122.00	122.00	122.00	123.00	123.00	121.00	124.00	119.00	119.00	117.00	114.00	112.00	112.00	110.00	109.00	106.00	104.00	105.00	104.00	103.00	102.00	106.00	109.00	107.00	104.00	105.00	106.00	105.00	106.00	107.00	106.00	106.00	105.00	107.00	115.00	118.00	117.00	116.00	117.00	116.00	115.00	117.00	116.00	115.00	113.00	112.00	113.00	119.00	111.00	114.00	116.00	116.00	112.00	109.00	105.00	105.00	105.00	105.00	106.00	106.00	106.00	103.00	99.00	98.00	103.00	118.00	118.00	116.00	115.00	126.00	126.00	126.00	125.00	123.00	122.00	123.00	123.00	120.00	111.00	107.00	106.00	100.00	97.00	97.00	97.00	100.00	103.00	118.00	117.00	117.00	109.00	102.00	97.00	97.00	97.00	97.00	97.00	98.00	99.00	103.00	107.00	117.00	120.00	121.00	120.00	119.00	119.00	119.00	118.00	113.00	108.00	109.00	111.00	113.00	107.00	107.00	109.00	109.00	109.00	102.00	99.00	101.00	106.00	109.00	111.00	106.00	108.00	109.00	110.00	110.00	109.00	108.00	105.00	101.00	99.00	100.00	100.00	101.00	101.00	101.00	105.00	100.00	99.00	100.00	100.00	100.00	99.00	101.00	100.00	98.00	102.00	106.00	109.00	111.00	111.00	110.00	105.00	100.00	100.00	105.00	105.00	104.00	104.00	104.00	97.00	93.00	93.00	94.00	100.00	101.00	102.00	103.00	103.00	95.00	96.00	98.00	99.00	98.00	96.00	94.00	94.00	96.00	93.00	95.00	93.00	94.00	94.00	94.00	96.00	96.00	94.00	97.00	98.00	99.00	100.00	101.00	104.00	103.00	102.00	105.00	107.00	106.00	104.00	104.00	109.00	106.00	106.00	107.00	107.00	107.00	106.00	107.00	105.00	104.00	104.00	101.00	99.00	97.00	95.00	95.00	96.00	94.00	88.00	86.00	87.00	86.00	85.00	87.00	88.00	88.00	85.00
126.00	125.00	127.00	127.00	125.00	126.00	126.00	128.00	127.00	122.00	118.00	119.00	120.00	119.00	126.00	127.00	127.00	127.00	123.00	121.00	119.00	119.00	119.00	123.00	122.00	122.00	122.00	122.00	123.00	123.00	121.00	124.00	119.00	119.00	117.00	114.00	112.00	112.00	110.00	109.00	106.00	104.00	105.00	104.00	103.00	102.00	106.00	109.00	107.00	104.00	105.00	106.00	105.00	106.00	107.00	106.00	106.00	105.00	107.00	115.00	118.00	117.00	116.00	117.00	116.00	115.00	117.00	116.00	115.00	113.00	112.00	113.00	119.00	111.00	114.00	116.00	116.00	112.00	109.00	105.00	105.00	105.00	105.00	106.00	106.00	106.00	103.00	99.00	98.00	103.00	118.00	118.00	116.00	115.00	126.00	126.00	126.00	125.00	123.00	122.00	123.00	123.00	120.00	111.00	107.00	106.00	100.00	97.00	97.00	97.00	100.00	103.00	118.00	117.00	117.00	109.00	102.00	97.00	97.00	97.00	97.00	97.00	98.00	99.00	103.00	107.00	117.00	120.00	121.00	120.00	119.00	119.00	119.00	118.00	113.00	108.00	109.00	111.00	113.00	107.00	107.00	109.00	109.00	109.00	102.00	99.00	101.00	106.00	109.00	111.00	106.00	108.00	109.00	110.00	110.00	109.00	108.00	105.00	101.00	99.00	100.00	100.00	101.00	101.00	101.00	105.00	100.00	99.00	100.00	100.00	100.00	99.00	101.00	100.00	98.00	102.00	106.00	109.00	111.00	111.00	110.00	105.00	100.00	100.00	105.00	105.00	104.00	104.00	104.00	97.00	93.00	93.00	94.00	100.00	101.00	102.00	103.00	103.00	95.00	96.00	98.00	99.00	98.00	96.00	94.00	94.00	96.00	93.00	95.00	93.00	94.00	94.00	94.00	96.00	96.00	94.00	97.00	98.00	99.00	100.00	101.00	104.00	103.00	102.00	105.00	107.00	106.00	104.00	104.00	109.00	106.00	106.00	107.00	107.00	107.00	106.00	107.00	105.00	104.00	104.00	101.00	99.00	97.00	95.00	95.00	96.00	94.00	88.00	86.00	87.00	86.00	85.00	87.00	88.00	88.00	85.00
129.00	130.00	131.00	129.00	130.00	130.00	130.00	129.00	126.00	127.00	126.00	126.00	124.00	123.00	124.00	125.00	125.00	125.00	131.00	135.00	132.00	126.00	125.00	127.00	127.00	126.00	125.00	127.00	126.00	128.00	132.00	132.00	130.00	128.00	126.00	122.00	111.00	107.00	104.00	105.00	106.00	104.00	105.00	104.00	106.00	101.00	103.00	103.00	100.00	97.00	102.00	103.00	103.00	103.00	102.00	103.00	105.00	104.00	104.00	106.00	106.00	106.00	110.00	105.00	108.00	108.00	110.00	112.00	114.00	118.00	118.00	118.00	124.00	118.00	118.00	118.00	116.00	110.00	109.00	107.00	105.00	106.00	105.00	102.00	101.00	102.00	104.00	104.00	101.00	101.00	112.00	112.00	110.00	110.00	113.00	112.00	116.00	121.00	126.00	130.00	127.00	123.00	121.00	118.00	110.00	105.00	103.00	99.00	97.00	99.00	107.00	114.00	126.00	123.00	116.00	98.00	97.00	97.00	97.00	97.00	97.00	101.00	104.00	108.00	111.00	110.00	112.00	116.00	122.00	127.00	127.00	122.00	121.00	120.00	116.00	112.00	114.00	114.00	113.00	109.00	106.00	107.00	108.00	106.00	108.00	108.00	107.00	106.00	102.00	101.00	101.00	106.00	109.00	107.00	106.00	106.00	106.00	109.00	103.00	98.00	100.00	103.00	105.00	106.00	105.00	105.00	101.00	102.00	103.00	105.00	108.00	103.00	103.00	104.00	104.00	101.00	106.00	108.00	104.00	103.00	101.00	102.00	101.00	103.00	107.00	106.00	105.00	105.00	109.00	111.00	108.00	104.00	100.00	100.00	103.00	105.00	105.00	105.00	98.00	96.00	94.00	96.00	94.00	94.00	93.00	93.00	93.00	97.00	102.00	102.00	101.00	97.00	94.00	93.00	93.00	93.00	94.00	93.00	94.00	96.00	100.00	102.00	101.00	103.00	107.00	107.00	103.00	100.00	104.00	112.00	109.00	107.00	107.00	111.00	108.00	104.00	104.00	105.00	104.00	101.00	97.00	100.00	98.00	99.00	98.00	98.00	100.00	96.00	94.00	89.00	86.00	85.00	83.00	81.00	79.00	80.00
129.00	130.00	131.00	129.00	130.00	130.00	130.00	129.00	126.00	127.00	126.00	126.00	124.00	123.00	124.00	125.00	125.00	125.00	131.00	135.00	132.00	126.00	125.00	127.00	127.00	126.00	125.00	127.00	126.00	128.00	132.00	132.00	130.00	128.00	126.00	122.00	111.00	107.00	104.00	105.00	106.00	104.00	105.00	104.00	106.00	101.00	103.00	103.00	100.00	97.00	102.00	103.00	103.00	103.00	102.00	103.00	105.00	104.00	104.00	106.00	106.00	106.00	110.00	105.00	108.00	108.00	110.00	112.00	114.00	118.00	118.00	118.00	124.00	118.00	118.00	118.00	116.00	110.00	109.00	107.00	105.00	106.00	105.00	102.00	101.00	102.00	104.00	104.00	101.00	101.00	112.00	112.00	110.00	110.00	113.00	112.00	116.00	121.00	126.00	130.00	127.00	123.00	121.00	118.00	110.00	105.00	103.00	99.00	97.00	99.00	107.00	114.00	126.00	123.00	116.00	98.00	97.00	97.00	97.00	97.00	97.00	101.00	104.00	108.00	111.00	110.00	112.00	116.00	122.00	127.00	127.00	122.00	121.00	120.00	116.00	112.00	114.00	114.00	113.00	109.00	106.00	107.00	108.00	106.00	108.00	108.00	107.00	106.00	102.00	101.00	101.00	106.00	109.00	107.00	106.00	106.00	106.00	109.00	103.00	98.00	100.00	103.00	105.00	106.00	105.00	105.00	101.00	102.00	103.00	105.00	108.00	103.00	103.00	104.00	104.00	101.00	106.00	108.00	104.00	103.00	101.00	102.00	101.00	103.00	107.00	106.00	105.00	105.00	109.00	111.00	108.00	104.00	100.00	100.00	103.00	105.00	105.00	105.00	98.00	96.00	94.00	96.00	94.00	94.00	93.00	93.00	93.00	97.00	102.00	102.00	101.00	97.00	94.00	93.00	93.00	93.00	94.00	93.00	94.00	96.00	100.00	102.00	101.00	103.00	107.00	107.00	103.00	100.00	104.00	112.00	109.00	107.00	107.00	111.00	108.00	104.00	104.00	105.00	104.00	101.00	97.00	100.00	98.00	99.00	98.00	98.00	100.00	96.00	94.00	89.00	86.00	85.00	83.00	81.00	79.00	80.00
136.00	137.00	134.00	134.00	135.00	133.00	131.00	130.00	131.00	129.00	123.00	124.00	125.00	126.00	126.00	126.00	128.00	127.00	129.00	132.00	133.00	132.00	132.00	130.00	129.00	130.00	131.00	129.00	133.00	137.00	141.00	145.00	142.00	140.00	139.00	138.00	121.00	115.00	109.00	104.00	101.00	104.00	103.00	103.00	103.00	104.00	102.00	103.00	103.00	102.00	100.00	99.00	100.00	101.00	103.00	102.00	101.00	100.00	101.00	100.00	100.00	101.00	103.00	110.00	113.00	111.00	109.00	106.00	113.00	115.00	117.00	121.00	120.00	124.00	123.00	122.00	121.00	115.00	112.00	108.00	104.00	101.00	100.00	102.00	101.00	100.00	99.00	99.00	102.00	107.00	102.00	101.00	101.00	103.00	107.00	107.00	111.00	120.00	126.00	125.00	122.00	124.00	130.00	124.00	116.00	109.00	105.00	103.00	97.00	97.00	100.00	105.00	116.00	114.00	108.00	97.00	97.00	97.00	97.00	99.00	102.00	108.00	110.00	113.00	115.00	115.00	121.00	122.00	125.00	128.00	127.00	126.00	124.00	122.00	120.00	115.00	116.00	115.00	114.00	112.00	111.00	113.00	111.00	107.00	106.00	109.00	105.00	107.00	105.00	102.00	104.00	106.00	106.00	104.00	104.00	104.00	104.00	102.00	100.00	99.00	101.00	103.00	100.00	101.00	101.00	100.00	101.00	103.00	103.00	103.00	106.00	106.00	107.00	109.00	110.00	109.00	110.00	113.00	105.00	98.00	99.00	97.00	95.00	98.00	104.00	103.00	102.00	102.00	104.00	103.00	102.00	103.00	102.00	101.00	102.00	101.00	99.00	99.00	97.00	97.00	97.00	96.00	94.00	94.00	94.00	97.00	96.00	100.00	100.00	96.00	95.00	94.00	93.00	93.00	94.00	93.00	93.00	93.00	93.00	93.00	93.00	93.00	94.00	97.00	98.00	97.00	97.00	98.00	101.00	105.00	107.00	109.00	110.00	110.00	108.00	103.00	100.00	101.00	105.00	103.00	103.00	100.00	97.00	100.00	98.00	94.00	93.00	95.00	95.00	91.00	90.00	86.00	84.00	83.00	83.00	83.00
136.00	137.00	134.00	134.00	135.00	133.00	131.00	130.00	131.00	129.00	123.00	124.00	125.00	126.00	126.00	126.00	128.00	127.00	129.00	132.00	133.00	132.00	132.00	130.00	129.00	130.00	131.00	129.00	133.00	137.00	141.00	145.00	142.00	140.00	139.00	138.00	121.00	115.00	109.00	104.00	101.00	104.00	103.00	103.00	103.00	104.00	102.00	103.00	103.00	102.00	100.00	99.00	100.00	101.00	103.00	102.00	101.00	100.00	101.00	100.00	100.00	101.00	103.00	110.00	113.00	111.00	109.00	106.00	113.00	115.00	117.00	121.00	120.00	124.00	123.00	122.00	121.00	115.00	112.00	108.00	104.00	101.00	100.00	102.00	101.00	100.00	99.00	99.00	102.00	107.00	102.00	101.00	101.00	103.00	107.00	107.00	111.00	120.00	126.00	125.00	122.00	124.00	130.00	124.00	116.00	109.00	105.00	103.00	97.00	97.00	100.00	105.00	116.00	114.00	108.00	97.00	97.00	97.00	97.00	99.00	102.00	108.00	110.00	113.00	115.00	115.00	121.00	122.00	125.00	128.00	127.00	126.00	124.00	122.00	120.00	115.00	116.00	115.00	114.00	112.00	111.00	113.00	111.00	107.00	106.00	109.00	105.00	107.00	105.00	102.00	104.00	106.00	106.00	104.00	104.00	104.00	104.00	102.00	100.00	99.00	101.00	103.00	100.00	101.00	101.00	100.00	101.00	103.00	103.00	103.00	106.00	106.00	107.00	109.00	110.00	109.00	110.00	113.00	105.00	98.00	99.00	97.00	95.00	98.00	104.00	103.00	102.00	102.00	104.00	103.00	102.00	103.00	102.00	101.00	102.00	101.00	99.00	99.00	97.00	97.00	97.00	96.00	94.00	94.00	94.00	97.00	96.00	100.00	100.00	96.00	95.00	94.00	93.00	93.00	94.00	93.00	93.00	93.00	93.00	93.00	93.00	93.00	94.00	97.00	98.00	97.00	97.00	98.00	101.00	105.00	107.00	109.00	110.00	110.00	108.00	103.00	100.00	101.00	105.00	103.00	103.00	100.00	97.00	100.00	98.00	94.00	93.00	95.00	95.00	91.00	90.00	86.00	84.00	83.00	83.00	83.00
143.00	141.00	140.00	137.00	136.00	135.00	130.00	129.00	129.00	129.00	128.00	133.00	134.00	132.00	128.00	128.00	126.00	128.00	131.00	130.00	131.00	130.00	131.00	132.00	133.00	133.00	136.00	137.00	138.00	139.00	142.00	154.00	151.00	148.00	148.00	142.00	129.00	122.00	115.00	111.00	109.00	105.00	99.00	97.00	100.00	106.00	103.00	97.00	98.00	101.00	101.00	99.00	100.00	99.00	100.00	100.00	100.00	101.00	101.00	99.00	99.00	99.00	99.00	108.00	110.00	108.00	108.00	112.00	118.00	116.00	120.00	123.00	125.00	124.00	123.00	123.00	121.00	108.00	109.00	108.00	108.00	101.00	101.00	102.00	97.00	99.00	98.00	95.00	95.00	99.00	99.00	100.00	99.00	101.00	100.00	101.00	105.00	108.00	110.00	118.00	122.00	125.00	128.00	127.00	124.00	116.00	110.00	109.00	103.00	99.00	97.00	97.00	103.00	109.00	107.00	97.00	97.00	97.00	97.00	97.00	99.00	108.00	111.00	112.00	114.00	115.00	120.00	122.00	123.00	124.00	128.00	126.00	125.00	123.00	122.00	120.00	115.00	112.00	113.00	110.00	109.00	109.00	104.00	103.00	108.00	111.00	106.00	106.00	112.00	115.00	116.00	114.00	111.00	109.00	108.00	108.00	108.00	104.00	102.00	103.00	102.00	101.00	98.00	101.00	105.00	103.00	101.00	104.00	109.00	107.00	107.00	111.00	111.00	112.00	111.00	112.00	111.00	111.00	104.00	102.00	107.00	104.00	104.00	103.00	109.00	107.00	107.00	104.00	101.00	98.00	95.00	94.00	94.00	94.00	94.00	94.00	93.00	93.00	93.00	96.00	96.00	95.00	93.00	93.00	94.00	96.00	96.00	96.00	96.00	94.00	93.00	93.00	93.00	93.00	93.00	94.00	93.00	93.00	93.00	93.00	93.00	93.00	93.00	93.00	93.00	93.00	96.00	99.00	96.00	97.00	100.00	103.00	106.00	104.00	101.00	101.00	103.00	103.00	103.00	102.00	102.00	100.00	99.00	98.00	97.00	95.00	93.00	92.00	91.00	91.00	97.00	112.00	109.00	107.00	101.00	96.00
147.00	148.00	148.00	145.00	143.00	141.00	137.00	137.00	133.00	127.00	126.00	126.00	125.00	128.00	132.00	134.00	136.00	136.00	137.00	138.00	136.00	133.00	134.00	136.00	136.00	137.00	137.00	139.00	141.00	144.00	147.00	150.00	144.00	143.00	139.00	134.00	127.00	121.00	119.00	119.00	116.00	108.00	106.00	101.00	100.00	99.00	102.00	101.00	101.00	99.00	101.00	99.00	100.00	99.00	99.00	99.00	99.00	99.00	99.00	99.00	99.00	100.00	103.00	106.00	104.00	102.00	103.00	104.00	113.00	113.00	117.00	119.00	120.00	120.00	119.00	120.00	123.00	117.00	114.00	114.00	112.00	103.00	101.00	100.00	99.00	102.00	101.00	98.00	98.00	97.00	98.00	94.00	93.00	92.00	97.00	98.00	99.00	98.00	99.00	102.00	110.00	118.00	118.00	124.00	118.00	116.00	115.00	113.00	110.00	107.00	105.00	100.00	98.00	97.00	98.00	98.00	97.00	97.00	99.00	101.00	103.00	105.00	108.00	108.00	110.00	112.00	119.00	121.00	119.00	119.00	123.00	124.00	123.00	122.00	121.00	120.00	117.00	113.00	114.00	115.00	110.00	105.00	106.00	109.00	112.00	114.00	106.00	106.00	114.00	117.00	118.00	115.00	116.00	111.00	111.00	113.00	111.00	107.00	107.00	107.00	105.00	106.00	107.00	110.00	115.00	110.00	107.00	110.00	110.00	109.00	110.00	131.00	136.00	136.00	135.00	122.00	115.00	111.00	100.00	103.00	107.00	102.00	103.00	107.00	112.00	113.00	113.00	113.00	112.00	102.00	96.00	95.00	94.00	93.00	94.00	94.00	94.00	93.00	93.00	94.00	97.00	95.00	97.00	99.00	102.00	99.00	96.00	94.00	93.00	94.00	95.00	93.00	93.00	93.00	93.00	93.00	93.00	93.00	93.00	93.00	95.00	97.00	98.00	98.00	93.00	94.00	98.00	101.00	103.00	106.00	109.00	109.00	108.00	102.00	98.00	98.00	95.00	90.00	94.00	96.00	96.00	97.00	95.00	94.00	92.00	93.00	93.00	88.00	91.00	105.00	122.00	130.00	123.00	120.00	119.00	111.00
147.00	148.00	148.00	145.00	143.00	141.00	137.00	137.00	133.00	127.00	126.00	126.00	125.00	128.00	132.00	134.00	136.00	136.00	137.00	138.00	136.00	133.00	134.00	136.00	136.00	137.00	137.00	139.00	141.00	144.00	147.00	150.00	144.00	143.00	139.00	134.00	127.00	121.00	119.00	119.00	116.00	108.00	106.00	101.00	100.00	99.00	102.00	101.00	101.00	99.00	101.00	99.00	100.00	99.00	99.00	99.00	99.00	99.00	99.00	99.00	99.00	100.00	103.00	106.00	104.00	102.00	103.00	104.00	113.00	113.00	117.00	119.00	120.00	120.00	119.00	120.00	123.00	117.00	114.00	114.00	112.00	103.00	101.00	100.00	99.00	102.00	101.00	98.00	98.00	97.00	98.00	94.00	93.00	92.00	97.00	98.00	99.00	98.00	99.00	102.00	110.00	118.00	118.00	124.00	118.00	116.00	115.00	113.00	110.00	107.00	105.00	100.00	98.00	97.00	98.00	98.00	97.00	97.00	99.00	101.00	103.00	105.00	108.00	108.00	110.00	112.00	119.00	121.00	119.00	119.00	123.00	124.00	123.00	122.00	121.00	120.00	117.00	113.00	114.00	115.00	110.00	105.00	106.00	109.00	112.00	114.00	106.00	106.00	114.00	117.00	118.00	115.00	116.00	111.00	111.00	113.00	111.00	107.00	107.00	107.00	105.00	106.00	107.00	110.00	115.00	110.00	107.00	110.00	110.00	109.00	110.00	131.00	136.00	136.00	135.00	122.00	115.00	111.00	100.00	103.00	107.00	102.00	103.00	107.00	112.00	113.00	113.00	113.00	112.00	102.00	96.00	95.00	94.00	93.00	94.00	94.00	94.00	93.00	93.00	94.00	97.00	95.00	97.00	99.00	102.00	99.00	96.00	94.00	93.00	94.00	95.00	93.00	93.00	93.00	93.00	93.00	93.00	93.00	93.00	93.00	95.00	97.00	98.00	98.00	93.00	94.00	98.00	101.00	103.00	106.00	109.00	109.00	108.00	102.00	98.00	98.00	95.00	90.00	94.00	96.00	96.00	97.00	95.00	94.00	92.00	93.00	93.00	88.00	91.00	105.00	122.00	130.00	123.00	120.00	119.00	111.00
150.00	155.00	157.00	158.00	154.00	145.00	142.00	139.00	139.00	131.00	127.00	125.00	121.00	122.00	132.00	135.00	136.00	135.00	139.00	140.00	139.00	139.00	141.00	135.00	136.00	135.00	134.00	138.00	140.00	143.00	145.00	147.00	145.00	142.00	136.00	131.00	120.00	118.00	118.00	117.00	116.00	113.00	111.00	111.00	110.00	104.00	105.00	105.00	105.00	103.00	100.00	100.00	105.00	101.00	99.00	99.00	99.00	99.00	99.00	99.00	99.00	99.00	99.00	106.00	106.00	104.00	104.00	104.00	111.00	112.00	114.00	118.00	119.00	118.00	116.00	114.00	115.00	110.00	109.00	108.00	110.00	109.00	109.00	108.00	99.00	99.00	99.00	99.00	97.00	98.00	102.00	96.00	92.00	92.00	95.00	94.00	96.00	97.00	96.00	99.00	102.00	105.00	107.00	105.00	104.00	105.00	107.00	108.00	105.00	104.00	102.00	100.00	102.00	97.00	98.00	97.00	97.00	97.00	98.00	101.00	106.00	109.00	107.00	105.00	107.00	111.00	121.00	121.00	121.00	119.00	119.00	119.00	122.00	123.00	122.00	121.00	125.00	118.00	115.00	112.00	108.00	105.00	105.00	107.00	113.00	116.00	112.00	113.00	117.00	120.00	118.00	115.00	115.00	114.00	113.00	109.00	108.00	108.00	106.00	105.00	105.00	106.00	109.00	107.00	106.00	106.00	112.00	113.00	109.00	108.00	108.00	118.00	123.00	123.00	125.00	122.00	120.00	114.00	101.00	98.00	93.00	100.00	104.00	104.00	105.00	106.00	104.00	102.00	103.00	96.00	96.00	96.00	95.00	92.00	92.00	93.00	95.00	94.00	95.00	94.00	92.00	93.00	95.00	96.00	96.00	95.00	96.00	97.00	97.00	94.00	93.00	93.00	93.00	93.00	93.00	93.00	93.00	94.00	96.00	97.00	93.00	95.00	96.00	97.00	97.00	99.00	100.00	99.00	99.00	103.00	101.00	99.00	99.00	101.00	101.00	97.00	93.00	90.00	90.00	90.00	88.00	89.00	89.00	88.00	88.00	91.00	89.00	90.00	96.00	111.00	123.00	124.00	116.00	115.00	115.00	108.00
150.00	155.00	157.00	158.00	154.00	145.00	142.00	139.00	139.00	131.00	127.00	125.00	121.00	122.00	132.00	135.00	136.00	135.00	139.00	140.00	139.00	139.00	141.00	135.00	136.00	135.00	134.00	138.00	140.00	143.00	145.00	147.00	145.00	142.00	136.00	131.00	120.00	118.00	118.00	117.00	116.00	113.00	111.00	111.00	110.00	104.00	105.00	105.00	105.00	103.00	100.00	100.00	105.00	101.00	99.00	99.00	99.00	99.00	99.00	99.00	99.00	99.00	99.00	106.00	106.00	104.00	104.00	104.00	111.00	112.00	114.00	118.00	119.00	118.00	116.00	114.00	115.00	110.00	109.00	108.00	110.00	109.00	109.00	108.00	99.00	99.00	99.00	99.00	97.00	98.00	102.00	96.00	92.00	92.00	95.00	94.00	96.00	97.00	96.00	99.00	102.00	105.00	107.00	105.00	104.00	105.00	107.00	108.00	105.00	104.00	102.00	100.00	102.00	97.00	98.00	97.00	97.00	97.00	98.00	101.00	106.00	109.00	107.00	105.00	107.00	111.00	121.00	121.00	121.00	119.00	119.00	119.00	122.00	123.00	122.00	121.00	125.00	118.00	115.00	112.00	108.00	105.00	105.00	107.00	113.00	116.00	112.00	113.00	117.00	120.00	118.00	115.00	115.00	114.00	113.00	109.00	108.00	108.00	106.00	105.00	105.00	106.00	109.00	107.00	106.00	106.00	112.00	113.00	109.00	108.00	108.00	118.00	123.00	123.00	125.00	122.00	120.00	114.00	101.00	98.00	93.00	100.00	104.00	104.00	105.00	106.00	104.00	102.00	103.00	96.00	96.00	96.00	95.00	92.00	92.00	93.00	95.00	94.00	95.00	94.00	92.00	93.00	95.00	96.00	96.00	95.00	96.00	97.00	97.00	94.00	93.00	93.00	93.00	93.00	93.00	93.00	93.00	94.00	96.00	97.00	93.00	95.00	96.00	97.00	97.00	99.00	100.00	99.00	99.00	103.00	101.00	99.00	99.00	101.00	101.00	97.00	93.00	90.00	90.00	90.00	88.00	89.00	89.00	88.00	88.00	91.00	89.00	90.00	96.00	111.00	123.00	124.00	116.00	115.00	115.00	108.00
150.00	155.00	157.00	158.00	154.00	145.00	142.00	139.00	139.00	131.00	127.00	125.00	121.00	122.00	132.00	135.00	136.00	135.00	139.00	140.00	139.00	139.00	141.00	135.00	136.00	135.00	134.00	138.00	140.00	143.00	145.00	147.00	145.00	142.00	136.00	131.00	120.00	118.00	118.00	117.00	116.00	113.00	111.00	111.00	110.00	104.00	105.00	105.00	105.00	103.00	100.00	100.00	105.00	101.00	99.00	99.00	99.00	99.00	99.00	99.00	99.00	99.00	99.00	106.00	106.00	104.00	104.00	104.00	111.00	112.00	114.00	118.00	119.00	118.00	116.00	114.00	115.00	110.00	109.00	108.00	110.00	109.00	109.00	108.00	99.00	99.00	99.00	99.00	97.00	98.00	102.00	96.00	92.00	92.00	95.00	94.00	96.00	97.00	96.00	99.00	102.00	105.00	107.00	105.00	104.00	105.00	107.00	108.00	105.00	104.00	102.00	100.00	102.00	97.00	98.00	97.00	97.00	97.00	98.00	101.00	106.00	109.00	107.00	105.00	107.00	111.00	121.00	121.00	121.00	119.00	119.00	119.00	122.00	123.00	122.00	121.00	125.00	118.00	115.00	112.00	108.00	105.00	105.00	107.00	113.00	116.00	112.00	113.00	117.00	120.00	118.00	115.00	115.00	114.00	113.00	109.00	108.00	108.00	106.00	105.00	105.00	106.00	109.00	107.00	106.00	106.00	112.00	113.00	109.00	108.00	108.00	118.00	123.00	123.00	125.00	122.00	120.00	114.00	101.00	98.00	93.00	100.00	104.00	104.00	105.00	106.00	104.00	102.00	103.00	96.00	96.00	96.00	95.00	92.00	92.00	93.00	95.00	94.00	95.00	94.00	92.00	93.00	95.00	96.00	96.00	95.00	96.00	97.00	97.00	94.00	93.00	93.00	93.00	93.00	93.00	93.00	93.00	94.00	96.00	97.00	93.00	95.00	96.00	97.00	97.00	99.00	100.00	99.00	99.00	103.00	101.00	99.00	99.00	101.00	101.00	97.00	93.00	90.00	90.00	90.00	88.00	89.00	89.00	88.00	88.00	91.00	89.00	90.00	96.00	111.00	123.00	124.00	116.00	115.00	115.00	108.00
150.00	153.00	154.00	154.00	156.00	156.00	150.00	146.00	144.00	137.00	133.00	132.00	134.00	134.00	135.00	138.00	138.00	136.00	136.00	139.00	139.00	138.00	139.00	142.00	142.00	144.00	145.00	144.00	141.00	140.00	138.00	138.00	140.00	141.00	136.00	131.00	121.00	120.00	117.00	114.00	114.00	114.00	112.00	111.00	111.00	108.00	105.00	104.00	103.00	103.00	101.00	102.00	101.00	99.00	99.00	99.00	99.00	99.00	99.00	99.00	99.00	99.00	99.00	99.00	99.00	99.00	100.00	102.00	112.00	115.00	113.00	115.00	117.00	118.00	119.00	116.00	115.00	105.00	102.00	100.00	97.00	99.00	101.00	102.00	99.00	103.00	104.00	99.00	93.00	96.00	97.00	97.00	99.00	96.00	94.00	97.00	99.00	99.00	97.00	99.00	101.00	100.00	99.00	94.00	90.00	91.00	91.00	91.00	96.00	102.00	103.00	102.00	103.00	101.00	101.00	99.00	97.00	97.00	97.00	97.00	97.00	109.00	110.00	108.00	107.00	109.00	124.00	123.00	124.00	124.00	119.00	119.00	122.00	122.00	123.00	119.00	124.00	123.00	121.00	117.00	117.00	116.00	115.00	116.00	120.00	122.00	118.00	117.00	119.00	120.00	121.00	119.00	115.00	114.00	113.00	113.00	112.00	112.00	110.00	108.00	108.00	105.00	109.00	106.00	105.00	106.00	106.00	105.00	105.00	107.00	108.00	110.00	109.00	108.00	108.00	110.00	111.00	107.00	102.00	100.00	97.00	100.00	102.00	102.00	100.00	100.00	99.00	98.00	95.00	91.00	91.00	91.00	91.00	91.00	91.00	91.00	92.00	91.00	92.00	91.00	91.00	94.00	97.00	97.00	96.00	97.00	98.00	101.00	100.00	96.00	98.00	97.00	97.00	96.00	95.00	94.00	93.00	93.00	96.00	101.00	102.00	98.00	95.00	95.00	96.00	97.00	100.00	98.00	97.00	97.00	98.00	96.00	94.00	96.00	94.00	93.00	94.00	94.00	91.00	89.00	87.00	90.00	87.00	83.00	80.00	83.00	86.00	91.00	94.00	97.00	98.00	95.00	96.00	98.00	98.00	97.00
150.00	153.00	154.00	154.00	156.00	156.00	150.00	146.00	144.00	137.00	133.00	132.00	134.00	134.00	135.00	138.00	138.00	136.00	136.00	139.00	139.00	138.00	139.00	142.00	142.00	144.00	145.00	144.00	141.00	140.00	138.00	138.00	140.00	141.00	136.00	131.00	121.00	120.00	117.00	114.00	114.00	114.00	112.00	111.00	111.00	108.00	105.00	104.00	103.00	103.00	101.00	102.00	101.00	99.00	99.00	99.00	99.00	99.00	99.00	99.00	99.00	99.00	99.00	99.00	99.00	99.00	100.00	102.00	112.00	115.00	113.00	115.00	117.00	118.00	119.00	116.00	115.00	105.00	102.00	100.00	97.00	99.00	101.00	102.00	99.00	103.00	104.00	99.00	93.00	96.00	97.00	97.00	99.00	96.00	94.00	97.00	99.00	99.00	97.00	99.00	101.00	100.00	99.00	94.00	90.00	91.00	91.00	91.00	96.00	102.00	103.00	102.00	103.00	101.00	101.00	99.00	97.00	97.00	97.00	97.00	97.00	109.00	110.00	108.00	107.00	109.00	124.00	123.00	124.00	124.00	119.00	119.00	122.00	122.00	123.00	119.00	124.00	123.00	121.00	117.00	117.00	116.00	115.00	116.00	120.00	122.00	118.00	117.00	119.00	120.00	121.00	119.00	115.00	114.00	113.00	113.00	112.00	112.00	110.00	108.00	108.00	105.00	109.00	106.00	105.00	106.00	106.00	105.00	105.00	107.00	108.00	110.00	109.00	108.00	108.00	110.00	111.00	107.00	102.00	100.00	97.00	100.00	102.00	102.00	100.00	100.00	99.00	98.00	95.00	91.00	91.00	91.00	91.00	91.00	91.00	91.00	92.00	91.00	92.00	91.00	91.00	94.00	97.00	97.00	96.00	97.00	98.00	101.00	100.00	96.00	98.00	97.00	97.00	96.00	95.00	94.00	93.00	93.00	96.00	101.00	102.00	98.00	95.00	95.00	96.00	97.00	100.00	98.00	97.00	97.00	98.00	96.00	94.00	96.00	94.00	93.00	94.00	94.00	91.00	89.00	87.00	90.00	87.00	83.00	80.00	83.00	86.00	91.00	94.00	97.00	98.00	95.00	96.00	98.00	98.00	97.00
148.00	149.00	153.00	154.00	152.00	157.00	155.00	153.00	150.00	145.00	138.00	135.00	138.00	136.00	136.00	137.00	137.00	139.00	141.00	143.00	142.00	144.00	142.00	145.00	148.00	148.00	149.00	150.00	151.00	147.00	142.00	139.00	142.00	143.00	140.00	134.00	129.00	127.00	122.00	119.00	115.00	113.00	111.00	110.00	110.00	108.00	109.00	110.00	108.00	107.00	102.00	103.00	104.00	106.00	101.00	101.00	99.00	99.00	99.00	99.00	99.00	99.00	99.00	99.00	99.00	99.00	99.00	99.00	104.00	108.00	111.00	114.00	113.00	118.00	120.00	120.00	119.00	112.00	102.00	96.00	97.00	94.00	95.00	93.00	95.00	101.00	98.00	93.00	93.00	98.00	97.00	97.00	100.00	97.00	94.00	92.00	92.00	94.00	94.00	96.00	98.00	101.00	102.00	93.00	89.00	89.00	89.00	89.00	89.00	89.00	89.00	90.00	104.00	106.00	103.00	102.00	102.00	99.00	98.00	97.00	97.00	101.00	103.00	106.00	111.00	111.00	119.00	121.00	120.00	121.00	120.00	119.00	122.00	123.00	121.00	120.00	120.00	121.00	118.00	114.00	116.00	117.00	118.00	120.00	121.00	123.00	124.00	124.00	123.00	122.00	121.00	122.00	121.00	121.00	119.00	121.00	119.00	115.00	112.00	112.00	113.00	113.00	111.00	109.00	109.00	109.00	112.00	109.00	110.00	110.00	111.00	111.00	110.00	109.00	109.00	105.00	102.00	104.00	105.00	102.00	100.00	99.00	104.00	106.00	97.00	95.00	93.00	92.00	92.00	95.00	95.00	93.00	91.00	91.00	91.00	91.00	91.00	91.00	91.00	91.00	91.00	91.00	91.00	92.00	94.00	96.00	95.00	101.00	102.00	103.00	104.00	102.00	100.00	100.00	99.00	100.00	98.00	100.00	99.00	100.00	100.00	100.00	100.00	98.00	97.00	95.00	98.00	100.00	99.00	96.00	102.00	97.00	96.00	95.00	92.00	89.00	88.00	89.00	91.00	89.00	87.00	93.00	88.00	87.00	86.00	85.00	85.00	90.00	90.00	89.00	86.00	83.00	80.00	80.00	79.00	81.00
144.00	145.00	149.00	150.00	149.00	149.00	150.00	151.00	151.00	152.00	145.00	143.00	144.00	143.00	142.00	141.00	138.00	137.00	143.00	145.00	148.00	149.00	149.00	147.00	149.00	150.00	149.00	147.00	148.00	146.00	145.00	142.00	136.00	135.00	135.00	132.00	129.00	129.00	129.00	125.00	123.00	113.00	114.00	111.00	109.00	106.00	108.00	109.00	107.00	107.00	107.00	106.00	104.00	103.00	107.00	110.00	106.00	100.00	99.00	99.00	99.00	100.00	101.00	99.00	99.00	99.00	99.00	99.00	99.00	100.00	102.00	105.00	114.00	121.00	120.00	118.00	118.00	108.00	102.00	96.00	92.00	90.00	89.00	84.00	89.00	90.00	88.00	89.00	89.00	91.00	94.00	98.00	105.00	103.00	91.00	87.00	90.00	92.00	93.00	92.00	93.00	94.00	97.00	90.00	89.00	89.00	89.00	89.00	89.00	89.00	89.00	89.00	98.00	101.00	100.00	102.00	102.00	102.00	102.00	97.00	97.00	100.00	102.00	107.00	108.00	107.00	110.00	109.00	107.00	108.00	113.00	115.00	117.00	120.00	118.00	119.00	120.00	119.00	120.00	121.00	121.00	120.00	121.00	122.00	124.00	122.00	122.00	124.00	125.00	123.00	123.00	124.00	123.00	121.00	120.00	120.00	118.00	120.00	118.00	116.00	114.00	114.00	111.00	110.00	111.00	111.00	107.00	106.00	106.00	108.00	109.00	104.00	103.00	105.00	106.00	108.00	108.00	110.00	107.00	106.00	104.00	104.00	108.00	106.00	107.00	103.00	98.00	93.00	91.00	91.00	91.00	91.00	91.00	91.00	91.00	91.00	91.00	91.00	93.00	91.00	91.00	91.00	91.00	91.00	91.00	91.00	91.00	92.00	99.00	99.00	99.00	103.00	103.00	100.00	100.00	100.00	99.00	99.00	96.00	97.00	98.00	97.00	98.00	99.00	99.00	98.00	101.00	102.00	100.00	103.00	103.00	100.00	99.00	98.00	96.00	97.00	98.00	99.00	97.00	95.00	92.00	91.00	87.00	85.00	84.00	81.00	80.00	86.00	88.00	83.00	82.00	82.00	80.00	79.00	76.00	75.00
144.00	145.00	149.00	150.00	149.00	149.00	150.00	151.00	151.00	152.00	145.00	143.00	144.00	143.00	142.00	141.00	138.00	137.00	143.00	145.00	148.00	149.00	149.00	147.00	149.00	150.00	149.00	147.00	148.00	146.00	145.00	142.00	136.00	135.00	135.00	132.00	129.00	129.00	129.00	125.00	123.00	113.00	114.00	111.00	109.00	106.00	108.00	109.00	107.00	107.00	107.00	106.00	104.00	103.00	107.00	110.00	106.00	100.00	99.00	99.00	99.00	100.00	101.00	99.00	99.00	99.00	99.00	99.00	99.00	100.00	102.00	105.00	114.00	121.00	120.00	118.00	118.00	108.00	102.00	96.00	92.00	90.00	89.00	84.00	89.00	90.00	88.00	89.00	89.00	91.00	94.00	98.00	105.00	103.00	91.00	87.00	90.00	92.00	93.00	92.00	93.00	94.00	97.00	90.00	89.00	89.00	89.00	89.00	89.00	89.00	89.00	89.00	98.00	101.00	100.00	102.00	102.00	102.00	102.00	97.00	97.00	100.00	102.00	107.00	108.00	107.00	110.00	109.00	107.00	108.00	113.00	115.00	117.00	120.00	118.00	119.00	120.00	119.00	120.00	121.00	121.00	120.00	121.00	122.00	124.00	122.00	122.00	124.00	125.00	123.00	123.00	124.00	123.00	121.00	120.00	120.00	118.00	120.00	118.00	116.00	114.00	114.00	111.00	110.00	111.00	111.00	107.00	106.00	106.00	108.00	109.00	104.00	103.00	105.00	106.00	108.00	108.00	110.00	107.00	106.00	104.00	104.00	108.00	106.00	107.00	103.00	98.00	93.00	91.00	91.00	91.00	91.00	91.00	91.00	91.00	91.00	91.00	91.00	93.00	91.00	91.00	91.00	91.00	91.00	91.00	91.00	91.00	92.00	99.00	99.00	99.00	103.00	103.00	100.00	100.00	100.00	99.00	99.00	96.00	97.00	98.00	97.00	98.00	99.00	99.00	98.00	101.00	102.00	100.00	103.00	103.00	100.00	99.00	98.00	96.00	97.00	98.00	99.00	97.00	95.00	92.00	91.00	87.00	85.00	84.00	81.00	80.00	86.00	88.00	83.00	82.00	82.00	80.00	79.00	76.00	75.00
137.00	136.00	136.00	141.00	146.00	150.00	154.00	153.00	152.00	151.00	144.00	148.00	152.00	152.00	147.00	147.00	145.00	143.00	143.00	142.00	142.00	147.00	149.00	153.00	152.00	150.00	152.00	149.00	146.00	142.00	139.00	139.00	136.00	133.00	129.00	128.00	125.00	127.00	128.00	125.00	123.00	121.00	120.00	120.00	120.00	115.00	114.00	111.00	108.00	106.00	109.00	108.00	108.00	109.00	104.00	104.00	101.00	98.00	99.00	105.00	106.00	102.00	101.00	101.00	99.00	99.00	99.00	99.00	99.00	99.00	99.00	101.00	110.00	114.00	113.00	115.00	115.00	104.00	99.00	97.00	97.00	87.00	87.00	87.00	87.00	87.00	87.00	87.00	87.00	87.00	87.00	90.00	96.00	95.00	91.00	93.00	96.00	92.00	90.00	91.00	92.00	93.00	92.00	90.00	89.00	89.00	89.00	89.00	89.00	89.00	89.00	89.00	89.00	89.00	89.00	94.00	97.00	99.00	98.00	96.00	93.00	97.00	99.00	100.00	103.00	101.00	100.00	98.00	98.00	102.00	108.00	112.00	115.00	118.00	118.00	116.00	115.00	116.00	119.00	126.00	127.00	126.00	124.00	123.00	120.00	119.00	123.00	124.00	123.00	120.00	118.00	119.00	119.00	119.00	119.00	117.00	116.00	119.00	120.00	123.00	123.00	120.00	112.00	113.00	114.00	113.00	110.00	113.00	114.00	115.00	113.00	104.00	104.00	106.00	107.00	110.00	110.00	110.00	107.00	107.00	109.00	110.00	108.00	103.00	104.00	100.00	99.00	100.00	100.00	95.00	95.00	93.00	93.00	95.00	92.00	91.00	91.00	91.00	95.00	91.00	91.00	92.00	92.00	91.00	92.00	93.00	95.00	93.00	97.00	100.00	100.00	104.00	103.00	101.00	101.00	98.00	94.00	94.00	96.00	96.00	97.00	97.00	94.00	92.00	90.00	91.00	93.00	94.00	92.00	92.00	91.00	92.00	92.00	96.00	93.00	92.00	93.00	90.00	92.00	92.00	88.00	89.00	86.00	85.00	84.00	83.00	82.00	85.00	88.00	86.00	88.00	85.00	82.00	82.00	82.00	83.00
130.00	131.00	135.00	139.00	144.00	149.00	151.00	152.00	150.00	148.00	151.00	154.00	154.00	155.00	154.00	151.00	152.00	151.00	145.00	142.00	139.00	145.00	149.00	152.00	151.00	147.00	147.00	148.00	148.00	146.00	145.00	144.00	136.00	134.00	132.00	132.00	130.00	129.00	128.00	123.00	120.00	120.00	118.00	118.00	118.00	120.00	120.00	118.00	115.00	112.00	113.00	112.00	107.00	107.00	104.00	104.00	103.00	103.00	104.00	103.00	105.00	104.00	102.00	101.00	101.00	101.00	101.00	101.00	99.00	100.00	99.00	99.00	100.00	101.00	100.00	102.00	102.00	85.00	85.00	91.00	94.00	89.00	88.00	87.00	87.00	87.00	89.00	89.00	89.00	89.00	100.00	99.00	97.00	94.00	88.00	89.00	94.00	93.00	92.00	88.00	91.00	93.00	94.00	91.00	94.00	92.00	91.00	90.00	90.00	89.00	89.00	89.00	89.00	89.00	89.00	89.00	89.00	93.00	91.00	91.00	91.00	92.00	96.00	99.00	100.00	99.00	100.00	98.00	99.00	102.00	108.00	108.00	105.00	105.00	108.00	110.00	110.00	111.00	113.00	120.00	124.00	125.00	123.00	124.00	126.00	125.00	123.00	123.00	123.00	122.00	119.00	118.00	118.00	116.00	117.00	117.00	114.00	117.00	118.00	119.00	119.00	117.00	114.00	112.00	113.00	114.00	115.00	119.00	120.00	116.00	115.00	111.00	110.00	108.00	105.00	104.00	106.00	107.00	107.00	108.00	106.00	107.00	109.00	109.00	103.00	102.00	104.00	105.00	104.00	101.00	100.00	100.00	99.00	102.00	101.00	102.00	100.00	96.00	97.00	99.00	98.00	95.00	97.00	98.00	100.00	99.00	98.00	96.00	99.00	105.00	107.00	108.00	106.00	107.00	108.00	108.00	101.00	96.00	94.00	95.00	95.00	96.00	95.00	92.00	92.00	94.00	93.00	92.00	89.00	88.00	91.00	92.00	94.00	95.00	91.00	91.00	92.00	91.00	88.00	90.00	90.00	89.00	88.00	85.00	83.00	82.00	81.00	84.00	84.00	82.00	86.00	81.00	80.00	80.00	81.00	79.00
130.00	131.00	135.00	139.00	144.00	149.00	151.00	152.00	150.00	148.00	151.00	154.00	154.00	155.00	154.00	151.00	152.00	151.00	145.00	142.00	139.00	145.00	149.00	152.00	151.00	147.00	147.00	148.00	148.00	146.00	145.00	144.00	136.00	134.00	132.00	132.00	130.00	129.00	128.00	123.00	120.00	120.00	118.00	118.00	118.00	120.00	120.00	118.00	115.00	112.00	113.00	112.00	107.00	107.00	104.00	104.00	103.00	103.00	104.00	103.00	105.00	104.00	102.00	101.00	101.00	101.00	101.00	101.00	99.00	100.00	99.00	99.00	100.00	101.00	100.00	102.00	102.00	85.00	85.00	91.00	94.00	89.00	88.00	87.00	87.00	87.00	89.00	89.00	89.00	89.00	100.00	99.00	97.00	94.00	88.00	89.00	94.00	93.00	92.00	88.00	91.00	93.00	94.00	91.00	94.00	92.00	91.00	90.00	90.00	89.00	89.00	89.00	89.00	89.00	89.00	89.00	89.00	93.00	91.00	91.00	91.00	92.00	96.00	99.00	100.00	99.00	100.00	98.00	99.00	102.00	108.00	108.00	105.00	105.00	108.00	110.00	110.00	111.00	113.00	120.00	124.00	125.00	123.00	124.00	126.00	125.00	123.00	123.00	123.00	122.00	119.00	118.00	118.00	116.00	117.00	117.00	114.00	117.00	118.00	119.00	119.00	117.00	114.00	112.00	113.00	114.00	115.00	119.00	120.00	116.00	115.00	111.00	110.00	108.00	105.00	104.00	106.00	107.00	107.00	108.00	106.00	107.00	109.00	109.00	103.00	102.00	104.00	105.00	104.00	101.00	100.00	100.00	99.00	102.00	101.00	102.00	100.00	96.00	97.00	99.00	98.00	95.00	97.00	98.00	100.00	99.00	98.00	96.00	99.00	105.00	107.00	108.00	106.00	107.00	108.00	108.00	101.00	96.00	94.00	95.00	95.00	96.00	95.00	92.00	92.00	94.00	93.00	92.00	89.00	88.00	91.00	92.00	94.00	95.00	91.00	91.00	92.00	91.00	88.00	90.00	90.00	89.00	88.00	85.00	83.00	82.00	81.00	84.00	84.00	82.00	86.00	81.00	80.00	80.00	81.00	79.00
130.00	131.00	135.00	139.00	144.00	149.00	151.00	152.00	150.00	148.00	151.00	154.00	154.00	155.00	154.00	151.00	152.00	151.00	145.00	142.00	139.00	145.00	149.00	152.00	151.00	147.00	147.00	148.00	148.00	146.00	145.00	144.00	136.00	134.00	132.00	132.00	130.00	129.00	128.00	123.00	120.00	120.00	118.00	118.00	118.00	120.00	120.00	118.00	115.00	112.00	113.00	112.00	107.00	107.00	104.00	104.00	103.00	103.00	104.00	103.00	105.00	104.00	102.00	101.00	101.00	101.00	101.00	101.00	99.00	100.00	99.00	99.00	100.00	101.00	100.00	102.00	102.00	85.00	85.00	91.00	94.00	89.00	88.00	87.00	87.00	87.00	89.00	89.00	89.00	89.00	100.00	99.00	97.00	94.00	88.00	89.00	94.00	93.00	92.00	88.00	91.00	93.00	94.00	91.00	94.00	92.00	91.00	90.00	90.00	89.00	89.00	89.00	89.00	89.00	89.00	89.00	89.00	93.00	91.00	91.00	91.00	92.00	96.00	99.00	100.00	99.00	100.00	98.00	99.00	102.00	108.00	108.00	105.00	105.00	108.00	110.00	110.00	111.00	113.00	120.00	124.00	125.00	123.00	124.00	126.00	125.00	123.00	123.00	123.00	122.00	119.00	118.00	118.00	116.00	117.00	117.00	114.00	117.00	118.00	119.00	119.00	117.00	114.00	112.00	113.00	114.00	115.00	119.00	120.00	116.00	115.00	111.00	110.00	108.00	105.00	104.00	106.00	107.00	107.00	108.00	106.00	107.00	109.00	109.00	103.00	102.00	104.00	105.00	104.00	101.00	100.00	100.00	99.00	102.00	101.00	102.00	100.00	96.00	97.00	99.00	98.00	95.00	97.00	98.00	100.00	99.00	98.00	96.00	99.00	105.00	107.00	108.00	106.00	107.00	108.00	108.00	101.00	96.00	94.00	95.00	95.00	96.00	95.00	92.00	92.00	94.00	93.00	92.00	89.00	88.00	91.00	92.00	94.00	95.00	91.00	91.00	92.00	91.00	88.00	90.00	90.00	89.00	88.00	85.00	83.00	82.00	81.00	84.00	84.00	82.00	86.00	81.00	80.00	80.00	81.00	79.00
129.00	133.00	141.00	143.00	144.00	142.00	145.00	151.00	150.00	150.00	153.00	155.00	157.00	158.00	159.00	158.00	155.00	153.00	152.00	149.00	147.00	142.00	142.00	148.00	147.00	145.00	145.00	150.00	149.00	148.00	148.00	146.00	141.00	139.00	141.00	138.00	132.00	130.00	127.00	125.00	125.00	123.00	122.00	119.00	119.00	122.00	118.00	116.00	116.00	114.00	114.00	114.00	113.00	113.00	111.00	108.00	107.00	107.00	108.00	107.00	103.00	102.00	101.00	99.00	98.00	98.00	98.00	98.00	98.00	98.00	100.00	99.00	101.00	95.00	95.00	94.00	93.00	91.00	92.00	93.00	92.00	91.00	94.00	92.00	92.00	96.00	101.00	104.00	107.00	108.00	100.00	99.00	96.00	94.00	94.00	93.00	92.00	90.00	89.00	94.00	94.00	93.00	95.00	95.00	95.00	97.00	96.00	95.00	97.00	95.00	98.00	99.00	90.00	89.00	89.00	89.00	89.00	89.00	89.00	89.00	89.00	89.00	90.00	95.00	94.00	94.00	97.00	97.00	98.00	99.00	102.00	102.00	102.00	101.00	100.00	101.00	106.00	110.00	113.00	116.00	119.00	122.00	123.00	126.00	127.00	129.00	127.00	127.00	126.00	127.00	126.00	125.00	124.00	123.00	125.00	124.00	124.00	114.00	114.00	116.00	115.00	115.00	120.00	121.00	127.00	126.00	111.00	118.00	117.00	114.00	114.00	111.00	109.00	109.00	109.00	104.00	102.00	102.00	106.00	105.00	104.00	103.00	105.00	105.00	101.00	102.00	105.00	103.00	103.00	105.00	105.00	103.00	104.00	99.00	100.00	101.00	92.00	90.00	90.00	91.00	91.00	90.00	90.00	90.00	91.00	92.00	92.00	95.00	99.00	108.00	109.00	107.00	106.00	104.00	105.00	104.00	105.00	106.00	105.00	104.00	102.00	104.00	100.00	100.00	99.00	98.00	98.00	99.00	96.00	91.00	90.00	90.00	92.00	94.00	95.00	94.00	94.00	93.00	92.00	91.00	91.00	91.00	91.00	88.00	87.00	87.00	87.00	89.00	86.00	83.00	82.00	82.00	80.00	76.00	74.00	76.00
141.00	142.00	145.00	149.00	151.00	144.00	142.00	143.00	144.00	148.00	155.00	154.00	154.00	155.00	155.00	156.00	157.00	155.00	149.00	147.00	148.00	145.00	144.00	144.00	144.00	144.00	142.00	148.00	149.00	149.00	149.00	153.00	148.00	147.00	146.00	143.00	137.00	133.00	130.00	127.00	125.00	124.00	122.00	121.00	120.00	120.00	118.00	115.00	115.00	114.00	112.00	113.00	111.00	111.00	110.00	111.00	111.00	110.00	108.00	108.00	106.00	100.00	95.00	99.00	99.00	97.00	99.00	98.00	98.00	96.00	97.00	93.00	92.00	92.00	92.00	92.00	92.00	92.00	92.00	92.00	92.00	92.00	96.00	96.00	97.00	105.00	107.00	113.00	117.00	116.00	103.00	99.00	97.00	95.00	91.00	91.00	90.00	89.00	89.00	93.00	91.00	94.00	96.00	95.00	95.00	97.00	99.00	100.00	98.00	94.00	96.00	98.00	96.00	95.00	90.00	89.00	89.00	89.00	89.00	89.00	89.00	89.00	89.00	90.00	92.00	94.00	96.00	92.00	93.00	97.00	99.00	100.00	100.00	99.00	100.00	102.00	112.00	115.00	116.00	122.00	122.00	123.00	126.00	126.00	127.00	127.00	126.00	127.00	126.00	124.00	123.00	123.00	121.00	123.00	121.00	121.00	121.00	120.00	121.00	121.00	120.00	120.00	123.00	124.00	126.00	122.00	118.00	119.00	116.00	111.00	107.00	104.00	104.00	102.00	101.00	101.00	101.00	101.00	102.00	103.00	102.00	100.00	97.00	100.00	102.00	105.00	113.00	109.00	101.00	102.00	103.00	101.00	102.00	99.00	101.00	99.00	95.00	93.00	90.00	90.00	90.00	90.00	90.00	90.00	90.00	90.00	90.00	90.00	90.00	94.00	99.00	102.00	103.00	103.00	101.00	100.00	104.00	101.00	100.00	98.00	105.00	108.00	107.00	107.00	107.00	104.00	103.00	101.00	99.00	94.00	93.00	92.00	92.00	88.00	90.00	92.00	92.00	92.00	94.00	95.00	92.00	88.00	89.00	88.00	87.00	87.00	86.00	87.00	87.00	88.00	87.00	81.00	80.00	81.00	80.00	79.00
141.00	142.00	145.00	149.00	151.00	144.00	142.00	143.00	144.00	148.00	155.00	154.00	154.00	155.00	155.00	156.00	157.00	155.00	149.00	147.00	148.00	145.00	144.00	144.00	144.00	144.00	142.00	148.00	149.00	149.00	149.00	153.00	148.00	147.00	146.00	143.00	137.00	133.00	130.00	127.00	125.00	124.00	122.00	121.00	120.00	120.00	118.00	115.00	115.00	114.00	112.00	113.00	111.00	111.00	110.00	111.00	111.00	110.00	108.00	108.00	106.00	100.00	95.00	99.00	99.00	97.00	99.00	98.00	98.00	96.00	97.00	93.00	92.00	92.00	92.00	92.00	92.00	92.00	92.00	92.00	92.00	92.00	96.00	96.00	97.00	105.00	107.00	113.00	117.00	116.00	103.00	99.00	97.00	95.00	91.00	91.00	90.00	89.00	89.00	93.00	91.00	94.00	96.00	95.00	95.00	97.00	99.00	100.00	98.00	94.00	96.00	98.00	96.00	95.00	90.00	89.00	89.00	89.00	89.00	89.00	89.00	89.00	89.00	90.00	92.00	94.00	96.00	92.00	93.00	97.00	99.00	100.00	100.00	99.00	100.00	102.00	112.00	115.00	116.00	122.00	122.00	123.00	126.00	126.00	127.00	127.00	126.00	127.00	126.00	124.00	123.00	123.00	121.00	123.00	121.00	121.00	121.00	120.00	121.00	121.00	120.00	120.00	123.00	124.00	126.00	122.00	118.00	119.00	116.00	111.00	107.00	104.00	104.00	102.00	101.00	101.00	101.00	101.00	102.00	103.00	102.00	100.00	97.00	100.00	102.00	105.00	113.00	109.00	101.00	102.00	103.00	101.00	102.00	99.00	101.00	99.00	95.00	93.00	90.00	90.00	90.00	90.00	90.00	90.00	90.00	90.00	90.00	90.00	90.00	94.00	99.00	102.00	103.00	103.00	101.00	100.00	104.00	101.00	100.00	98.00	105.00	108.00	107.00	107.00	107.00	104.00	103.00	101.00	99.00	94.00	93.00	92.00	92.00	88.00	90.00	92.00	92.00	92.00	94.00	95.00	92.00	88.00	89.00	88.00	87.00	87.00	86.00	87.00	87.00	88.00	87.00	81.00	80.00	81.00	80.00	79.00
146.00	145.00	145.00	148.00	151.00	153.00	151.00	145.00	145.00	150.00	152.00	152.00	154.00	154.00	156.00	156.00	155.00	155.00	150.00	149.00	149.00	148.00	150.00	143.00	141.00	141.00	141.00	138.00	141.00	146.00	150.00	153.00	152.00	148.00	145.00	143.00	137.00	134.00	132.00	129.00	127.00	123.00	118.00	112.00	113.00	119.00	116.00	114.00	115.00	118.00	115.00	113.00	112.00	115.00	112.00	111.00	111.00	112.00	112.00	110.00	107.00	101.00	98.00	102.00	105.00	105.00	107.00	108.00	104.00	104.00	102.00	103.00	102.00	93.00	93.00	92.00	92.00	92.00	92.00	92.00	92.00	92.00	94.00	96.00	99.00	106.00	112.00	120.00	122.00	120.00	106.00	104.00	103.00	100.00	95.00	96.00	94.00	89.00	88.00	91.00	91.00	94.00	97.00	97.00	97.00	102.00	107.00	107.00	101.00	98.00	100.00	98.00	95.00	97.00	94.00	89.00	89.00	89.00	89.00	89.00	91.00	98.00	96.00	95.00	96.00	96.00	93.00	92.00	91.00	92.00	98.00	98.00	97.00	98.00	100.00	103.00	114.00	117.00	117.00	122.00	122.00	120.00	121.00	123.00	125.00	125.00	123.00	124.00	122.00	122.00	122.00	122.00	121.00	125.00	126.00	127.00	125.00	128.00	129.00	125.00	124.00	124.00	123.00	122.00	121.00	121.00	116.00	113.00	111.00	107.00	106.00	104.00	99.00	97.00	97.00	97.00	102.00	108.00	100.00	99.00	99.00	98.00	97.00	98.00	102.00	106.00	112.00	104.00	96.00	96.00	100.00	99.00	98.00	98.00	100.00	101.00	100.00	97.00	94.00	90.00	90.00	90.00	90.00	90.00	90.00	90.00	90.00	90.00	90.00	102.00	100.00	97.00	97.00	98.00	97.00	97.00	97.00	94.00	93.00	95.00	104.00	106.00	106.00	107.00	109.00	108.00	105.00	104.00	102.00	98.00	93.00	93.00	95.00	91.00	93.00	91.00	91.00	91.00	91.00	91.00	89.00	87.00	85.00	86.00	87.00	86.00	85.00	86.00	85.00	84.00	82.00	81.00	82.00	84.00	80.00	79.00
146.00	145.00	145.00	148.00	151.00	153.00	151.00	145.00	145.00	150.00	152.00	152.00	154.00	154.00	156.00	156.00	155.00	155.00	150.00	149.00	149.00	148.00	150.00	143.00	141.00	141.00	141.00	138.00	141.00	146.00	150.00	153.00	152.00	148.00	145.00	143.00	137.00	134.00	132.00	129.00	127.00	123.00	118.00	112.00	113.00	119.00	116.00	114.00	115.00	118.00	115.00	113.00	112.00	115.00	112.00	111.00	111.00	112.00	112.00	110.00	107.00	101.00	98.00	102.00	105.00	105.00	107.00	108.00	104.00	104.00	102.00	103.00	102.00	93.00	93.00	92.00	92.00	92.00	92.00	92.00	92.00	92.00	94.00	96.00	99.00	106.00	112.00	120.00	122.00	120.00	106.00	104.00	103.00	100.00	95.00	96.00	94.00	89.00	88.00	91.00	91.00	94.00	97.00	97.00	97.00	102.00	107.00	107.00	101.00	98.00	100.00	98.00	95.00	97.00	94.00	89.00	89.00	89.00	89.00	89.00	91.00	98.00	96.00	95.00	96.00	96.00	93.00	92.00	91.00	92.00	98.00	98.00	97.00	98.00	100.00	103.00	114.00	117.00	117.00	122.00	122.00	120.00	121.00	123.00	125.00	125.00	123.00	124.00	122.00	122.00	122.00	122.00	121.00	125.00	126.00	127.00	125.00	128.00	129.00	125.00	124.00	124.00	123.00	122.00	121.00	121.00	116.00	113.00	111.00	107.00	106.00	104.00	99.00	97.00	97.00	97.00	102.00	108.00	100.00	99.00	99.00	98.00	97.00	98.00	102.00	106.00	112.00	104.00	96.00	96.00	100.00	99.00	98.00	98.00	100.00	101.00	100.00	97.00	94.00	90.00	90.00	90.00	90.00	90.00	90.00	90.00	90.00	90.00	90.00	102.00	100.00	97.00	97.00	98.00	97.00	97.00	97.00	94.00	93.00	95.00	104.00	106.00	106.00	107.00	109.00	108.00	105.00	104.00	102.00	98.00	93.00	93.00	95.00	91.00	93.00	91.00	91.00	91.00	91.00	91.00	89.00	87.00	85.00	86.00	87.00	86.00	85.00	86.00	85.00	84.00	82.00	81.00	82.00	84.00	80.00	79.00
148.00	148.00	150.00	154.00	151.00	153.00	150.00	148.00	148.00	147.00	147.00	153.00	157.00	158.00	156.00	155.00	150.00	148.00	149.00	150.00	148.00	148.00	147.00	144.00	142.00	143.00	142.00	139.00	142.00	146.00	153.00	146.00	141.00	140.00	138.00	139.00	133.00	126.00	125.00	126.00	123.00	122.00	120.00	119.00	121.00	115.00	114.00	114.00	112.00	111.00	115.00	115.00	113.00	112.00	107.00	106.00	108.00	110.00	110.00	113.00	110.00	105.00	103.00	108.00	106.00	105.00	105.00	107.00	104.00	104.00	105.00	107.00	110.00	105.00	103.00	99.00	95.00	92.00	92.00	93.00	94.00	99.00	98.00	99.00	103.00	101.00	108.00	112.00	114.00	113.00	107.00	105.00	104.00	101.00	100.00	99.00	97.00	97.00	97.00	97.00	95.00	96.00	97.00	96.00	103.00	107.00	111.00	116.00	112.00	111.00	108.00	100.00	101.00	99.00	96.00	89.00	89.00	89.00	89.00	89.00	89.00	89.00	90.00	91.00	92.00	92.00	92.00	91.00	92.00	91.00	91.00	90.00	90.00	91.00	93.00	99.00	108.00	109.00	111.00	121.00	120.00	120.00	122.00	122.00	125.00	125.00	126.00	127.00	127.00	127.00	127.00	124.00	123.00	125.00	126.00	126.00	126.00	131.00	131.00	129.00	126.00	124.00	123.00	124.00	125.00	123.00	116.00	109.00	109.00	108.00	105.00	100.00	98.00	101.00	104.00	103.00	108.00	106.00	101.00	100.00	101.00	102.00	103.00	104.00	103.00	99.00	96.00	94.00	94.00	90.00	92.00	93.00	94.00	96.00	98.00	99.00	99.00	100.00	102.00	105.00	101.00	99.00	98.00	96.00	96.00	97.00	98.00	105.00	107.00	102.00	99.00	99.00	98.00	98.00	98.00	98.00	98.00	98.00	101.00	103.00	108.00	107.00	108.00	111.00	104.00	104.00	102.00	102.00	101.00	99.00	98.00	100.00	99.00	97.00	95.00	92.00	90.00	89.00	98.00	98.00	93.00	90.00	91.00	90.00	89.00	91.00	87.00	85.00	86.00	85.00	86.00	82.00	79.00	78.00	81.00	80.00
139.00	146.00	152.00	152.00	151.00	148.00	145.00	145.00	146.00	144.00	146.00	147.00	147.00	147.00	151.00	152.00	150.00	147.00	145.00	144.00	143.00	144.00	142.00	141.00	141.00	141.00	138.00	141.00	141.00	144.00	148.00	146.00	139.00	136.00	131.00	130.00	131.00	129.00	130.00	129.00	123.00	117.00	116.00	117.00	119.00	117.00	117.00	116.00	115.00	113.00	114.00	116.00	113.00	113.00	111.00	110.00	110.00	111.00	111.00	111.00	107.00	105.00	105.00	114.00	109.00	104.00	105.00	115.00	120.00	113.00	105.00	104.00	109.00	111.00	104.00	100.00	102.00	97.00	95.00	95.00	95.00	97.00	102.00	101.00	104.00	102.00	105.00	107.00	111.00	108.00	107.00	102.00	102.00	101.00	100.00	101.00	102.00	105.00	107.00	109.00	110.00	111.00	107.00	104.00	110.00	117.00	122.00	122.00	122.00	119.00	114.00	110.00	108.00	108.00	107.00	97.00	94.00	93.00	92.00	91.00	89.00	89.00	89.00	89.00	89.00	89.00	90.00	90.00	92.00	91.00	92.00	90.00	90.00	89.00	89.00	96.00	98.00	103.00	109.00	114.00	116.00	117.00	119.00	121.00	125.00	123.00	128.00	130.00	128.00	127.00	127.00	128.00	127.00	131.00	133.00	135.00	135.00	132.00	131.00	130.00	128.00	126.00	122.00	124.00	124.00	124.00	117.00	109.00	109.00	110.00	110.00	106.00	103.00	103.00	104.00	105.00	106.00	104.00	102.00	102.00	102.00	101.00	102.00	106.00	105.00	102.00	101.00	102.00	102.00	97.00	91.00	90.00	90.00	90.00	91.00	93.00	92.00	92.00	102.00	105.00	99.00	98.00	106.00	105.00	105.00	107.00	108.00	109.00	108.00	106.00	102.00	103.00	106.00	104.00	103.00	105.00	109.00	110.00	112.00	111.00	110.00	111.00	110.00	107.00	107.00	105.00	102.00	102.00	101.00	97.00	96.00	98.00	96.00	97.00	96.00	95.00	96.00	97.00	103.00	96.00	91.00	91.00	91.00	90.00	91.00	90.00	89.00	88.00	88.00	88.00	90.00	86.00	85.00	83.00	81.00	81.00
139.00	146.00	152.00	152.00	151.00	148.00	145.00	145.00	146.00	144.00	146.00	147.00	147.00	147.00	151.00	152.00	150.00	147.00	145.00	144.00	143.00	144.00	142.00	141.00	141.00	141.00	138.00	141.00	141.00	144.00	148.00	146.00	139.00	136.00	131.00	130.00	131.00	129.00	130.00	129.00	123.00	117.00	116.00	117.00	119.00	117.00	117.00	116.00	115.00	113.00	114.00	116.00	113.00	113.00	111.00	110.00	110.00	111.00	111.00	111.00	107.00	105.00	105.00	114.00	109.00	104.00	105.00	115.00	120.00	113.00	105.00	104.00	109.00	111.00	104.00	100.00	102.00	97.00	95.00	95.00	95.00	97.00	102.00	101.00	104.00	102.00	105.00	107.00	111.00	108.00	107.00	102.00	102.00	101.00	100.00	101.00	102.00	105.00	107.00	109.00	110.00	111.00	107.00	104.00	110.00	117.00	122.00	122.00	122.00	119.00	114.00	110.00	108.00	108.00	107.00	97.00	94.00	93.00	92.00	91.00	89.00	89.00	89.00	89.00	89.00	89.00	90.00	90.00	92.00	91.00	92.00	90.00	90.00	89.00	89.00	96.00	98.00	103.00	109.00	114.00	116.00	117.00	119.00	121.00	125.00	123.00	128.00	130.00	128.00	127.00	127.00	128.00	127.00	131.00	133.00	135.00	135.00	132.00	131.00	130.00	128.00	126.00	122.00	124.00	124.00	124.00	117.00	109.00	109.00	110.00	110.00	106.00	103.00	103.00	104.00	105.00	106.00	104.00	102.00	102.00	102.00	101.00	102.00	106.00	105.00	102.00	101.00	102.00	102.00	97.00	91.00	90.00	90.00	90.00	91.00	93.00	92.00	92.00	102.00	105.00	99.00	98.00	106.00	105.00	105.00	107.00	108.00	109.00	108.00	106.00	102.00	103.00	106.00	104.00	103.00	105.00	109.00	110.00	112.00	111.00	110.00	111.00	110.00	107.00	107.00	105.00	102.00	102.00	101.00	97.00	96.00	98.00	96.00	97.00	96.00	95.00	96.00	97.00	103.00	96.00	91.00	91.00	91.00	90.00	91.00	90.00	89.00	88.00	88.00	88.00	90.00	86.00	85.00	83.00	81.00	81.00
139.00	146.00	152.00	152.00	151.00	148.00	145.00	145.00	146.00	144.00	146.00	147.00	147.00	147.00	151.00	152.00	150.00	147.00	145.00	144.00	143.00	144.00	142.00	141.00	141.00	141.00	138.00	141.00	141.00	144.00	148.00	146.00	139.00	136.00	131.00	130.00	131.00	129.00	130.00	129.00	123.00	117.00	116.00	117.00	119.00	117.00	117.00	116.00	115.00	113.00	114.00	116.00	113.00	113.00	111.00	110.00	110.00	111.00	111.00	111.00	107.00	105.00	105.00	114.00	109.00	104.00	105.00	115.00	120.00	113.00	105.00	104.00	109.00	111.00	104.00	100.00	102.00	97.00	95.00	95.00	95.00	97.00	102.00	101.00	104.00	102.00	105.00	107.00	111.00	108.00	107.00	102.00	102.00	101.00	100.00	101.00	102.00	105.00	107.00	109.00	110.00	111.00	107.00	104.00	110.00	117.00	122.00	122.00	122.00	119.00	114.00	110.00	108.00	108.00	107.00	97.00	94.00	93.00	92.00	91.00	89.00	89.00	89.00	89.00	89.00	89.00	90.00	90.00	92.00	91.00	92.00	90.00	90.00	89.00	89.00	96.00	98.00	103.00	109.00	114.00	116.00	117.00	119.00	121.00	125.00	123.00	128.00	130.00	128.00	127.00	127.00	128.00	127.00	131.00	133.00	135.00	135.00	132.00	131.00	130.00	128.00	126.00	122.00	124.00	124.00	124.00	117.00	109.00	109.00	110.00	110.00	106.00	103.00	103.00	104.00	105.00	106.00	104.00	102.00	102.00	102.00	101.00	102.00	106.00	105.00	102.00	101.00	102.00	102.00	97.00	91.00	90.00	90.00	90.00	91.00	93.00	92.00	92.00	102.00	105.00	99.00	98.00	106.00	105.00	105.00	107.00	108.00	109.00	108.00	106.00	102.00	103.00	106.00	104.00	103.00	105.00	109.00	110.00	112.00	111.00	110.00	111.00	110.00	107.00	107.00	105.00	102.00	102.00	101.00	97.00	96.00	98.00	96.00	97.00	96.00	95.00	96.00	97.00	103.00	96.00	91.00	91.00	91.00	90.00	91.00	90.00	89.00	88.00	88.00	88.00	90.00	86.00	85.00	83.00	81.00	81.00
149.00	148.00	151.00	154.00	151.00	148.00	149.00	147.00	145.00	145.00	146.00	148.00	148.00	147.00	144.00	143.00	141.00	143.00	145.00	143.00	142.00	137.00	139.00	139.00	138.00	136.00	137.00	140.00	139.00	142.00	145.00	146.00	142.00	141.00	140.00	136.00	127.00	126.00	125.00	124.00	119.00	115.00	116.00	117.00	116.00	115.00	114.00	111.00	111.00	115.00	118.00	120.00	113.00	107.00	110.00	113.00	113.00	111.00	111.00	108.00	107.00	107.00	107.00	104.00	102.00	103.00	111.00	125.00	132.00	124.00	116.00	110.00	110.00	114.00	110.00	104.00	103.00	104.00	106.00	107.00	111.00	111.00	111.00	110.00	107.00	107.00	107.00	111.00	116.00	114.00	103.00	99.00	99.00	101.00	101.00	102.00	104.00	106.00	107.00	114.00	116.00	116.00	112.00	115.00	114.00	118.00	118.00	120.00	122.00	122.00	121.00	118.00	120.00	119.00	119.00	108.00	105.00	100.00	98.00	95.00	95.00	89.00	89.00	89.00	89.00	89.00	89.00	89.00	89.00	89.00	94.00	94.00	96.00	102.00	105.00	104.00	103.00	105.00	107.00	107.00	109.00	112.00	115.00	118.00	123.00	126.00	130.00	131.00	131.00	132.00	131.00	130.00	127.00	131.00	132.00	136.00	135.00	135.00	135.00	132.00	128.00	125.00	124.00	124.00	123.00	125.00	119.00	115.00	113.00	109.00	107.00	106.00	106.00	105.00	104.00	104.00	103.00	103.00	102.00	104.00	105.00	105.00	106.00	108.00	106.00	107.00	105.00	105.00	105.00	100.00	96.00	92.00	93.00	94.00	92.00	93.00	99.00	98.00	102.00	101.00	105.00	110.00	103.00	101.00	101.00	102.00	103.00	103.00	104.00	107.00	106.00	108.00	111.00	112.00	114.00	114.00	109.00	111.00	112.00	112.00	112.00	111.00	111.00	110.00	103.00	101.00	99.00	97.00	98.00	99.00	96.00	96.00	97.00	94.00	94.00	94.00	95.00	95.00	91.00	90.00	90.00	91.00	93.00	94.00	94.00	93.00	94.00	90.00	87.00	86.00	87.00	88.00	84.00	82.00	82.00	82.00
141.00	142.00	146.00	149.00	147.00	148.00	149.00	148.00	145.00	145.00	144.00	143.00	147.00	146.00	143.00	139.00	134.00	137.00	137.00	139.00	137.00	133.00	132.00	134.00	134.00	133.00	134.00	136.00	137.00	135.00	135.00	140.00	140.00	139.00	137.00	136.00	134.00	135.00	133.00	128.00	127.00	123.00	120.00	119.00	118.00	112.00	113.00	114.00	114.00	112.00	112.00	118.00	117.00	110.00	107.00	110.00	110.00	112.00	113.00	110.00	111.00	109.00	108.00	105.00	103.00	105.00	109.00	121.00	137.00	133.00	130.00	125.00	113.00	106.00	103.00	105.00	107.00	105.00	105.00	106.00	108.00	110.00	111.00	112.00	114.00	118.00	116.00	118.00	121.00	120.00	115.00	109.00	105.00	104.00	101.00	104.00	107.00	112.00	116.00	122.00	120.00	118.00	120.00	131.00	129.00	123.00	120.00	118.00	112.00	113.00	114.00	113.00	115.00	120.00	122.00	114.00	108.00	107.00	103.00	98.00	95.00	92.00	91.00	91.00	92.00	91.00	89.00	89.00	89.00	94.00	95.00	98.00	101.00	107.00	111.00	113.00	112.00	108.00	106.00	109.00	113.00	115.00	116.00	117.00	123.00	127.00	130.00	131.00	130.00	133.00	138.00	138.00	135.00	128.00	129.00	132.00	132.00	130.00	130.00	131.00	131.00	128.00	125.00	125.00	126.00	127.00	120.00	118.00	116.00	114.00	113.00	110.00	108.00	107.00	104.00	104.00	103.00	103.00	105.00	107.00	106.00	106.00	105.00	106.00	106.00	106.00	107.00	110.00	111.00	105.00	102.00	104.00	103.00	100.00	99.00	99.00	102.00	101.00	103.00	105.00	113.00	119.00	105.00	105.00	104.00	103.00	102.00	103.00	104.00	107.00	107.00	113.00	115.00	111.00	110.00	112.00	110.00	110.00	108.00	108.00	104.00	104.00	103.00	103.00	103.00	101.00	100.00	100.00	99.00	94.00	94.00	94.00	94.00	94.00	92.00	94.00	96.00	95.00	92.00	93.00	95.00	95.00	97.00	98.00	98.00	98.00	96.00	93.00	90.00	90.00	90.00	87.00	86.00	87.00	87.00	85.00
141.00	142.00	146.00	149.00	147.00	148.00	149.00	148.00	145.00	145.00	144.00	143.00	147.00	146.00	143.00	139.00	134.00	137.00	137.00	139.00	137.00	133.00	132.00	134.00	134.00	133.00	134.00	136.00	137.00	135.00	135.00	140.00	140.00	139.00	137.00	136.00	134.00	135.00	133.00	128.00	127.00	123.00	120.00	119.00	118.00	112.00	113.00	114.00	114.00	112.00	112.00	118.00	117.00	110.00	107.00	110.00	110.00	112.00	113.00	110.00	111.00	109.00	108.00	105.00	103.00	105.00	109.00	121.00	137.00	133.00	130.00	125.00	113.00	106.00	103.00	105.00	107.00	105.00	105.00	106.00	108.00	110.00	111.00	112.00	114.00	118.00	116.00	118.00	121.00	120.00	115.00	109.00	105.00	104.00	101.00	104.00	107.00	112.00	116.00	122.00	120.00	118.00	120.00	131.00	129.00	123.00	120.00	118.00	112.00	113.00	114.00	113.00	115.00	120.00	122.00	114.00	108.00	107.00	103.00	98.00	95.00	92.00	91.00	91.00	92.00	91.00	89.00	89.00	89.00	94.00	95.00	98.00	101.00	107.00	111.00	113.00	112.00	108.00	106.00	109.00	113.00	115.00	116.00	117.00	123.00	127.00	130.00	131.00	130.00	133.00	138.00	138.00	135.00	128.00	129.00	132.00	132.00	130.00	130.00	131.00	131.00	128.00	125.00	125.00	126.00	127.00	120.00	118.00	116.00	114.00	113.00	110.00	108.00	107.00	104.00	104.00	103.00	103.00	105.00	107.00	106.00	106.00	105.00	106.00	106.00	106.00	107.00	110.00	111.00	105.00	102.00	104.00	103.00	100.00	99.00	99.00	102.00	101.00	103.00	105.00	113.00	119.00	105.00	105.00	104.00	103.00	102.00	103.00	104.00	107.00	107.00	113.00	115.00	111.00	110.00	112.00	110.00	110.00	108.00	108.00	104.00	104.00	103.00	103.00	103.00	101.00	100.00	100.00	99.00	94.00	94.00	94.00	94.00	94.00	92.00	94.00	96.00	95.00	92.00	93.00	95.00	95.00	97.00	98.00	98.00	98.00	96.00	93.00	90.00	90.00	90.00	87.00	86.00	87.00	87.00	85.00
141.00	139.00	140.00	143.00	144.00	144.00	143.00	143.00	145.00	146.00	144.00	147.00	146.00	144.00	142.00	139.00	138.00	138.00	140.00	139.00	134.00	130.00	131.00	129.00	126.00	130.00	132.00	131.00	129.00	130.00	133.00	133.00	138.00	136.00	135.00	134.00	133.00	128.00	128.00	128.00	127.00	126.00	123.00	124.00	122.00	120.00	119.00	119.00	119.00	118.00	116.00	118.00	116.00	112.00	106.00	108.00	108.00	110.00	110.00	107.00	108.00	114.00	114.00	108.00	106.00	107.00	108.00	112.00	129.00	129.00	128.00	126.00	120.00	105.00	102.00	104.00	105.00	106.00	107.00	108.00	109.00	113.00	112.00	111.00	117.00	115.00	112.00	111.00	113.00	113.00	116.00	113.00	113.00	116.00	112.00	111.00	112.00	114.00	120.00	122.00	122.00	123.00	124.00	127.00	126.00	127.00	124.00	119.00	115.00	113.00	110.00	107.00	108.00	110.00	110.00	107.00	105.00	102.00	102.00	100.00	100.00	100.00	98.00	94.00	95.00	97.00	89.00	89.00	89.00	91.00	92.00	94.00	97.00	103.00	110.00	119.00	117.00	118.00	115.00	107.00	111.00	114.00	118.00	122.00	125.00	128.00	132.00	131.00	132.00	130.00	130.00	130.00	133.00	131.00	130.00	134.00	135.00	132.00	130.00	130.00	133.00	131.00	134.00	134.00	132.00	129.00	122.00	119.00	118.00	115.00	113.00	112.00	113.00	111.00	110.00	105.00	104.00	104.00	111.00	112.00	114.00	113.00	107.00	106.00	108.00	108.00	109.00	112.00	111.00	110.00	109.00	111.00	108.00	103.00	100.00	98.00	98.00	100.00	97.00	99.00	102.00	103.00	105.00	109.00	109.00	108.00	107.00	106.00	105.00	107.00	106.00	107.00	107.00	104.00	102.00	101.00	102.00	102.00	101.00	99.00	97.00	98.00	96.00	97.00	99.00	100.00	101.00	100.00	101.00	97.00	92.00	94.00	96.00	97.00	96.00	96.00	96.00	93.00	90.00	92.00	97.00	100.00	103.00	104.00	103.00	103.00	98.00	95.00	92.00	91.00	92.00	92.00	92.00	92.00	89.00	88.00
139.00	136.00	136.00	137.00	136.00	138.00	141.00	143.00	140.00	141.00	143.00	148.00	149.00	144.00	135.00	133.00	134.00	134.00	138.00	134.00	134.00	130.00	131.00	128.00	125.00	127.00	127.00	128.00	126.00	126.00	127.00	133.00	132.00	134.00	131.00	130.00	127.00	127.00	129.00	131.00	130.00	122.00	121.00	122.00	120.00	118.00	118.00	120.00	120.00	119.00	119.00	119.00	116.00	113.00	112.00	112.00	109.00	109.00	110.00	108.00	110.00	110.00	110.00	112.00	111.00	111.00	112.00	117.00	123.00	123.00	123.00	122.00	113.00	110.00	112.00	112.00	108.00	104.00	107.00	108.00	111.00	121.00	122.00	122.00	117.00	117.00	116.00	116.00	115.00	114.00	110.00	111.00	113.00	114.00	114.00	116.00	115.00	116.00	119.00	116.00	115.00	118.00	121.00	128.00	122.00	124.00	125.00	123.00	119.00	114.00	110.00	110.00	111.00	110.00	107.00	102.00	102.00	100.00	99.00	100.00	100.00	100.00	98.00	93.00	93.00	98.00	94.00	91.00	91.00	98.00	92.00	89.00	91.00	97.00	104.00	119.00	118.00	117.00	115.00	112.00	111.00	115.00	115.00	117.00	119.00	124.00	133.00	135.00	136.00	135.00	134.00	133.00	135.00	131.00	131.00	131.00	131.00	132.00	133.00	131.00	131.00	135.00	138.00	139.00	137.00	134.00	130.00	124.00	123.00	119.00	115.00	112.00	113.00	112.00	108.00	104.00	107.00	107.00	108.00	108.00	109.00	109.00	106.00	105.00	111.00	113.00	115.00	117.00	116.00	115.00	115.00	116.00	113.00	107.00	105.00	104.00	100.00	99.00	99.00	102.00	107.00	104.00	108.00	115.00	115.00	111.00	107.00	106.00	106.00	106.00	104.00	104.00	105.00	108.00	110.00	108.00	106.00	102.00	100.00	100.00	95.00	94.00	93.00	92.00	90.00	92.00	92.00	92.00	96.00	96.00	94.00	94.00	93.00	96.00	97.00	97.00	96.00	95.00	93.00	93.00	92.00	91.00	98.00	103.00	103.00	102.00	101.00	94.00	91.00	93.00	94.00	90.00	87.00	90.00	89.00	88.00
139.00	136.00	136.00	137.00	136.00	138.00	141.00	143.00	140.00	141.00	143.00	148.00	149.00	144.00	135.00	133.00	134.00	134.00	138.00	134.00	134.00	130.00	131.00	128.00	125.00	127.00	127.00	128.00	126.00	126.00	127.00	133.00	132.00	134.00	131.00	130.00	127.00	127.00	129.00	131.00	130.00	122.00	121.00	122.00	120.00	118.00	118.00	120.00	120.00	119.00	119.00	119.00	116.00	113.00	112.00	112.00	109.00	109.00	110.00	108.00	110.00	110.00	110.00	112.00	111.00	111.00	112.00	117.00	123.00	123.00	123.00	122.00	113.00	110.00	112.00	112.00	108.00	104.00	107.00	108.00	111.00	121.00	122.00	122.00	117.00	117.00	116.00	116.00	115.00	114.00	110.00	111.00	113.00	114.00	114.00	116.00	115.00	116.00	119.00	116.00	115.00	118.00	121.00	128.00	122.00	124.00	125.00	123.00	119.00	114.00	110.00	110.00	111.00	110.00	107.00	102.00	102.00	100.00	99.00	100.00	100.00	100.00	98.00	93.00	93.00	98.00	94.00	91.00	91.00	98.00	92.00	89.00	91.00	97.00	104.00	119.00	118.00	117.00	115.00	112.00	111.00	115.00	115.00	117.00	119.00	124.00	133.00	135.00	136.00	135.00	134.00	133.00	135.00	131.00	131.00	131.00	131.00	132.00	133.00	131.00	131.00	135.00	138.00	139.00	137.00	134.00	130.00	124.00	123.00	119.00	115.00	112.00	113.00	112.00	108.00	104.00	107.00	107.00	108.00	108.00	109.00	109.00	106.00	105.00	111.00	113.00	115.00	117.00	116.00	115.00	115.00	116.00	113.00	107.00	105.00	104.00	100.00	99.00	99.00	102.00	107.00	104.00	108.00	115.00	115.00	111.00	107.00	106.00	106.00	106.00	104.00	104.00	105.00	108.00	110.00	108.00	106.00	102.00	100.00	100.00	95.00	94.00	93.00	92.00	90.00	92.00	92.00	92.00	96.00	96.00	94.00	94.00	93.00	96.00	97.00	97.00	96.00	95.00	93.00	93.00	92.00	91.00	98.00	103.00	103.00	102.00	101.00	94.00	91.00	93.00	94.00	90.00	87.00	90.00	89.00	88.00
132.00	131.00	131.00	132.00	133.00	138.00	139.00	138.00	139.00	141.00	139.00	141.00	141.00	139.00	139.00	136.00	134.00	134.00	133.00	130.00	133.00	133.00	134.00	135.00	132.00	128.00	126.00	134.00	136.00	134.00	131.00	135.00	133.00	131.00	127.00	125.00	119.00	121.00	124.00	124.00	123.00	123.00	122.00	120.00	119.00	117.00	117.00	116.00	114.00	115.00	116.00	116.00	113.00	112.00	116.00	114.00	114.00	115.00	114.00	115.00	118.00	114.00	109.00	115.00	114.00	114.00	115.00	118.00	120.00	122.00	121.00	119.00	114.00	115.00	115.00	115.00	115.00	116.00	114.00	113.00	114.00	113.00	114.00	117.00	117.00	117.00	115.00	113.00	112.00	112.00	113.00	112.00	112.00	110.00	114.00	117.00	119.00	123.00	126.00	121.00	121.00	121.00	120.00	123.00	122.00	122.00	125.00	124.00	124.00	121.00	116.00	115.00	112.00	110.00	109.00	104.00	105.00	106.00	107.00	103.00	101.00	100.00	97.00	94.00	93.00	96.00	96.00	99.00	101.00	100.00	93.00	94.00	93.00	93.00	98.00	104.00	106.00	105.00	106.00	110.00	112.00	114.00	114.00	117.00	122.00	123.00	128.00	132.00	133.00	132.00	132.00	133.00	133.00	134.00	134.00	133.00	132.00	134.00	137.00	138.00	139.00	141.00	144.00	143.00	138.00	136.00	135.00	132.00	126.00	122.00	120.00	117.00	114.00	112.00	110.00	107.00	106.00	106.00	107.00	108.00	107.00	108.00	107.00	106.00	104.00	106.00	113.00	115.00	115.00	121.00	120.00	119.00	116.00	112.00	112.00	110.00	107.00	105.00	100.00	97.00	103.00	103.00	110.00	113.00	114.00	115.00	112.00	110.00	109.00	108.00	105.00	103.00	104.00	103.00	103.00	103.00	104.00	102.00	100.00	101.00	96.00	94.00	93.00	92.00	89.00	90.00	90.00	89.00	86.00	85.00	86.00	86.00	86.00	93.00	93.00	93.00	94.00	93.00	96.00	97.00	97.00	91.00	94.00	98.00	99.00	97.00	95.00	94.00	94.00	95.00	97.00	94.00	92.00	93.00	93.00	91.00
132.00	131.00	131.00	132.00	133.00	138.00	139.00	138.00	139.00	141.00	139.00	141.00	141.00	139.00	139.00	136.00	134.00	134.00	133.00	130.00	133.00	133.00	134.00	135.00	132.00	128.00	126.00	134.00	136.00	134.00	131.00	135.00	133.00	131.00	127.00	125.00	119.00	121.00	124.00	124.00	123.00	123.00	122.00	120.00	119.00	117.00	117.00	116.00	114.00	115.00	116.00	116.00	113.00	112.00	116.00	114.00	114.00	115.00	114.00	115.00	118.00	114.00	109.00	115.00	114.00	114.00	115.00	118.00	120.00	122.00	121.00	119.00	114.00	115.00	115.00	115.00	115.00	116.00	114.00	113.00	114.00	113.00	114.00	117.00	117.00	117.00	115.00	113.00	112.00	112.00	113.00	112.00	112.00	110.00	114.00	117.00	119.00	123.00	126.00	121.00	121.00	121.00	120.00	123.00	122.00	122.00	125.00	124.00	124.00	121.00	116.00	115.00	112.00	110.00	109.00	104.00	105.00	106.00	107.00	103.00	101.00	100.00	97.00	94.00	93.00	96.00	96.00	99.00	101.00	100.00	93.00	94.00	93.00	93.00	98.00	104.00	106.00	105.00	106.00	110.00	112.00	114.00	114.00	117.00	122.00	123.00	128.00	132.00	133.00	132.00	132.00	133.00	133.00	134.00	134.00	133.00	132.00	134.00	137.00	138.00	139.00	141.00	144.00	143.00	138.00	136.00	135.00	132.00	126.00	122.00	120.00	117.00	114.00	112.00	110.00	107.00	106.00	106.00	107.00	108.00	107.00	108.00	107.00	106.00	104.00	106.00	113.00	115.00	115.00	121.00	120.00	119.00	116.00	112.00	112.00	110.00	107.00	105.00	100.00	97.00	103.00	103.00	110.00	113.00	114.00	115.00	112.00	110.00	109.00	108.00	105.00	103.00	104.00	103.00	103.00	103.00	104.00	102.00	100.00	101.00	96.00	94.00	93.00	92.00	89.00	90.00	90.00	89.00	86.00	85.00	86.00	86.00	86.00	93.00	93.00	93.00	94.00	93.00	96.00	97.00	97.00	91.00	94.00	98.00	99.00	97.00	95.00	94.00	94.00	95.00	97.00	94.00	92.00	93.00	93.00	91.00
128.00	127.00	127.00	127.00	127.00	132.00	134.00	134.00	134.00	139.00	137.00	137.00	137.00	137.00	138.00	139.00	136.00	132.00	133.00	132.00	130.00	132.00	132.00	135.00	132.00	131.00	126.00	124.00	133.00	136.00	136.00	142.00	137.00	126.00	122.00	127.00	127.00	128.00	129.00	123.00	121.00	123.00	123.00	125.00	123.00	118.00	119.00	121.00	120.00	115.00	116.00	115.00	112.00	113.00	120.00	114.00	113.00	112.00	114.00	116.00	117.00	115.00	116.00	118.00	118.00	121.00	124.00	124.00	120.00	120.00	119.00	118.00	113.00	115.00	117.00	120.00	121.00	124.00	123.00	120.00	121.00	116.00	115.00	116.00	116.00	117.00	115.00	116.00	115.00	113.00	115.00	116.00	116.00	115.00	115.00	121.00	129.00	135.00	135.00	131.00	129.00	126.00	125.00	127.00	120.00	120.00	121.00	123.00	126.00	124.00	125.00	125.00	124.00	119.00	115.00	110.00	108.00	114.00	115.00	112.00	109.00	100.00	98.00	96.00	96.00	99.00	93.00	96.00	96.00	95.00	96.00	98.00	100.00	95.00	94.00	98.00	100.00	105.00	105.00	106.00	108.00	109.00	108.00	113.00	121.00	123.00	128.00	130.00	131.00	130.00	131.00	134.00	134.00	136.00	138.00	139.00	141.00	141.00	140.00	140.00	143.00	145.00	144.00	143.00	141.00	138.00	136.00	134.00	131.00	128.00	126.00	116.00	114.00	113.00	113.00	110.00	108.00	110.00	108.00	108.00	108.00	105.00	103.00	103.00	110.00	112.00	112.00	113.00	113.00	121.00	119.00	119.00	116.00	112.00	111.00	108.00	105.00	105.00	104.00	99.00	100.00	102.00	104.00	106.00	106.00	107.00	112.00	120.00	120.00	112.00	111.00	110.00	107.00	103.00	101.00	98.00	96.00	95.00	93.00	92.00	89.00	89.00	89.00	90.00	93.00	93.00	92.00	91.00	89.00	89.00	88.00	86.00	85.00	88.00	87.00	87.00	87.00	88.00	91.00	92.00	94.00	96.00	94.00	94.00	97.00	97.00	96.00	95.00	97.00	98.00	96.00	97.00	95.00	99.00	102.00	95.00
128.00	127.00	127.00	127.00	127.00	132.00	134.00	134.00	134.00	139.00	137.00	137.00	137.00	137.00	138.00	139.00	136.00	132.00	133.00	132.00	130.00	132.00	132.00	135.00	132.00	131.00	126.00	124.00	133.00	136.00	136.00	142.00	137.00	126.00	122.00	127.00	127.00	128.00	129.00	123.00	121.00	123.00	123.00	125.00	123.00	118.00	119.00	121.00	120.00	115.00	116.00	115.00	112.00	113.00	120.00	114.00	113.00	112.00	114.00	116.00	117.00	115.00	116.00	118.00	118.00	121.00	124.00	124.00	120.00	120.00	119.00	118.00	113.00	115.00	117.00	120.00	121.00	124.00	123.00	120.00	121.00	116.00	115.00	116.00	116.00	117.00	115.00	116.00	115.00	113.00	115.00	116.00	116.00	115.00	115.00	121.00	129.00	135.00	135.00	131.00	129.00	126.00	125.00	127.00	120.00	120.00	121.00	123.00	126.00	124.00	125.00	125.00	124.00	119.00	115.00	110.00	108.00	114.00	115.00	112.00	109.00	100.00	98.00	96.00	96.00	99.00	93.00	96.00	96.00	95.00	96.00	98.00	100.00	95.00	94.00	98.00	100.00	105.00	105.00	106.00	108.00	109.00	108.00	113.00	121.00	123.00	128.00	130.00	131.00	130.00	131.00	134.00	134.00	136.00	138.00	139.00	141.00	141.00	140.00	140.00	143.00	145.00	144.00	143.00	141.00	138.00	136.00	134.00	131.00	128.00	126.00	116.00	114.00	113.00	113.00	110.00	108.00	110.00	108.00	108.00	108.00	105.00	103.00	103.00	110.00	112.00	112.00	113.00	113.00	121.00	119.00	119.00	116.00	112.00	111.00	108.00	105.00	105.00	104.00	99.00	100.00	102.00	104.00	106.00	106.00	107.00	112.00	120.00	120.00	112.00	111.00	110.00	107.00	103.00	101.00	98.00	96.00	95.00	93.00	92.00	89.00	89.00	89.00	90.00	93.00	93.00	92.00	91.00	89.00	89.00	88.00	86.00	85.00	88.00	87.00	87.00	87.00	88.00	91.00	92.00	94.00	96.00	94.00	94.00	97.00	97.00	96.00	95.00	97.00	98.00	96.00	97.00	95.00	99.00	102.00	95.00
123.00	122.00	125.00	129.00	128.00	131.00	130.00	129.00	129.00	132.00	135.00	136.00	138.00	139.00	137.00	137.00	136.00	136.00	135.00	134.00	133.00	131.00	132.00	126.00	126.00	125.00	121.00	121.00	125.00	129.00	133.00	141.00	143.00	137.00	133.00	130.00	130.00	131.00	126.00	121.00	123.00	127.00	128.00	129.00	125.00	127.00	125.00	123.00	122.00	120.00	117.00	116.00	112.00	114.00	122.00	118.00	118.00	117.00	115.00	114.00	111.00	111.00	117.00	120.00	123.00	126.00	129.00	131.00	128.00	126.00	124.00	122.00	117.00	118.00	122.00	125.00	129.00	132.00	130.00	128.00	128.00	119.00	119.00	119.00	118.00	121.00	119.00	118.00	119.00	118.00	117.00	120.00	121.00	121.00	122.00	126.00	131.00	133.00	131.00	129.00	128.00	127.00	126.00	129.00	118.00	117.00	115.00	116.00	116.00	122.00	128.00	131.00	128.00	124.00	121.00	118.00	113.00	110.00	112.00	111.00	113.00	102.00	99.00	99.00	99.00	99.00	96.00	97.00	95.00	93.00	96.00	98.00	99.00	98.00	94.00	97.00	99.00	101.00	100.00	100.00	102.00	106.00	111.00	115.00	123.00	123.00	125.00	126.00	129.00	128.00	130.00	131.00	135.00	137.00	139.00	140.00	141.00	139.00	140.00	143.00	147.00	148.00	146.00	147.00	145.00	142.00	139.00	137.00	134.00	131.00	126.00	120.00	120.00	119.00	112.00	113.00	111.00	111.00	108.00	110.00	107.00	105.00	109.00	112.00	111.00	111.00	113.00	112.00	112.00	118.00	119.00	121.00	119.00	113.00	114.00	115.00	113.00	109.00	104.00	101.00	100.00	100.00	98.00	98.00	101.00	101.00	103.00	113.00	116.00	110.00	110.00	113.00	109.00	105.00	103.00	100.00	96.00	97.00	95.00	92.00	88.00	87.00	90.00	90.00	91.00	90.00	92.00	93.00	92.00	90.00	90.00	90.00	88.00	89.00	89.00	90.00	90.00	90.00	90.00	88.00	89.00	87.00	91.00	91.00	92.00	90.00	92.00	93.00	95.00	97.00	97.00	97.00	100.00	101.00	98.00	98.00
123.00	122.00	125.00	129.00	128.00	131.00	130.00	129.00	129.00	132.00	135.00	136.00	138.00	139.00	137.00	137.00	136.00	136.00	135.00	134.00	133.00	131.00	132.00	126.00	126.00	125.00	121.00	121.00	125.00	129.00	133.00	141.00	143.00	137.00	133.00	130.00	130.00	131.00	126.00	121.00	123.00	127.00	128.00	129.00	125.00	127.00	125.00	123.00	122.00	120.00	117.00	116.00	112.00	114.00	122.00	118.00	118.00	117.00	115.00	114.00	111.00	111.00	117.00	120.00	123.00	126.00	129.00	131.00	128.00	126.00	124.00	122.00	117.00	118.00	122.00	125.00	129.00	132.00	130.00	128.00	128.00	119.00	119.00	119.00	118.00	121.00	119.00	118.00	119.00	118.00	117.00	120.00	121.00	121.00	122.00	126.00	131.00	133.00	131.00	129.00	128.00	127.00	126.00	129.00	118.00	117.00	115.00	116.00	116.00	122.00	128.00	131.00	128.00	124.00	121.00	118.00	113.00	110.00	112.00	111.00	113.00	102.00	99.00	99.00	99.00	99.00	96.00	97.00	95.00	93.00	96.00	98.00	99.00	98.00	94.00	97.00	99.00	101.00	100.00	100.00	102.00	106.00	111.00	115.00	123.00	123.00	125.00	126.00	129.00	128.00	130.00	131.00	135.00	137.00	139.00	140.00	141.00	139.00	140.00	143.00	147.00	148.00	146.00	147.00	145.00	142.00	139.00	137.00	134.00	131.00	126.00	120.00	120.00	119.00	112.00	113.00	111.00	111.00	108.00	110.00	107.00	105.00	109.00	112.00	111.00	111.00	113.00	112.00	112.00	118.00	119.00	121.00	119.00	113.00	114.00	115.00	113.00	109.00	104.00	101.00	100.00	100.00	98.00	98.00	101.00	101.00	103.00	113.00	116.00	110.00	110.00	113.00	109.00	105.00	103.00	100.00	96.00	97.00	95.00	92.00	88.00	87.00	90.00	90.00	91.00	90.00	92.00	93.00	92.00	90.00	90.00	90.00	88.00	89.00	89.00	90.00	90.00	90.00	90.00	88.00	89.00	87.00	91.00	91.00	92.00	90.00	92.00	93.00	95.00	97.00	97.00	97.00	100.00	101.00	98.00	98.00
120.00	120.00	120.00	120.00	122.00	123.00	124.00	128.00	131.00	128.00	130.00	131.00	133.00	135.00	138.00	138.00	136.00	139.00	141.00	142.00	143.00	139.00	144.00	136.00	133.00	131.00	128.00	127.00	126.00	127.00	127.00	132.00	145.00	146.00	140.00	135.00	129.00	124.00	125.00	128.00	126.00	124.00	129.00	132.00	131.00	127.00	127.00	130.00	131.00	127.00	116.00	113.00	111.00	114.00	121.00	120.00	119.00	117.00	116.00	112.00	112.00	112.00	112.00	119.00	124.00	129.00	133.00	137.00	134.00	135.00	133.00	130.00	126.00	123.00	123.00	123.00	132.00	139.00	134.00	131.00	129.00	126.00	123.00	123.00	124.00	133.00	128.00	126.00	126.00	125.00	120.00	119.00	122.00	123.00	130.00	133.00	135.00	133.00	131.00	128.00	127.00	125.00	124.00	122.00	117.00	117.00	115.00	115.00	113.00	112.00	117.00	122.00	124.00	121.00	118.00	115.00	113.00	106.00	106.00	107.00	108.00	105.00	102.00	100.00	98.00	96.00	95.00	94.00	91.00	93.00	94.00	95.00	95.00	94.00	93.00	94.00	94.00	96.00	96.00	96.00	100.00	103.00	110.00	116.00	121.00	124.00	125.00	124.00	126.00	128.00	130.00	131.00	134.00	136.00	138.00	141.00	141.00	139.00	140.00	147.00	147.00	145.00	145.00	146.00	146.00	145.00	142.00	137.00	135.00	133.00	128.00	123.00	123.00	122.00	122.00	117.00	117.00	116.00	113.00	114.00	111.00	111.00	112.00	113.00	116.00	115.00	117.00	117.00	118.00	117.00	117.00	116.00	117.00	114.00	113.00	112.00	113.00	110.00	105.00	99.00	102.00	105.00	101.00	99.00	99.00	98.00	98.00	103.00	102.00	99.00	100.00	107.00	106.00	103.00	102.00	101.00	96.00	97.00	97.00	96.00	92.00	92.00	93.00	94.00	93.00	91.00	92.00	90.00	91.00	95.00	91.00	90.00	91.00	90.00	87.00	86.00	86.00	87.00	86.00	86.00	89.00	91.00	89.00	88.00	88.00	88.00	88.00	89.00	91.00	92.00	94.00	97.00	95.00	95.00	97.00	97.00
118.00	116.00	115.00	118.00	119.00	117.00	119.00	119.00	124.00	127.00	129.00	130.00	131.00	133.00	141.00	142.00	142.00	140.00	140.00	144.00	146.00	141.00	142.00	139.00	135.00	130.00	129.00	129.00	129.00	127.00	128.00	134.00	140.00	145.00	145.00	146.00	137.00	126.00	125.00	128.00	130.00	122.00	126.00	131.00	137.00	128.00	129.00	125.00	124.00	126.00	125.00	126.00	122.00	119.00	118.00	121.00	120.00	119.00	119.00	119.00	120.00	115.00	113.00	116.00	122.00	125.00	126.00	129.00	131.00	133.00	131.00	131.00	130.00	132.00	123.00	124.00	136.00	147.00	147.00	141.00	139.00	135.00	134.00	136.00	137.00	144.00	142.00	139.00	136.00	134.00	131.00	125.00	123.00	123.00	144.00	144.00	141.00	137.00	135.00	136.00	136.00	134.00	132.00	125.00	115.00	115.00	113.00	109.00	108.00	108.00	112.00	114.00	121.00	121.00	117.00	109.00	107.00	103.00	104.00	102.00	101.00	100.00	100.00	100.00	99.00	99.00	98.00	95.00	93.00	94.00	94.00	95.00	95.00	92.00	92.00	91.00	91.00	95.00	101.00	102.00	100.00	103.00	107.00	112.00	112.00	114.00	116.00	116.00	121.00	121.00	123.00	127.00	132.00	139.00	137.00	135.00	136.00	141.00	143.00	141.00	139.00	140.00	142.00	141.00	139.00	139.00	139.00	133.00	132.00	132.00	131.00	126.00	131.00	130.00	132.00	126.00	125.00	122.00	123.00	121.00	113.00	114.00	113.00	113.00	118.00	118.00	120.00	121.00	123.00	118.00	116.00	115.00	116.00	114.00	112.00	111.00	110.00	112.00	108.00	102.00	103.00	104.00	99.00	98.00	99.00	100.00	96.00	96.00	98.00	99.00	98.00	96.00	98.00	96.00	97.00	97.00	95.00	95.00	94.00	93.00	91.00	91.00	93.00	93.00	95.00	96.00	96.00	97.00	95.00	91.00	93.00	94.00	94.00	92.00	94.00	93.00	90.00	88.00	87.00	87.00	86.00	89.00	86.00	86.00	87.00	90.00	93.00	91.00	89.00	91.00	93.00	98.00	99.00	97.00	93.00	91.00
118.00	116.00	115.00	118.00	119.00	117.00	119.00	119.00	124.00	127.00	129.00	130.00	131.00	133.00	141.00	142.00	142.00	140.00	140.00	144.00	146.00	141.00	142.00	139.00	135.00	130.00	129.00	129.00	129.00	127.00	128.00	134.00	140.00	145.00	145.00	146.00	137.00	126.00	125.00	128.00	130.00	122.00	126.00	131.00	137.00	128.00	129.00	125.00	124.00	126.00	125.00	126.00	122.00	119.00	118.00	121.00	120.00	119.00	119.00	119.00	120.00	115.00	113.00	116.00	122.00	125.00	126.00	129.00	131.00	133.00	131.00	131.00	130.00	132.00	123.00	124.00	136.00	147.00	147.00	141.00	139.00	135.00	134.00	136.00	137.00	144.00	142.00	139.00	136.00	134.00	131.00	125.00	123.00	123.00	144.00	144.00	141.00	137.00	135.00	136.00	136.00	134.00	132.00	125.00	115.00	115.00	113.00	109.00	108.00	108.00	112.00	114.00	121.00	121.00	117.00	109.00	107.00	103.00	104.00	102.00	101.00	100.00	100.00	100.00	99.00	99.00	98.00	95.00	93.00	94.00	94.00	95.00	95.00	92.00	92.00	91.00	91.00	95.00	101.00	102.00	100.00	103.00	107.00	112.00	112.00	114.00	116.00	116.00	121.00	121.00	123.00	127.00	132.00	139.00	137.00	135.00	136.00	141.00	143.00	141.00	139.00	140.00	142.00	141.00	139.00	139.00	139.00	133.00	132.00	132.00	131.00	126.00	131.00	130.00	132.00	126.00	125.00	122.00	123.00	121.00	113.00	114.00	113.00	113.00	118.00	118.00	120.00	121.00	123.00	118.00	116.00	115.00	116.00	114.00	112.00	111.00	110.00	112.00	108.00	102.00	103.00	104.00	99.00	98.00	99.00	100.00	96.00	96.00	98.00	99.00	98.00	96.00	98.00	96.00	97.00	97.00	95.00	95.00	94.00	93.00	91.00	91.00	93.00	93.00	95.00	96.00	96.00	97.00	95.00	91.00	93.00	94.00	94.00	92.00	94.00	93.00	90.00	88.00	87.00	87.00	86.00	89.00	86.00	86.00	87.00	90.00	93.00	91.00	89.00	91.00	93.00	98.00	99.00	97.00	93.00	91.00
118.00	116.00	115.00	118.00	119.00	117.00	119.00	119.00	124.00	127.00	129.00	130.00	131.00	133.00	141.00	142.00	142.00	140.00	140.00	144.00	146.00	141.00	142.00	139.00	135.00	130.00	129.00	129.00	129.00	127.00	128.00	134.00	140.00	145.00	145.00	146.00	137.00	126.00	125.00	128.00	130.00	122.00	126.00	131.00	137.00	128.00	129.00	125.00	124.00	126.00	125.00	126.00	122.00	119.00	118.00	121.00	120.00	119.00	119.00	119.00	120.00	115.00	113.00	116.00	122.00	125.00	126.00	129.00	131.00	133.00	131.00	131.00	130.00	132.00	123.00	124.00	136.00	147.00	147.00	141.00	139.00	135.00	134.00	136.00	137.00	144.00	142.00	139.00	136.00	134.00	131.00	125.00	123.00	123.00	144.00	144.00	141.00	137.00	135.00	136.00	136.00	134.00	132.00	125.00	115.00	115.00	113.00	109.00	108.00	108.00	112.00	114.00	121.00	121.00	117.00	109.00	107.00	103.00	104.00	102.00	101.00	100.00	100.00	100.00	99.00	99.00	98.00	95.00	93.00	94.00	94.00	95.00	95.00	92.00	92.00	91.00	91.00	95.00	101.00	102.00	100.00	103.00	107.00	112.00	112.00	114.00	116.00	116.00	121.00	121.00	123.00	127.00	132.00	139.00	137.00	135.00	136.00	141.00	143.00	141.00	139.00	140.00	142.00	141.00	139.00	139.00	139.00	133.00	132.00	132.00	131.00	126.00	131.00	130.00	132.00	126.00	125.00	122.00	123.00	121.00	113.00	114.00	113.00	113.00	118.00	118.00	120.00	121.00	123.00	118.00	116.00	115.00	116.00	114.00	112.00	111.00	110.00	112.00	108.00	102.00	103.00	104.00	99.00	98.00	99.00	100.00	96.00	96.00	98.00	99.00	98.00	96.00	98.00	96.00	97.00	97.00	95.00	95.00	94.00	93.00	91.00	91.00	93.00	93.00	95.00	96.00	96.00	97.00	95.00	91.00	93.00	94.00	94.00	92.00	94.00	93.00	90.00	88.00	87.00	87.00	86.00	89.00	86.00	86.00	87.00	90.00	93.00	91.00	89.00	91.00	93.00	98.00	99.00	97.00	93.00	91.00
114.00	114.00	114.00	115.00	119.00	115.00	118.00	119.00	119.00	124.00	130.00	129.00	131.00	135.00	138.00	140.00	142.00	140.00	141.00	146.00	148.00	141.00	137.00	135.00	131.00	126.00	124.00	125.00	124.00	122.00	123.00	132.00	138.00	139.00	146.00	152.00	149.00	143.00	136.00	129.00	126.00	124.00	123.00	126.00	129.00	129.00	129.00	125.00	123.00	122.00	122.00	123.00	117.00	116.00	123.00	122.00	120.00	120.00	118.00	118.00	115.00	113.00	115.00	120.00	121.00	122.00	125.00	128.00	132.00	131.00	131.00	132.00	136.00	134.00	133.00	135.00	137.00	145.00	147.00	147.00	144.00	137.00	136.00	137.00	145.00	146.00	146.00	141.00	140.00	143.00	144.00	137.00	134.00	131.00	155.00	154.00	149.00	144.00	138.00	136.00	136.00	133.00	127.00	119.00	117.00	114.00	111.00	111.00	113.00	106.00	105.00	106.00	108.00	107.00	106.00	102.00	102.00	97.00	95.00	94.00	95.00	102.00	103.00	105.00	100.00	97.00	97.00	96.00	96.00	99.00	100.00	99.00	100.00	95.00	94.00	93.00	93.00	94.00	97.00	99.00	99.00	99.00	103.00	106.00	111.00	116.00	119.00	117.00	126.00	128.00	127.00	125.00	127.00	130.00	133.00	134.00	131.00	141.00	142.00	139.00	137.00	137.00	140.00	143.00	144.00	141.00	141.00	135.00	134.00	135.00	131.00	131.00	134.00	134.00	136.00	126.00	124.00	124.00	125.00	121.00	117.00	117.00	119.00	122.00	124.00	124.00	122.00	122.00	123.00	119.00	116.00	114.00	114.00	115.00	113.00	115.00	115.00	116.00	114.00	108.00	108.00	108.00	100.00	96.00	97.00	99.00	101.00	101.00	100.00	102.00	100.00	98.00	96.00	93.00	93.00	94.00	96.00	98.00	100.00	97.00	91.00	92.00	93.00	93.00	89.00	90.00	93.00	94.00	92.00	91.00	91.00	91.00	90.00	93.00	90.00	88.00	88.00	88.00	87.00	88.00	87.00	90.00	83.00	83.00	84.00	86.00	89.00	89.00	91.00	92.00	93.00	93.00	95.00	98.00	99.00	98.00
113.00	114.00	111.00	112.00	116.00	115.00	116.00	117.00	119.00	124.00	127.00	130.00	133.00	134.00	135.00	137.00	137.00	138.00	152.00	151.00	147.00	138.00	136.00	133.00	129.00	126.00	120.00	119.00	120.00	120.00	121.00	126.00	137.00	137.00	138.00	142.00	159.00	159.00	155.00	148.00	132.00	121.00	121.00	121.00	120.00	120.00	119.00	119.00	121.00	121.00	124.00	123.00	128.00	126.00	124.00	122.00	120.00	117.00	114.00	113.00	112.00	111.00	110.00	115.00	117.00	121.00	122.00	124.00	128.00	129.00	131.00	133.00	141.00	140.00	141.00	141.00	144.00	143.00	144.00	146.00	142.00	138.00	136.00	136.00	140.00	145.00	143.00	144.00	145.00	149.00	149.00	146.00	143.00	142.00	144.00	147.00	150.00	149.00	141.00	131.00	129.00	126.00	122.00	112.00	110.00	106.00	103.00	104.00	111.00	111.00	109.00	106.00	105.00	106.00	103.00	96.00	97.00	100.00	97.00	91.00	88.00	91.00	99.00	103.00	102.00	103.00	93.00	93.00	96.00	98.00	92.00	93.00	96.00	97.00	100.00	108.00	108.00	106.00	108.00	108.00	107.00	107.00	107.00	108.00	114.00	114.00	121.00	122.00	127.00	128.00	126.00	128.00	127.00	127.00	131.00	128.00	129.00	140.00	138.00	140.00	142.00	140.00	137.00	138.00	141.00	140.00	137.00	133.00	132.00	131.00	130.00	135.00	136.00	137.00	138.00	131.00	129.00	128.00	122.00	122.00	123.00	124.00	125.00	127.00	129.00	131.00	128.00	124.00	126.00	119.00	116.00	117.00	115.00	115.00	118.00	119.00	115.00	114.00	113.00	113.00	110.00	108.00	105.00	105.00	106.00	105.00	101.00	98.00	97.00	98.00	99.00	98.00	97.00	98.00	99.00	97.00	98.00	99.00	98.00	97.00	98.00	99.00	99.00	97.00	95.00	94.00	92.00	92.00	93.00	90.00	89.00	87.00	86.00	90.00	89.00	88.00	88.00	87.00	88.00	88.00	88.00	86.00	83.00	83.00	84.00	85.00	86.00	85.00	86.00	91.00	93.00	94.00	95.00	96.00	96.00	97.00
113.00	114.00	111.00	112.00	116.00	115.00	116.00	117.00	119.00	124.00	127.00	130.00	133.00	134.00	135.00	137.00	137.00	138.00	152.00	151.00	147.00	138.00	136.00	133.00	129.00	126.00	120.00	119.00	120.00	120.00	121.00	126.00	137.00	137.00	138.00	142.00	159.00	159.00	155.00	148.00	132.00	121.00	121.00	121.00	120.00	120.00	119.00	119.00	121.00	121.00	124.00	123.00	128.00	126.00	124.00	122.00	120.00	117.00	114.00	113.00	112.00	111.00	110.00	115.00	117.00	121.00	122.00	124.00	128.00	129.00	131.00	133.00	141.00	140.00	141.00	141.00	144.00	143.00	144.00	146.00	142.00	138.00	136.00	136.00	140.00	145.00	143.00	144.00	145.00	149.00	149.00	146.00	143.00	142.00	144.00	147.00	150.00	149.00	141.00	131.00	129.00	126.00	122.00	112.00	110.00	106.00	103.00	104.00	111.00	111.00	109.00	106.00	105.00	106.00	103.00	96.00	97.00	100.00	97.00	91.00	88.00	91.00	99.00	103.00	102.00	103.00	93.00	93.00	96.00	98.00	92.00	93.00	96.00	97.00	100.00	108.00	108.00	106.00	108.00	108.00	107.00	107.00	107.00	108.00	114.00	114.00	121.00	122.00	127.00	128.00	126.00	128.00	127.00	127.00	131.00	128.00	129.00	140.00	138.00	140.00	142.00	140.00	137.00	138.00	141.00	140.00	137.00	133.00	132.00	131.00	130.00	135.00	136.00	137.00	138.00	131.00	129.00	128.00	122.00	122.00	123.00	124.00	125.00	127.00	129.00	131.00	128.00	124.00	126.00	119.00	116.00	117.00	115.00	115.00	118.00	119.00	115.00	114.00	113.00	113.00	110.00	108.00	105.00	105.00	106.00	105.00	101.00	98.00	97.00	98.00	99.00	98.00	97.00	98.00	99.00	97.00	98.00	99.00	98.00	97.00	98.00	99.00	99.00	97.00	95.00	94.00	92.00	92.00	93.00	90.00	89.00	87.00	86.00	90.00	89.00	88.00	88.00	87.00	88.00	88.00	88.00	86.00	83.00	83.00	84.00	85.00	86.00	85.00	86.00	91.00	93.00	94.00	95.00	96.00	96.00	97.00
116.00	114.00	113.00	117.00	116.00	117.00	116.00	116.00	121.00	122.00	124.00	124.00	127.00	130.00	133.00	134.00	137.00	140.00	152.00	155.00	153.00	141.00	136.00	128.00	130.00	129.00	123.00	115.00	116.00	119.00	118.00	123.00	129.00	135.00	136.00	135.00	149.00	157.00	161.00	155.00	142.00	125.00	125.00	123.00	121.00	116.00	114.00	114.00	115.00	117.00	120.00	123.00	123.00	120.00	120.00	118.00	115.00	113.00	114.00	109.00	108.00	110.00	113.00	113.00	116.00	119.00	122.00	122.00	121.00	125.00	128.00	133.00	138.00	142.00	144.00	147.00	150.00	144.00	144.00	145.00	145.00	138.00	137.00	135.00	133.00	134.00	137.00	140.00	138.00	141.00	142.00	144.00	145.00	143.00	137.00	139.00	141.00	143.00	142.00	133.00	129.00	125.00	122.00	115.00	112.00	108.00	105.00	106.00	106.00	106.00	106.00	104.00	103.00	103.00	101.00	100.00	97.00	97.00	100.00	97.00	93.00	94.00	92.00	94.00	96.00	93.00	88.00	93.00	94.00	95.00	91.00	89.00	90.00	98.00	105.00	106.00	107.00	106.00	108.00	114.00	116.00	117.00	116.00	113.00	121.00	123.00	129.00	126.00	124.00	125.00	125.00	124.00	123.00	122.00	123.00	123.00	126.00	134.00	136.00	138.00	137.00	136.00	140.00	138.00	140.00	137.00	130.00	127.00	123.00	124.00	128.00	132.00	134.00	137.00	138.00	131.00	131.00	130.00	125.00	123.00	126.00	127.00	127.00	127.00	124.00	126.00	127.00	127.00	124.00	123.00	120.00	120.00	119.00	118.00	121.00	120.00	114.00	112.00	119.00	116.00	115.00	114.00	109.00	108.00	107.00	107.00	105.00	101.00	101.00	104.00	101.00	100.00	101.00	101.00	104.00	106.00	104.00	101.00	98.00	96.00	100.00	100.00	98.00	97.00	94.00	93.00	91.00	90.00	91.00	91.00	93.00	91.00	91.00	92.00	92.00	89.00	88.00	88.00	89.00	90.00	91.00	87.00	86.00	88.00	86.00	86.00	87.00	88.00	87.00	87.00	87.00	87.00	88.00	88.00	92.00	94.00
118.00	117.00	115.00	115.00	114.00	109.00	109.00	112.00	117.00	122.00	126.00	124.00	124.00	122.00	124.00	123.00	125.00	131.00	142.00	145.00	146.00	139.00	133.00	124.00	127.00	126.00	124.00	117.00	117.00	116.00	114.00	117.00	121.00	125.00	125.00	123.00	129.00	141.00	149.00	150.00	150.00	133.00	133.00	132.00	128.00	115.00	113.00	112.00	113.00	116.00	120.00	118.00	120.00	119.00	118.00	116.00	115.00	115.00	114.00	109.00	110.00	111.00	112.00	115.00	117.00	115.00	116.00	118.00	116.00	117.00	119.00	127.00	137.00	148.00	151.00	151.00	153.00	152.00	147.00	145.00	145.00	138.00	137.00	133.00	133.00	127.00	129.00	129.00	131.00	135.00	131.00	134.00	134.00	137.00	134.00	135.00	132.00	131.00	131.00	131.00	128.00	127.00	124.00	118.00	117.00	115.00	115.00	114.00	116.00	115.00	112.00	110.00	103.00	97.00	95.00	95.00	93.00	94.00	92.00	93.00	97.00	90.00	87.00	89.00	89.00	89.00	91.00	93.00	93.00	92.00	91.00	88.00	87.00	89.00	94.00	96.00	99.00	99.00	103.00	109.00	110.00	112.00	117.00	123.00	128.00	130.00	131.00	128.00	126.00	125.00	126.00	126.00	123.00	111.00	115.00	116.00	120.00	126.00	128.00	132.00	134.00	135.00	138.00	134.00	131.00	132.00	126.00	132.00	127.00	126.00	127.00	135.00	134.00	135.00	136.00	133.00	132.00	127.00	125.00	127.00	124.00	125.00	125.00	124.00	121.00	122.00	128.00	130.00	125.00	126.00	124.00	123.00	123.00	120.00	120.00	119.00	117.00	115.00	120.00	121.00	122.00	118.00	113.00	110.00	108.00	108.00	107.00	104.00	107.00	103.00	103.00	101.00	102.00	104.00	104.00	102.00	97.00	95.00	96.00	101.00	103.00	103.00	104.00	103.00	96.00	94.00	92.00	91.00	92.00	93.00	93.00	91.00	92.00	92.00	91.00	91.00	90.00	91.00	90.00	87.00	87.00	84.00	82.00	84.00	87.00	88.00	87.00	88.00	89.00	90.00	92.00	86.00	86.00	87.00	88.00	88.00
118.00	117.00	115.00	115.00	114.00	109.00	109.00	112.00	117.00	122.00	126.00	124.00	124.00	122.00	124.00	123.00	125.00	131.00	142.00	145.00	146.00	139.00	133.00	124.00	127.00	126.00	124.00	117.00	117.00	116.00	114.00	117.00	121.00	125.00	125.00	123.00	129.00	141.00	149.00	150.00	150.00	133.00	133.00	132.00	128.00	115.00	113.00	112.00	113.00	116.00	120.00	118.00	120.00	119.00	118.00	116.00	115.00	115.00	114.00	109.00	110.00	111.00	112.00	115.00	117.00	115.00	116.00	118.00	116.00	117.00	119.00	127.00	137.00	148.00	151.00	151.00	153.00	152.00	147.00	145.00	145.00	138.00	137.00	133.00	133.00	127.00	129.00	129.00	131.00	135.00	131.00	134.00	134.00	137.00	134.00	135.00	132.00	131.00	131.00	131.00	128.00	127.00	124.00	118.00	117.00	115.00	115.00	114.00	116.00	115.00	112.00	110.00	103.00	97.00	95.00	95.00	93.00	94.00	92.00	93.00	97.00	90.00	87.00	89.00	89.00	89.00	91.00	93.00	93.00	92.00	91.00	88.00	87.00	89.00	94.00	96.00	99.00	99.00	103.00	109.00	110.00	112.00	117.00	123.00	128.00	130.00	131.00	128.00	126.00	125.00	126.00	126.00	123.00	111.00	115.00	116.00	120.00	126.00	128.00	132.00	134.00	135.00	138.00	134.00	131.00	132.00	126.00	132.00	127.00	126.00	127.00	135.00	134.00	135.00	136.00	133.00	132.00	127.00	125.00	127.00	124.00	125.00	125.00	124.00	121.00	122.00	128.00	130.00	125.00	126.00	124.00	123.00	123.00	120.00	120.00	119.00	117.00	115.00	120.00	121.00	122.00	118.00	113.00	110.00	108.00	108.00	107.00	104.00	107.00	103.00	103.00	101.00	102.00	104.00	104.00	102.00	97.00	95.00	96.00	101.00	103.00	103.00	104.00	103.00	96.00	94.00	92.00	91.00	92.00	93.00	93.00	91.00	92.00	92.00	91.00	91.00	90.00	91.00	90.00	87.00	87.00	84.00	82.00	84.00	87.00	88.00	87.00	88.00	89.00	90.00	92.00	86.00	86.00	87.00	88.00	88.00
118.00	117.00	115.00	115.00	114.00	109.00	109.00	112.00	117.00	122.00	126.00	124.00	124.00	122.00	124.00	123.00	125.00	131.00	142.00	145.00	146.00	139.00	133.00	124.00	127.00	126.00	124.00	117.00	117.00	116.00	114.00	117.00	121.00	125.00	125.00	123.00	129.00	141.00	149.00	150.00	150.00	133.00	133.00	132.00	128.00	115.00	113.00	112.00	113.00	116.00	120.00	118.00	120.00	119.00	118.00	116.00	115.00	115.00	114.00	109.00	110.00	111.00	112.00	115.00	117.00	115.00	116.00	118.00	116.00	117.00	119.00	127.00	137.00	148.00	151.00	151.00	153.00	152.00	147.00	145.00	145.00	138.00	137.00	133.00	133.00	127.00	129.00	129.00	131.00	135.00	131.00	134.00	134.00	137.00	134.00	135.00	132.00	131.00	131.00	131.00	128.00	127.00	124.00	118.00	117.00	115.00	115.00	114.00	116.00	115.00	112.00	110.00	103.00	97.00	95.00	95.00	93.00	94.00	92.00	93.00	97.00	90.00	87.00	89.00	89.00	89.00	91.00	93.00	93.00	92.00	91.00	88.00	87.00	89.00	94.00	96.00	99.00	99.00	103.00	109.00	110.00	112.00	117.00	123.00	128.00	130.00	131.00	128.00	126.00	125.00	126.00	126.00	123.00	111.00	115.00	116.00	120.00	126.00	128.00	132.00	134.00	135.00	138.00	134.00	131.00	132.00	126.00	132.00	127.00	126.00	127.00	135.00	134.00	135.00	136.00	133.00	132.00	127.00	125.00	127.00	124.00	125.00	125.00	124.00	121.00	122.00	128.00	130.00	125.00	126.00	124.00	123.00	123.00	120.00	120.00	119.00	117.00	115.00	120.00	121.00	122.00	118.00	113.00	110.00	108.00	108.00	107.00	104.00	107.00	103.00	103.00	101.00	102.00	104.00	104.00	102.00	97.00	95.00	96.00	101.00	103.00	103.00	104.00	103.00	96.00	94.00	92.00	91.00	92.00	93.00	93.00	91.00	92.00	92.00	91.00	91.00	90.00	91.00	90.00	87.00	87.00	84.00	82.00	84.00	87.00	88.00	87.00	88.00	89.00	90.00	92.00	86.00	86.00	87.00	88.00	88.00
115.00	112.00	111.00	110.00	113.00	110.00	114.00	114.00	117.00	122.00	123.00	121.00	122.00	125.00	124.00	124.00	127.00	128.00	131.00	132.00	131.00	128.00	127.00	122.00	124.00	121.00	120.00	115.00	114.00	111.00	107.00	110.00	117.00	118.00	119.00	120.00	123.00	126.00	131.00	137.00	144.00	140.00	139.00	134.00	130.00	124.00	120.00	117.00	117.00	117.00	114.00	113.00	116.00	114.00	112.00	110.00	113.00	117.00	116.00	114.00	114.00	113.00	111.00	114.00	113.00	112.00	113.00	113.00	113.00	114.00	117.00	121.00	122.00	136.00	142.00	147.00	149.00	152.00	150.00	145.00	144.00	147.00	142.00	134.00	125.00	123.00	121.00	121.00	123.00	124.00	127.00	128.00	130.00	133.00	132.00	131.00	128.00	129.00	131.00	134.00	137.00	136.00	133.00	128.00	124.00	120.00	121.00	120.00	115.00	112.00	110.00	109.00	98.00	95.00	97.00	97.00	96.00	93.00	91.00	91.00	92.00	85.00	88.00	89.00	87.00	87.00	92.00	89.00	87.00	86.00	86.00	85.00	83.00	86.00	89.00	93.00	90.00	94.00	98.00	102.00	105.00	109.00	116.00	123.00	131.00	130.00	126.00	125.00	125.00	126.00	127.00	125.00	126.00	116.00	117.00	117.00	118.00	123.00	128.00	132.00	135.00	138.00	135.00	131.00	129.00	129.00	121.00	119.00	120.00	124.00	128.00	136.00	136.00	136.00	136.00	131.00	127.00	127.00	129.00	128.00	125.00	126.00	130.00	132.00	127.00	127.00	127.00	131.00	129.00	130.00	127.00	125.00	122.00	123.00	123.00	123.00	124.00	123.00	122.00	121.00	119.00	118.00	118.00	117.00	113.00	110.00	109.00	108.00	108.00	99.00	101.00	105.00	101.00	99.00	100.00	100.00	99.00	98.00	98.00	100.00	103.00	103.00	101.00	102.00	99.00	98.00	97.00	96.00	96.00	95.00	95.00	94.00	98.00	103.00	94.00	91.00	90.00	93.00	91.00	88.00	86.00	86.00	89.00	89.00	91.00	93.00	91.00	89.00	90.00	89.00	89.00	87.00	87.00	88.00	89.00	89.00
115.00	112.00	111.00	110.00	113.00	110.00	114.00	114.00	117.00	122.00	123.00	121.00	122.00	125.00	124.00	124.00	127.00	128.00	131.00	132.00	131.00	128.00	127.00	122.00	124.00	121.00	120.00	115.00	114.00	111.00	107.00	110.00	117.00	118.00	119.00	120.00	123.00	126.00	131.00	137.00	144.00	140.00	139.00	134.00	130.00	124.00	120.00	117.00	117.00	117.00	114.00	113.00	116.00	114.00	112.00	110.00	113.00	117.00	116.00	114.00	114.00	113.00	111.00	114.00	113.00	112.00	113.00	113.00	113.00	114.00	117.00	121.00	122.00	136.00	142.00	147.00	149.00	152.00	150.00	145.00	144.00	147.00	142.00	134.00	125.00	123.00	121.00	121.00	123.00	124.00	127.00	128.00	130.00	133.00	132.00	131.00	128.00	129.00	131.00	134.00	137.00	136.00	133.00	128.00	124.00	120.00	121.00	120.00	115.00	112.00	110.00	109.00	98.00	95.00	97.00	97.00	96.00	93.00	91.00	91.00	92.00	85.00	88.00	89.00	87.00	87.00	92.00	89.00	87.00	86.00	86.00	85.00	83.00	86.00	89.00	93.00	90.00	94.00	98.00	102.00	105.00	109.00	116.00	123.00	131.00	130.00	126.00	125.00	125.00	126.00	127.00	125.00	126.00	116.00	117.00	117.00	118.00	123.00	128.00	132.00	135.00	138.00	135.00	131.00	129.00	129.00	121.00	119.00	120.00	124.00	128.00	136.00	136.00	136.00	136.00	131.00	127.00	127.00	129.00	128.00	125.00	126.00	130.00	132.00	127.00	127.00	127.00	131.00	129.00	130.00	127.00	125.00	122.00	123.00	123.00	123.00	124.00	123.00	122.00	121.00	119.00	118.00	118.00	117.00	113.00	110.00	109.00	108.00	108.00	99.00	101.00	105.00	101.00	99.00	100.00	100.00	99.00	98.00	98.00	100.00	103.00	103.00	101.00	102.00	99.00	98.00	97.00	96.00	96.00	95.00	95.00	94.00	98.00	103.00	94.00	91.00	90.00	93.00	91.00	88.00	86.00	86.00	89.00	89.00	91.00	93.00	91.00	89.00	90.00	89.00	89.00	87.00	87.00	88.00	89.00	89.00
116.00	112.00	113.00	114.00	111.00	110.00	112.00	112.00	115.00	124.00	123.00	125.00	127.00	128.00	134.00	133.00	129.00	125.00	126.00	124.00	122.00	118.00	115.00	121.00	119.00	112.00	113.00	116.00	114.00	111.00	109.00	114.00	112.00	107.00	108.00	117.00	124.00	118.00	114.00	117.00	126.00	138.00	138.00	135.00	131.00	128.00	125.00	122.00	123.00	122.00	120.00	119.00	118.00	116.00	116.00	111.00	108.00	109.00	110.00	111.00	111.00	113.00	114.00	115.00	115.00	116.00	115.00	112.00	110.00	108.00	108.00	109.00	112.00	120.00	120.00	124.00	127.00	133.00	137.00	142.00	141.00	144.00	143.00	139.00	124.00	120.00	118.00	118.00	119.00	115.00	116.00	120.00	124.00	127.00	129.00	126.00	126.00	125.00	123.00	136.00	140.00	139.00	134.00	127.00	125.00	125.00	120.00	121.00	118.00	115.00	112.00	107.00	102.00	104.00	106.00	103.00	96.00	92.00	94.00	92.00	88.00	87.00	88.00	84.00	83.00	82.00	88.00	88.00	87.00	86.00	84.00	84.00	84.00	84.00	85.00	91.00	89.00	93.00	97.00	94.00	95.00	103.00	106.00	106.00	112.00	113.00	112.00	111.00	121.00	127.00	128.00	129.00	127.00	116.00	115.00	115.00	113.00	116.00	122.00	123.00	128.00	131.00	130.00	127.00	121.00	121.00	118.00	112.00	115.00	116.00	117.00	127.00	129.00	134.00	138.00	139.00	134.00	132.00	130.00	130.00	128.00	129.00	130.00	131.00	127.00	128.00	128.00	127.00	128.00	133.00	127.00	127.00	126.00	127.00	126.00	127.00	130.00	128.00	121.00	124.00	126.00	122.00	118.00	119.00	118.00	116.00	117.00	113.00	115.00	109.00	109.00	111.00	109.00	106.00	104.00	103.00	101.00	101.00	103.00	101.00	104.00	101.00	99.00	98.00	100.00	102.00	103.00	101.00	100.00	96.00	96.00	103.00	109.00	101.00	95.00	93.00	93.00	94.00	89.00	86.00	87.00	87.00	88.00	88.00	90.00	91.00	93.00	89.00	89.00	87.00	84.00	90.00	96.00	99.00	92.00	88.00
116.00	112.00	113.00	114.00	111.00	110.00	112.00	112.00	115.00	124.00	123.00	125.00	127.00	128.00	134.00	133.00	129.00	125.00	126.00	124.00	122.00	118.00	115.00	121.00	119.00	112.00	113.00	116.00	114.00	111.00	109.00	114.00	112.00	107.00	108.00	117.00	124.00	118.00	114.00	117.00	126.00	138.00	138.00	135.00	131.00	128.00	125.00	122.00	123.00	122.00	120.00	119.00	118.00	116.00	116.00	111.00	108.00	109.00	110.00	111.00	111.00	113.00	114.00	115.00	115.00	116.00	115.00	112.00	110.00	108.00	108.00	109.00	112.00	120.00	120.00	124.00	127.00	133.00	137.00	142.00	141.00	144.00	143.00	139.00	124.00	120.00	118.00	118.00	119.00	115.00	116.00	120.00	124.00	127.00	129.00	126.00	126.00	125.00	123.00	136.00	140.00	139.00	134.00	127.00	125.00	125.00	120.00	121.00	118.00	115.00	112.00	107.00	102.00	104.00	106.00	103.00	96.00	92.00	94.00	92.00	88.00	87.00	88.00	84.00	83.00	82.00	88.00	88.00	87.00	86.00	84.00	84.00	84.00	84.00	85.00	91.00	89.00	93.00	97.00	94.00	95.00	103.00	106.00	106.00	112.00	113.00	112.00	111.00	121.00	127.00	128.00	129.00	127.00	116.00	115.00	115.00	113.00	116.00	122.00	123.00	128.00	131.00	130.00	127.00	121.00	121.00	118.00	112.00	115.00	116.00	117.00	127.00	129.00	134.00	138.00	139.00	134.00	132.00	130.00	130.00	128.00	129.00	130.00	131.00	127.00	128.00	128.00	127.00	128.00	133.00	127.00	127.00	126.00	127.00	126.00	127.00	130.00	128.00	121.00	124.00	126.00	122.00	118.00	119.00	118.00	116.00	117.00	113.00	115.00	109.00	109.00	111.00	109.00	106.00	104.00	103.00	101.00	101.00	103.00	101.00	104.00	101.00	99.00	98.00	100.00	102.00	103.00	101.00	100.00	96.00	96.00	103.00	109.00	101.00	95.00	93.00	93.00	94.00	89.00	86.00	87.00	87.00	88.00	88.00	90.00	91.00	93.00	89.00	89.00	87.00	84.00	90.00	96.00	99.00	92.00	88.00
109.00	109.00	112.00	109.00	107.00	109.00	108.00	112.00	113.00	120.00	124.00	125.00	131.00	136.00	138.00	141.00	139.00	132.00	122.00	121.00	120.00	114.00	113.00	122.00	118.00	112.00	111.00	113.00	111.00	109.00	108.00	108.00	108.00	108.00	111.00	118.00	118.00	113.00	111.00	111.00	110.00	121.00	122.00	121.00	121.00	122.00	121.00	121.00	123.00	124.00	116.00	115.00	115.00	118.00	116.00	115.00	116.00	116.00	116.00	114.00	112.00	112.00	112.00	113.00	110.00	112.00	116.00	117.00	116.00	114.00	115.00	118.00	116.00	116.00	115.00	119.00	118.00	122.00	123.00	126.00	133.00	136.00	135.00	137.00	129.00	118.00	116.00	115.00	114.00	113.00	112.00	117.00	117.00	114.00	117.00	119.00	122.00	123.00	122.00	128.00	130.00	128.00	127.00	126.00	125.00	124.00	119.00	117.00	113.00	114.00	113.00	107.00	106.00	106.00	107.00	108.00	105.00	97.00	98.00	95.00	90.00	87.00	87.00	85.00	82.00	81.00	85.00	86.00	86.00	85.00	79.00	80.00	85.00	83.00	85.00	91.00	87.00	88.00	94.00	97.00	96.00	96.00	95.00	93.00	97.00	100.00	101.00	100.00	106.00	112.00	116.00	117.00	116.00	113.00	112.00	113.00	113.00	118.00	120.00	120.00	123.00	122.00	121.00	120.00	117.00	117.00	115.00	112.00	112.00	113.00	113.00	123.00	125.00	130.00	132.00	134.00	134.00	133.00	128.00	129.00	132.00	131.00	131.00	129.00	129.00	128.00	128.00	130.00	132.00	132.00	129.00	128.00	128.00	121.00	120.00	122.00	125.00	122.00	120.00	122.00	121.00	121.00	122.00	123.00	120.00	117.00	116.00	114.00	115.00	116.00	117.00	116.00	113.00	110.00	109.00	107.00	105.00	102.00	101.00	100.00	98.00	97.00	97.00	96.00	98.00	97.00	97.00	98.00	99.00	100.00	100.00	106.00	112.00	103.00	99.00	98.00	99.00	98.00	96.00	93.00	92.00	91.00	88.00	90.00	90.00	91.00	91.00	94.00	95.00	92.00	91.00	92.00	97.00	98.00	95.00	93.00
108.00	110.00	108.00	108.00	108.00	105.00	104.00	107.00	113.00	120.00	127.00	128.00	130.00	134.00	138.00	148.00	152.00	141.00	130.00	126.00	122.00	117.00	115.00	115.00	113.00	112.00	110.00	110.00	109.00	108.00	106.00	107.00	105.00	107.00	108.00	110.00	110.00	113.00	113.00	113.00	112.00	112.00	111.00	109.00	108.00	112.00	114.00	115.00	117.00	120.00	122.00	122.00	117.00	114.00	109.00	109.00	112.00	114.00	115.00	114.00	113.00	114.00	113.00	117.00	117.00	116.00	116.00	115.00	116.00	117.00	118.00	117.00	118.00	117.00	116.00	117.00	116.00	117.00	115.00	116.00	121.00	128.00	127.00	127.00	130.00	120.00	117.00	113.00	112.00	108.00	109.00	109.00	107.00	104.00	112.00	115.00	114.00	116.00	118.00	121.00	121.00	120.00	122.00	122.00	126.00	121.00	121.00	120.00	119.00	115.00	109.00	105.00	100.00	102.00	101.00	101.00	100.00	98.00	96.00	90.00	87.00	91.00	90.00	87.00	86.00	85.00	86.00	86.00	87.00	87.00	81.00	79.00	81.00	81.00	81.00	87.00	90.00	88.00	90.00	98.00	99.00	97.00	93.00	90.00	91.00	92.00	93.00	95.00	95.00	96.00	98.00	100.00	101.00	103.00	104.00	105.00	105.00	117.00	118.00	117.00	119.00	118.00	118.00	117.00	115.00	115.00	111.00	111.00	110.00	112.00	113.00	118.00	124.00	126.00	127.00	128.00	131.00	134.00	132.00	131.00	128.00	129.00	133.00	131.00	131.00	130.00	130.00	132.00	131.00	134.00	133.00	131.00	130.00	121.00	119.00	122.00	124.00	122.00	119.00	118.00	116.00	117.00	118.00	119.00	121.00	120.00	117.00	117.00	118.00	113.00	114.00	115.00	114.00	114.00	112.00	110.00	106.00	102.00	100.00	105.00	108.00	105.00	102.00	101.00	96.00	96.00	98.00	107.00	112.00	102.00	98.00	97.00	96.00	98.00	99.00	100.00	99.00	98.00	95.00	92.00	91.00	91.00	92.00	91.00	92.00	92.00	90.00	90.00	92.00	91.00	92.00	94.00	95.00	95.00	94.00	93.00
108.00	110.00	108.00	108.00	108.00	105.00	104.00	107.00	113.00	120.00	127.00	128.00	130.00	134.00	138.00	148.00	152.00	141.00	130.00	126.00	122.00	117.00	115.00	115.00	113.00	112.00	110.00	110.00	109.00	108.00	106.00	107.00	105.00	107.00	108.00	110.00	110.00	113.00	113.00	113.00	112.00	112.00	111.00	109.00	108.00	112.00	114.00	115.00	117.00	120.00	122.00	122.00	117.00	114.00	109.00	109.00	112.00	114.00	115.00	114.00	113.00	114.00	113.00	117.00	117.00	116.00	116.00	115.00	116.00	117.00	118.00	117.00	118.00	117.00	116.00	117.00	116.00	117.00	115.00	116.00	121.00	128.00	127.00	127.00	130.00	120.00	117.00	113.00	112.00	108.00	109.00	109.00	107.00	104.00	112.00	115.00	114.00	116.00	118.00	121.00	121.00	120.00	122.00	122.00	126.00	121.00	121.00	120.00	119.00	115.00	109.00	105.00	100.00	102.00	101.00	101.00	100.00	98.00	96.00	90.00	87.00	91.00	90.00	87.00	86.00	85.00	86.00	86.00	87.00	87.00	81.00	79.00	81.00	81.00	81.00	87.00	90.00	88.00	90.00	98.00	99.00	97.00	93.00	90.00	91.00	92.00	93.00	95.00	95.00	96.00	98.00	100.00	101.00	103.00	104.00	105.00	105.00	117.00	118.00	117.00	119.00	118.00	118.00	117.00	115.00	115.00	111.00	111.00	110.00	112.00	113.00	118.00	124.00	126.00	127.00	128.00	131.00	134.00	132.00	131.00	128.00	129.00	133.00	131.00	131.00	130.00	130.00	132.00	131.00	134.00	133.00	131.00	130.00	121.00	119.00	122.00	124.00	122.00	119.00	118.00	116.00	117.00	118.00	119.00	121.00	120.00	117.00	117.00	118.00	113.00	114.00	115.00	114.00	114.00	112.00	110.00	106.00	102.00	100.00	105.00	108.00	105.00	102.00	101.00	96.00	96.00	98.00	107.00	112.00	102.00	98.00	97.00	96.00	98.00	99.00	100.00	99.00	98.00	95.00	92.00	91.00	91.00	92.00	91.00	92.00	92.00	90.00	90.00	92.00	91.00	92.00	94.00	95.00	95.00	94.00	93.00
107.00	108.00	106.00	105.00	105.00	104.00	104.00	108.00	112.00	116.00	126.00	128.00	130.00	130.00	134.00	148.00	153.00	145.00	137.00	128.00	120.00	120.00	119.00	113.00	113.00	113.00	110.00	107.00	105.00	103.00	103.00	105.00	101.00	104.00	109.00	110.00	102.00	104.00	105.00	106.00	108.00	103.00	105.00	107.00	103.00	107.00	108.00	108.00	110.00	113.00	115.00	115.00	114.00	113.00	109.00	110.00	111.00	113.00	113.00	112.00	114.00	114.00	112.00	113.00	117.00	118.00	114.00	114.00	113.00	114.00	117.00	116.00	121.00	118.00	118.00	115.00	114.00	120.00	125.00	124.00	122.00	125.00	128.00	128.00	123.00	123.00	122.00	120.00	117.00	116.00	105.00	101.00	102.00	102.00	105.00	105.00	106.00	107.00	110.00	118.00	118.00	117.00	117.00	121.00	116.00	117.00	118.00	118.00	116.00	115.00	110.00	105.00	98.00	101.00	101.00	101.00	102.00	97.00	95.00	90.00	87.00	90.00	87.00	86.00	85.00	84.00	86.00	87.00	87.00	86.00	84.00	86.00	86.00	86.00	83.00	82.00	83.00	83.00	86.00	88.00	92.00	94.00	92.00	90.00	90.00	93.00	97.00	96.00	98.00	94.00	92.00	91.00	93.00	97.00	102.00	107.00	109.00	104.00	108.00	111.00	113.00	115.00	113.00	111.00	110.00	111.00	104.00	107.00	107.00	106.00	109.00	118.00	123.00	125.00	126.00	126.00	129.00	131.00	134.00	135.00	132.00	130.00	132.00	134.00	134.00	130.00	130.00	129.00	130.00	133.00	131.00	131.00	132.00	130.00	126.00	125.00	126.00	125.00	121.00	118.00	119.00	119.00	117.00	117.00	117.00	117.00	114.00	114.00	114.00	115.00	114.00	111.00	110.00	108.00	108.00	110.00	108.00	108.00	108.00	108.00	109.00	107.00	104.00	104.00	103.00	103.00	103.00	102.00	105.00	99.00	96.00	93.00	93.00	93.00	93.00	95.00	97.00	98.00	96.00	94.00	93.00	91.00	91.00	92.00	93.00	93.00	92.00	91.00	90.00	88.00	89.00	95.00	95.00	92.00	91.00	92.00
107.00	108.00	106.00	105.00	105.00	104.00	104.00	108.00	112.00	116.00	126.00	128.00	130.00	130.00	134.00	148.00	153.00	145.00	137.00	128.00	120.00	120.00	119.00	113.00	113.00	113.00	110.00	107.00	105.00	103.00	103.00	105.00	101.00	104.00	109.00	110.00	102.00	104.00	105.00	106.00	108.00	103.00	105.00	107.00	103.00	107.00	108.00	108.00	110.00	113.00	115.00	115.00	114.00	113.00	109.00	110.00	111.00	113.00	113.00	112.00	114.00	114.00	112.00	113.00	117.00	118.00	114.00	114.00	113.00	114.00	117.00	116.00	121.00	118.00	118.00	115.00	114.00	120.00	125.00	124.00	122.00	125.00	128.00	128.00	123.00	123.00	122.00	120.00	117.00	116.00	105.00	101.00	102.00	102.00	105.00	105.00	106.00	107.00	110.00	118.00	118.00	117.00	117.00	121.00	116.00	117.00	118.00	118.00	116.00	115.00	110.00	105.00	98.00	101.00	101.00	101.00	102.00	97.00	95.00	90.00	87.00	90.00	87.00	86.00	85.00	84.00	86.00	87.00	87.00	86.00	84.00	86.00	86.00	86.00	83.00	82.00	83.00	83.00	86.00	88.00	92.00	94.00	92.00	90.00	90.00	93.00	97.00	96.00	98.00	94.00	92.00	91.00	93.00	97.00	102.00	107.00	109.00	104.00	108.00	111.00	113.00	115.00	113.00	111.00	110.00	111.00	104.00	107.00	107.00	106.00	109.00	118.00	123.00	125.00	126.00	126.00	129.00	131.00	134.00	135.00	132.00	130.00	132.00	134.00	134.00	130.00	130.00	129.00	130.00	133.00	131.00	131.00	132.00	130.00	126.00	125.00	126.00	125.00	121.00	118.00	119.00	119.00	117.00	117.00	117.00	117.00	114.00	114.00	114.00	115.00	114.00	111.00	110.00	108.00	108.00	110.00	108.00	108.00	108.00	108.00	109.00	107.00	104.00	104.00	103.00	103.00	103.00	102.00	105.00	99.00	96.00	93.00	93.00	93.00	93.00	95.00	97.00	98.00	96.00	94.00	93.00	91.00	91.00	92.00	93.00	93.00	92.00	91.00	90.00	88.00	89.00	95.00	95.00	92.00	91.00	92.00
108.00	109.00	110.00	107.00	104.00	105.00	106.00	107.00	109.00	115.00	119.00	125.00	127.00	126.00	130.00	148.00	156.00	151.00	146.00	137.00	130.00	123.00	120.00	114.00	112.00	114.00	114.00	107.00	104.00	104.00	104.00	106.00	105.00	106.00	108.00	104.00	103.00	103.00	103.00	103.00	104.00	101.00	100.00	99.00	103.00	105.00	105.00	106.00	107.00	109.00	112.00	115.00	114.00	113.00	111.00	111.00	113.00	113.00	113.00	112.00	114.00	114.00	113.00	111.00	111.00	111.00	108.00	107.00	110.00	111.00	109.00	108.00	118.00	119.00	119.00	117.00	114.00	117.00	121.00	123.00	124.00	123.00	123.00	123.00	124.00	124.00	124.00	123.00	122.00	124.00	113.00	106.00	103.00	98.00	92.00	96.00	99.00	100.00	100.00	103.00	104.00	109.00	109.00	117.00	115.00	113.00	116.00	117.00	111.00	109.00	106.00	102.00	102.00	101.00	98.00	100.00	98.00	92.00	92.00	90.00	90.00	93.00	90.00	91.00	89.00	86.00	84.00	86.00	85.00	83.00	87.00	83.00	83.00	84.00	81.00	82.00	86.00	83.00	81.00	80.00	81.00	82.00	83.00	83.00	82.00	87.00	90.00	92.00	93.00	91.00	91.00	92.00	91.00	95.00	100.00	102.00	103.00	101.00	104.00	107.00	111.00	115.00	109.00	105.00	106.00	106.00	103.00	105.00	108.00	109.00	112.00	112.00	115.00	119.00	124.00	126.00	126.00	130.00	136.00	135.00	132.00	131.00	131.00	134.00	136.00	135.00	134.00	131.00	128.00	134.00	133.00	134.00	133.00	133.00	131.00	129.00	127.00	127.00	122.00	121.00	117.00	117.00	121.00	122.00	127.00	129.00	123.00	115.00	115.00	114.00	113.00	109.00	110.00	108.00	109.00	108.00	108.00	109.00	111.00	113.00	107.00	108.00	104.00	104.00	104.00	105.00	105.00	104.00	103.00	101.00	101.00	101.00	101.00	97.00	96.00	95.00	95.00	95.00	92.00	91.00	90.00	92.00	93.00	96.00	94.00	92.00	93.00	93.00	92.00	93.00	94.00	91.00	90.00	90.00	89.00	90.00
108.00	109.00	110.00	107.00	104.00	105.00	106.00	107.00	109.00	115.00	119.00	125.00	127.00	126.00	130.00	148.00	156.00	151.00	146.00	137.00	130.00	123.00	120.00	114.00	112.00	114.00	114.00	107.00	104.00	104.00	104.00	106.00	105.00	106.00	108.00	104.00	103.00	103.00	103.00	103.00	104.00	101.00	100.00	99.00	103.00	105.00	105.00	106.00	107.00	109.00	112.00	115.00	114.00	113.00	111.00	111.00	113.00	113.00	113.00	112.00	114.00	114.00	113.00	111.00	111.00	111.00	108.00	107.00	110.00	111.00	109.00	108.00	118.00	119.00	119.00	117.00	114.00	117.00	121.00	123.00	124.00	123.00	123.00	123.00	124.00	124.00	124.00	123.00	122.00	124.00	113.00	106.00	103.00	98.00	92.00	96.00	99.00	100.00	100.00	103.00	104.00	109.00	109.00	117.00	115.00	113.00	116.00	117.00	111.00	109.00	106.00	102.00	102.00	101.00	98.00	100.00	98.00	92.00	92.00	90.00	90.00	93.00	90.00	91.00	89.00	86.00	84.00	86.00	85.00	83.00	87.00	83.00	83.00	84.00	81.00	82.00	86.00	83.00	81.00	80.00	81.00	82.00	83.00	83.00	82.00	87.00	90.00	92.00	93.00	91.00	91.00	92.00	91.00	95.00	100.00	102.00	103.00	101.00	104.00	107.00	111.00	115.00	109.00	105.00	106.00	106.00	103.00	105.00	108.00	109.00	112.00	112.00	115.00	119.00	124.00	126.00	126.00	130.00	136.00	135.00	132.00	131.00	131.00	134.00	136.00	135.00	134.00	131.00	128.00	134.00	133.00	134.00	133.00	133.00	131.00	129.00	127.00	127.00	122.00	121.00	117.00	117.00	121.00	122.00	127.00	129.00	123.00	115.00	115.00	114.00	113.00	109.00	110.00	108.00	109.00	108.00	108.00	109.00	111.00	113.00	107.00	108.00	104.00	104.00	104.00	105.00	105.00	104.00	103.00	101.00	101.00	101.00	101.00	97.00	96.00	95.00	95.00	95.00	92.00	91.00	90.00	92.00	93.00	96.00	94.00	92.00	93.00	93.00	92.00	93.00	94.00	91.00	90.00	90.00	89.00	90.00
106.00	108.00	108.00	108.00	105.00	105.00	107.00	109.00	110.00	109.00	116.00	120.00	123.00	123.00	126.00	135.00	144.00	148.00	147.00	142.00	136.00	129.00	124.00	120.00	118.00	115.00	113.00	108.00	106.00	104.00	104.00	106.00	105.00	104.00	104.00	102.00	100.00	101.00	102.00	101.00	102.00	102.00	102.00	102.00	104.00	103.00	102.00	102.00	102.00	105.00	116.00	118.00	112.00	110.00	110.00	110.00	111.00	113.00	115.00	116.00	114.00	114.00	111.00	115.00	113.00	110.00	111.00	110.00	101.00	103.00	108.00	109.00	111.00	112.00	112.00	110.00	109.00	112.00	112.00	113.00	117.00	131.00	132.00	129.00	121.00	114.00	116.00	117.00	116.00	115.00	115.00	113.00	111.00	106.00	98.00	92.00	93.00	96.00	96.00	96.00	95.00	97.00	101.00	105.00	108.00	111.00	113.00	112.00	108.00	105.00	103.00	104.00	106.00	102.00	98.00	99.00	99.00	101.00	98.00	92.00	94.00	102.00	99.00	98.00	94.00	91.00	87.00	86.00	84.00	84.00	79.00	79.00	79.00	77.00	77.00	83.00	80.00	80.00	80.00	88.00	82.00	76.00	75.00	76.00	76.00	79.00	84.00	84.00	80.00	80.00	83.00	86.00	89.00	89.00	91.00	92.00	92.00	92.00	91.00	92.00	91.00	91.00	95.00	96.00	97.00	99.00	100.00	104.00	106.00	107.00	109.00	109.00	114.00	120.00	125.00	127.00	127.00	129.00	128.00	128.00	129.00	126.00	129.00	133.00	133.00	136.00	139.00	138.00	135.00	139.00	135.00	135.00	134.00	133.00	130.00	128.00	128.00	126.00	123.00	122.00	118.00	118.00	117.00	119.00	121.00	122.00	118.00	116.00	116.00	117.00	115.00	114.00	112.00	112.00	113.00	110.00	110.00	111.00	110.00	111.00	109.00	108.00	106.00	106.00	106.00	107.00	106.00	106.00	103.00	108.00	105.00	105.00	105.00	103.00	100.00	98.00	97.00	95.00	92.00	93.00	92.00	91.00	95.00	95.00	95.00	93.00	91.00	90.00	91.00	90.00	93.00	98.00	96.00	95.00	93.00	90.00
106.00	108.00	108.00	108.00	105.00	105.00	107.00	109.00	110.00	109.00	116.00	120.00	123.00	123.00	126.00	135.00	144.00	148.00	147.00	142.00	136.00	129.00	124.00	120.00	118.00	115.00	113.00	108.00	106.00	104.00	104.00	106.00	105.00	104.00	104.00	102.00	100.00	101.00	102.00	101.00	102.00	102.00	102.00	102.00	104.00	103.00	102.00	102.00	102.00	105.00	116.00	118.00	112.00	110.00	110.00	110.00	111.00	113.00	115.00	116.00	114.00	114.00	111.00	115.00	113.00	110.00	111.00	110.00	101.00	103.00	108.00	109.00	111.00	112.00	112.00	110.00	109.00	112.00	112.00	113.00	117.00	131.00	132.00	129.00	121.00	114.00	116.00	117.00	116.00	115.00	115.00	113.00	111.00	106.00	98.00	92.00	93.00	96.00	96.00	96.00	95.00	97.00	101.00	105.00	108.00	111.00	113.00	112.00	108.00	105.00	103.00	104.00	106.00	102.00	98.00	99.00	99.00	101.00	98.00	92.00	94.00	102.00	99.00	98.00	94.00	91.00	87.00	86.00	84.00	84.00	79.00	79.00	79.00	77.00	77.00	83.00	80.00	80.00	80.00	88.00	82.00	76.00	75.00	76.00	76.00	79.00	84.00	84.00	80.00	80.00	83.00	86.00	89.00	89.00	91.00	92.00	92.00	92.00	91.00	92.00	91.00	91.00	95.00	96.00	97.00	99.00	100.00	104.00	106.00	107.00	109.00	109.00	114.00	120.00	125.00	127.00	127.00	129.00	128.00	128.00	129.00	126.00	129.00	133.00	133.00	136.00	139.00	138.00	135.00	139.00	135.00	135.00	134.00	133.00	130.00	128.00	128.00	126.00	123.00	122.00	118.00	118.00	117.00	119.00	121.00	122.00	118.00	116.00	116.00	117.00	115.00	114.00	112.00	112.00	113.00	110.00	110.00	111.00	110.00	111.00	109.00	108.00	106.00	106.00	106.00	107.00	106.00	106.00	103.00	108.00	105.00	105.00	105.00	103.00	100.00	98.00	97.00	95.00	92.00	93.00	92.00	91.00	95.00	95.00	95.00	93.00	91.00	90.00	91.00	90.00	93.00	98.00	96.00	95.00	93.00	90.00
111.00	107.00	104.00	102.00	102.00	115.00	117.00	115.00	112.00	107.00	113.00	115.00	116.00	116.00	122.00	131.00	139.00	138.00	142.00	142.00	136.00	125.00	120.00	123.00	121.00	118.00	115.00	110.00	108.00	107.00	106.00	104.00	109.00	107.00	103.00	101.00	103.00	104.00	103.00	103.00	104.00	103.00	103.00	104.00	105.00	102.00	101.00	100.00	101.00	105.00	116.00	117.00	111.00	110.00	110.00	110.00	110.00	112.00	115.00	117.00	112.00	111.00	110.00	114.00	113.00	115.00	115.00	113.00	112.00	112.00	111.00	111.00	108.00	108.00	106.00	108.00	109.00	113.00	113.00	112.00	113.00	131.00	135.00	132.00	124.00	120.00	116.00	116.00	114.00	107.00	108.00	110.00	107.00	106.00	104.00	99.00	91.00	90.00	93.00	96.00	96.00	95.00	96.00	98.00	101.00	107.00	108.00	107.00	106.00	106.00	101.00	100.00	103.00	104.00	98.00	99.00	98.00	98.00	97.00	96.00	98.00	97.00	99.00	96.00	95.00	91.00	88.00	85.00	83.00	79.00	79.00	76.00	71.00	70.00	72.00	77.00	77.00	76.00	74.00	90.00	85.00	78.00	78.00	76.00	75.00	79.00	81.00	79.00	80.00	78.00	79.00	80.00	83.00	82.00	86.00	86.00	85.00	87.00	89.00	89.00	86.00	85.00	85.00	87.00	90.00	93.00	93.00	98.00	100.00	102.00	103.00	104.00	105.00	108.00	112.00	118.00	121.00	122.00	123.00	125.00	127.00	126.00	125.00	127.00	131.00	135.00	137.00	138.00	134.00	140.00	138.00	137.00	137.00	138.00	137.00	134.00	132.00	130.00	126.00	123.00	121.00	120.00	122.00	120.00	118.00	117.00	117.00	117.00	117.00	120.00	121.00	120.00	119.00	118.00	116.00	117.00	115.00	117.00	117.00	116.00	109.00	112.00	110.00	106.00	105.00	106.00	107.00	107.00	107.00	103.00	103.00	103.00	102.00	100.00	99.00	99.00	99.00	97.00	99.00	97.00	97.00	99.00	95.00	93.00	91.00	92.00	94.00	93.00	95.00	94.00	96.00	93.00	94.00	95.00	95.00	92.00
114.00	113.00	109.00	107.00	109.00	122.00	123.00	122.00	120.00	111.00	111.00	117.00	120.00	121.00	124.00	128.00	130.00	128.00	127.00	132.00	132.00	125.00	123.00	119.00	119.00	119.00	116.00	111.00	111.00	109.00	108.00	105.00	110.00	110.00	109.00	106.00	104.00	103.00	103.00	102.00	101.00	99.00	101.00	105.00	106.00	105.00	104.00	103.00	102.00	102.00	104.00	104.00	106.00	108.00	111.00	112.00	112.00	113.00	113.00	110.00	108.00	107.00	108.00	114.00	116.00	116.00	115.00	112.00	111.00	110.00	111.00	110.00	109.00	104.00	102.00	105.00	108.00	107.00	109.00	111.00	111.00	118.00	119.00	118.00	117.00	116.00	116.00	116.00	111.00	107.00	106.00	110.00	110.00	104.00	101.00	102.00	99.00	95.00	94.00	95.00	95.00	93.00	95.00	98.00	104.00	106.00	105.00	102.00	101.00	102.00	97.00	94.00	99.00	101.00	98.00	98.00	97.00	94.00	95.00	97.00	94.00	90.00	85.00	86.00	86.00	86.00	80.00	80.00	78.00	74.00	70.00	69.00	67.00	67.00	69.00	66.00	74.00	81.00	83.00	74.00	73.00	77.00	83.00	79.00	71.00	73.00	77.00	77.00	77.00	79.00	83.00	85.00	85.00	83.00	84.00	83.00	82.00	79.00	83.00	86.00	85.00	82.00	85.00	83.00	82.00	85.00	90.00	94.00	97.00	100.00	102.00	101.00	101.00	102.00	103.00	105.00	108.00	111.00	113.00	117.00	117.00	116.00	116.00	115.00	123.00	126.00	130.00	130.00	128.00	130.00	133.00	134.00	136.00	142.00	140.00	137.00	134.00	132.00	130.00	123.00	119.00	119.00	125.00	120.00	117.00	115.00	115.00	118.00	117.00	116.00	116.00	121.00	122.00	121.00	120.00	120.00	119.00	118.00	118.00	119.00	116.00	117.00	116.00	113.00	111.00	109.00	109.00	107.00	104.00	99.00	102.00	104.00	104.00	105.00	104.00	104.00	100.00	99.00	102.00	99.00	99.00	102.00	96.00	98.00	97.00	97.00	95.00	98.00	98.00	99.00	100.00	93.00	93.00	94.00	93.00	92.00
114.00	113.00	109.00	107.00	109.00	122.00	123.00	122.00	120.00	111.00	111.00	117.00	120.00	121.00	124.00	128.00	130.00	128.00	127.00	132.00	132.00	125.00	123.00	119.00	119.00	119.00	116.00	111.00	111.00	109.00	108.00	105.00	110.00	110.00	109.00	106.00	104.00	103.00	103.00	102.00	101.00	99.00	101.00	105.00	106.00	105.00	104.00	103.00	102.00	102.00	104.00	104.00	106.00	108.00	111.00	112.00	112.00	113.00	113.00	110.00	108.00	107.00	108.00	114.00	116.00	116.00	115.00	112.00	111.00	110.00	111.00	110.00	109.00	104.00	102.00	105.00	108.00	107.00	109.00	111.00	111.00	118.00	119.00	118.00	117.00	116.00	116.00	116.00	111.00	107.00	106.00	110.00	110.00	104.00	101.00	102.00	99.00	95.00	94.00	95.00	95.00	93.00	95.00	98.00	104.00	106.00	105.00	102.00	101.00	102.00	97.00	94.00	99.00	101.00	98.00	98.00	97.00	94.00	95.00	97.00	94.00	90.00	85.00	86.00	86.00	86.00	80.00	80.00	78.00	74.00	70.00	69.00	67.00	67.00	69.00	66.00	74.00	81.00	83.00	74.00	73.00	77.00	83.00	79.00	71.00	73.00	77.00	77.00	77.00	79.00	83.00	85.00	85.00	83.00	84.00	83.00	82.00	79.00	83.00	86.00	85.00	82.00	85.00	83.00	82.00	85.00	90.00	94.00	97.00	100.00	102.00	101.00	101.00	102.00	103.00	105.00	108.00	111.00	113.00	117.00	117.00	116.00	116.00	115.00	123.00	126.00	130.00	130.00	128.00	130.00	133.00	134.00	136.00	142.00	140.00	137.00	134.00	132.00	130.00	123.00	119.00	119.00	125.00	120.00	117.00	115.00	115.00	118.00	117.00	116.00	116.00	121.00	122.00	121.00	120.00	120.00	119.00	118.00	118.00	119.00	116.00	117.00	116.00	113.00	111.00	109.00	109.00	107.00	104.00	99.00	102.00	104.00	104.00	105.00	104.00	104.00	100.00	99.00	102.00	99.00	99.00	102.00	96.00	98.00	97.00	97.00	95.00	98.00	98.00	99.00	100.00	93.00	93.00	94.00	93.00	92.00
115.00	115.00	115.00	112.00	111.00	115.00	116.00	119.00	123.00	123.00	117.00	117.00	118.00	121.00	126.00	128.00	127.00	124.00	121.00	123.00	125.00	124.00	122.00	121.00	118.00	116.00	115.00	112.00	110.00	110.00	111.00	111.00	111.00	111.00	111.00	111.00	109.00	103.00	101.00	100.00	100.00	98.00	96.00	98.00	100.00	106.00	107.00	108.00	107.00	104.00	98.00	98.00	101.00	105.00	110.00	112.00	113.00	115.00	114.00	111.00	112.00	112.00	114.00	115.00	117.00	118.00	116.00	116.00	114.00	114.00	112.00	108.00	107.00	104.00	102.00	102.00	102.00	100.00	103.00	107.00	110.00	109.00	108.00	105.00	99.00	105.00	111.00	111.00	107.00	106.00	105.00	104.00	102.00	99.00	93.00	95.00	96.00	94.00	90.00	89.00	87.00	85.00	85.00	89.00	98.00	100.00	100.00	99.00	98.00	98.00	100.00	102.00	98.00	99.00	99.00	91.00	89.00	88.00	87.00	87.00	83.00	77.00	77.00	77.00	74.00	69.00	68.00	67.00	67.00	66.00	61.00	64.00	65.00	67.00	66.00	67.00	71.00	69.00	71.00	71.00	70.00	71.00	71.00	71.00	67.00	62.00	67.00	70.00	73.00	74.00	77.00	79.00	81.00	76.00	79.00	81.00	86.00	88.00	90.00	90.00	84.00	86.00	87.00	85.00	82.00	80.00	82.00	92.00	93.00	96.00	99.00	99.00	98.00	100.00	102.00	100.00	102.00	103.00	108.00	109.00	108.00	107.00	105.00	106.00	113.00	117.00	119.00	121.00	119.00	122.00	123.00	126.00	131.00	136.00	136.00	135.00	132.00	130.00	128.00	123.00	121.00	118.00	126.00	126.00	123.00	122.00	121.00	122.00	122.00	119.00	114.00	115.00	118.00	120.00	119.00	121.00	122.00	122.00	120.00	120.00	119.00	117.00	114.00	116.00	113.00	111.00	109.00	108.00	105.00	102.00	103.00	102.00	101.00	104.00	107.00	104.00	101.00	101.00	101.00	99.00	103.00	108.00	102.00	101.00	101.00	103.00	101.00	101.00	103.00	103.00	100.00	101.00	101.00	101.00	102.00	99.00
116.00	120.00	118.00	109.00	102.00	113.00	113.00	113.00	113.00	121.00	120.00	120.00	119.00	116.00	121.00	126.00	130.00	129.00	121.00	118.00	116.00	113.00	113.00	114.00	114.00	114.00	113.00	111.00	109.00	105.00	106.00	110.00	109.00	109.00	108.00	104.00	102.00	98.00	95.00	94.00	95.00	96.00	96.00	96.00	95.00	100.00	106.00	105.00	103.00	104.00	98.00	99.00	102.00	104.00	111.00	111.00	111.00	111.00	111.00	114.00	114.00	114.00	113.00	116.00	118.00	115.00	112.00	111.00	111.00	113.00	112.00	110.00	107.00	106.00	108.00	110.00	111.00	101.00	99.00	96.00	97.00	99.00	103.00	101.00	97.00	96.00	95.00	96.00	98.00	102.00	100.00	97.00	95.00	94.00	89.00	92.00	97.00	95.00	89.00	84.00	83.00	85.00	85.00	88.00	86.00	85.00	84.00	84.00	88.00	88.00	90.00	92.00	95.00	93.00	92.00	92.00	90.00	86.00	83.00	80.00	79.00	70.00	67.00	65.00	65.00	64.00	67.00	73.00	82.00	81.00	78.00	76.00	76.00	74.00	69.00	69.00	67.00	68.00	71.00	66.00	65.00	64.00	62.00	66.00	71.00	75.00	73.00	70.00	69.00	71.00	71.00	71.00	75.00	71.00	76.00	77.00	80.00	88.00	86.00	89.00	89.00	88.00	90.00	88.00	89.00	86.00	80.00	88.00	90.00	92.00	95.00	98.00	98.00	99.00	100.00	96.00	97.00	97.00	102.00	103.00	103.00	101.00	97.00	98.00	104.00	109.00	110.00	113.00	113.00	119.00	119.00	119.00	125.00	129.00	130.00	131.00	128.00	128.00	126.00	120.00	119.00	119.00	125.00	125.00	124.00	124.00	124.00	128.00	132.00	130.00	127.00	122.00	121.00	122.00	121.00	121.00	122.00	122.00	121.00	120.00	119.00	116.00	114.00	115.00	111.00	109.00	107.00	104.00	101.00	105.00	105.00	104.00	103.00	102.00	101.00	102.00	104.00	104.00	103.00	102.00	104.00	104.00	103.00	103.00	104.00	107.00	107.00	106.00	107.00	107.00	104.00	107.00	111.00	111.00	109.00	106.00
116.00	120.00	118.00	109.00	102.00	113.00	113.00	113.00	113.00	121.00	120.00	120.00	119.00	116.00	121.00	126.00	130.00	129.00	121.00	118.00	116.00	113.00	113.00	114.00	114.00	114.00	113.00	111.00	109.00	105.00	106.00	110.00	109.00	109.00	108.00	104.00	102.00	98.00	95.00	94.00	95.00	96.00	96.00	96.00	95.00	100.00	106.00	105.00	103.00	104.00	98.00	99.00	102.00	104.00	111.00	111.00	111.00	111.00	111.00	114.00	114.00	114.00	113.00	116.00	118.00	115.00	112.00	111.00	111.00	113.00	112.00	110.00	107.00	106.00	108.00	110.00	111.00	101.00	99.00	96.00	97.00	99.00	103.00	101.00	97.00	96.00	95.00	96.00	98.00	102.00	100.00	97.00	95.00	94.00	89.00	92.00	97.00	95.00	89.00	84.00	83.00	85.00	85.00	88.00	86.00	85.00	84.00	84.00	88.00	88.00	90.00	92.00	95.00	93.00	92.00	92.00	90.00	86.00	83.00	80.00	79.00	70.00	67.00	65.00	65.00	64.00	67.00	73.00	82.00	81.00	78.00	76.00	76.00	74.00	69.00	69.00	67.00	68.00	71.00	66.00	65.00	64.00	62.00	66.00	71.00	75.00	73.00	70.00	69.00	71.00	71.00	71.00	75.00	71.00	76.00	77.00	80.00	88.00	86.00	89.00	89.00	88.00	90.00	88.00	89.00	86.00	80.00	88.00	90.00	92.00	95.00	98.00	98.00	99.00	100.00	96.00	97.00	97.00	102.00	103.00	103.00	101.00	97.00	98.00	104.00	109.00	110.00	113.00	113.00	119.00	119.00	119.00	125.00	129.00	130.00	131.00	128.00	128.00	126.00	120.00	119.00	119.00	125.00	125.00	124.00	124.00	124.00	128.00	132.00	130.00	127.00	122.00	121.00	122.00	121.00	121.00	122.00	122.00	121.00	120.00	119.00	116.00	114.00	115.00	111.00	109.00	107.00	104.00	101.00	105.00	105.00	104.00	103.00	102.00	101.00	102.00	104.00	104.00	103.00	102.00	104.00	104.00	103.00	103.00	104.00	107.00	107.00	106.00	107.00	107.00	104.00	107.00	111.00	111.00	109.00	106.00
116.00	120.00	118.00	109.00	102.00	113.00	113.00	113.00	113.00	121.00	120.00	120.00	119.00	116.00	121.00	126.00	130.00	129.00	121.00	118.00	116.00	113.00	113.00	114.00	114.00	114.00	113.00	111.00	109.00	105.00	106.00	110.00	109.00	109.00	108.00	104.00	102.00	98.00	95.00	94.00	95.00	96.00	96.00	96.00	95.00	100.00	106.00	105.00	103.00	104.00	98.00	99.00	102.00	104.00	111.00	111.00	111.00	111.00	111.00	114.00	114.00	114.00	113.00	116.00	118.00	115.00	112.00	111.00	111.00	113.00	112.00	110.00	107.00	106.00	108.00	110.00	111.00	101.00	99.00	96.00	97.00	99.00	103.00	101.00	97.00	96.00	95.00	96.00	98.00	102.00	100.00	97.00	95.00	94.00	89.00	92.00	97.00	95.00	89.00	84.00	83.00	85.00	85.00	88.00	86.00	85.00	84.00	84.00	88.00	88.00	90.00	92.00	95.00	93.00	92.00	92.00	90.00	86.00	83.00	80.00	79.00	70.00	67.00	65.00	65.00	64.00	67.00	73.00	82.00	81.00	78.00	76.00	76.00	74.00	69.00	69.00	67.00	68.00	71.00	66.00	65.00	64.00	62.00	66.00	71.00	75.00	73.00	70.00	69.00	71.00	71.00	71.00	75.00	71.00	76.00	77.00	80.00	88.00	86.00	89.00	89.00	88.00	90.00	88.00	89.00	86.00	80.00	88.00	90.00	92.00	95.00	98.00	98.00	99.00	100.00	96.00	97.00	97.00	102.00	103.00	103.00	101.00	97.00	98.00	104.00	109.00	110.00	113.00	113.00	119.00	119.00	119.00	125.00	129.00	130.00	131.00	128.00	128.00	126.00	120.00	119.00	119.00	125.00	125.00	124.00	124.00	124.00	128.00	132.00	130.00	127.00	122.00	121.00	122.00	121.00	121.00	122.00	122.00	121.00	120.00	119.00	116.00	114.00	115.00	111.00	109.00	107.00	104.00	101.00	105.00	105.00	104.00	103.00	102.00	101.00	102.00	104.00	104.00	103.00	102.00	104.00	104.00	103.00	103.00	104.00	107.00	107.00	106.00	107.00	107.00	104.00	107.00	111.00	111.00	109.00	106.00
120.00	119.00	120.00	115.00	105.00	113.00	118.00	114.00	115.00	119.00	127.00	123.00	118.00	116.00	118.00	118.00	118.00	122.00	121.00	120.00	117.00	111.00	111.00	109.00	109.00	108.00	108.00	106.00	106.00	110.00	113.00	106.00	106.00	104.00	103.00	103.00	102.00	101.00	100.00	99.00	99.00	96.00	95.00	96.00	95.00	98.00	104.00	104.00	102.00	101.00	99.00	101.00	99.00	99.00	107.00	107.00	108.00	111.00	111.00	115.00	114.00	114.00	112.00	114.00	114.00	113.00	114.00	113.00	115.00	119.00	117.00	116.00	112.00	111.00	108.00	109.00	112.00	107.00	107.00	105.00	100.00	97.00	100.00	100.00	99.00	96.00	94.00	94.00	96.00	99.00	102.00	96.00	93.00	95.00	95.00	93.00	92.00	89.00	84.00	81.00	80.00	80.00	80.00	82.00	82.00	82.00	78.00	75.00	80.00	81.00	82.00	84.00	84.00	80.00	79.00	79.00	76.00	81.00	81.00	77.00	71.00	64.00	63.00	63.00	62.00	66.00	71.00	73.00	79.00	80.00	79.00	82.00	80.00	78.00	75.00	69.00	63.00	64.00	64.00	63.00	65.00	63.00	62.00	59.00	62.00	66.00	66.00	66.00	67.00	67.00	67.00	69.00	73.00	76.00	78.00	77.00	75.00	82.00	83.00	86.00	86.00	85.00	84.00	88.00	89.00	90.00	91.00	89.00	86.00	86.00	87.00	86.00	87.00	89.00	92.00	91.00	90.00	92.00	95.00	95.00	96.00	94.00	92.00	95.00	100.00	103.00	102.00	101.00	104.00	116.00	119.00	123.00	125.00	131.00	129.00	129.00	131.00	129.00	119.00	116.00	116.00	116.00	118.00	117.00	118.00	121.00	124.00	130.00	130.00	126.00	124.00	127.00	132.00	131.00	130.00	130.00	130.00	128.00	124.00	120.00	122.00	119.00	117.00	116.00	112.00	110.00	108.00	109.00	108.00	111.00	109.00	109.00	106.00	104.00	105.00	105.00	105.00	103.00	104.00	103.00	105.00	106.00	107.00	107.00	107.00	108.00	110.00	106.00	102.00	103.00	108.00	111.00	111.00	112.00	106.00	106.00
117.00	116.00	115.00	114.00	110.00	102.00	111.00	114.00	114.00	122.00	119.00	120.00	122.00	122.00	114.00	115.00	116.00	119.00	116.00	114.00	113.00	104.00	102.00	104.00	106.00	108.00	108.00	106.00	106.00	107.00	107.00	106.00	104.00	104.00	106.00	106.00	104.00	103.00	103.00	102.00	100.00	95.00	95.00	99.00	100.00	98.00	105.00	105.00	103.00	102.00	96.00	96.00	100.00	101.00	104.00	103.00	105.00	106.00	108.00	111.00	114.00	115.00	115.00	118.00	114.00	110.00	112.00	114.00	110.00	110.00	112.00	113.00	114.00	117.00	116.00	114.00	112.00	108.00	108.00	109.00	108.00	104.00	103.00	101.00	103.00	100.00	97.00	100.00	99.00	93.00	93.00	89.00	86.00	86.00	88.00	88.00	86.00	85.00	83.00	81.00	82.00	82.00	82.00	80.00	79.00	79.00	77.00	74.00	74.00	75.00	75.00	76.00	75.00	73.00	73.00	76.00	78.00	75.00	71.00	68.00	67.00	69.00	68.00	65.00	64.00	70.00	76.00	79.00	79.00	79.00	81.00	82.00	82.00	82.00	80.00	87.00	82.00	76.00	69.00	64.00	62.00	61.00	62.00	57.00	60.00	67.00	70.00	68.00	63.00	64.00	62.00	61.00	62.00	66.00	70.00	71.00	74.00	76.00	77.00	77.00	79.00	79.00	78.00	77.00	79.00	80.00	84.00	87.00	85.00	83.00	85.00	86.00	89.00	87.00	86.00	86.00	87.00	89.00	89.00	88.00	88.00	90.00	92.00	92.00	100.00	104.00	105.00	105.00	108.00	124.00	125.00	126.00	126.00	126.00	126.00	127.00	129.00	125.00	117.00	111.00	111.00	109.00	110.00	112.00	114.00	118.00	121.00	124.00	125.00	124.00	123.00	129.00	130.00	128.00	128.00	130.00	128.00	128.00	126.00	123.00	124.00	120.00	119.00	116.00	113.00	110.00	109.00	111.00	112.00	112.00	108.00	105.00	104.00	109.00	109.00	110.00	109.00	108.00	108.00	106.00	103.00	105.00	108.00	109.00	106.00	104.00	106.00	111.00	107.00	109.00	112.00	112.00	111.00	108.00	108.00	108.00
117.00	116.00	115.00	114.00	110.00	102.00	111.00	114.00	114.00	122.00	119.00	120.00	122.00	122.00	114.00	115.00	116.00	119.00	116.00	114.00	113.00	104.00	102.00	104.00	106.00	108.00	108.00	106.00	106.00	107.00	107.00	106.00	104.00	104.00	106.00	106.00	104.00	103.00	103.00	102.00	100.00	95.00	95.00	99.00	100.00	98.00	105.00	105.00	103.00	102.00	96.00	96.00	100.00	101.00	104.00	103.00	105.00	106.00	108.00	111.00	114.00	115.00	115.00	118.00	114.00	110.00	112.00	114.00	110.00	110.00	112.00	113.00	114.00	117.00	116.00	114.00	112.00	108.00	108.00	109.00	108.00	104.00	103.00	101.00	103.00	100.00	97.00	100.00	99.00	93.00	93.00	89.00	86.00	86.00	88.00	88.00	86.00	85.00	83.00	81.00	82.00	82.00	82.00	80.00	79.00	79.00	77.00	74.00	74.00	75.00	75.00	76.00	75.00	73.00	73.00	76.00	78.00	75.00	71.00	68.00	67.00	69.00	68.00	65.00	64.00	70.00	76.00	79.00	79.00	79.00	81.00	82.00	82.00	82.00	80.00	87.00	82.00	76.00	69.00	64.00	62.00	61.00	62.00	57.00	60.00	67.00	70.00	68.00	63.00	64.00	62.00	61.00	62.00	66.00	70.00	71.00	74.00	76.00	77.00	77.00	79.00	79.00	78.00	77.00	79.00	80.00	84.00	87.00	85.00	83.00	85.00	86.00	89.00	87.00	86.00	86.00	87.00	89.00	89.00	88.00	88.00	90.00	92.00	92.00	100.00	104.00	105.00	105.00	108.00	124.00	125.00	126.00	126.00	126.00	126.00	127.00	129.00	125.00	117.00	111.00	111.00	109.00	110.00	112.00	114.00	118.00	121.00	124.00	125.00	124.00	123.00	129.00	130.00	128.00	128.00	130.00	128.00	128.00	126.00	123.00	124.00	120.00	119.00	116.00	113.00	110.00	109.00	111.00	112.00	112.00	108.00	105.00	104.00	109.00	109.00	110.00	109.00	108.00	108.00	106.00	103.00	105.00	108.00	109.00	106.00	104.00	106.00	111.00	107.00	109.00	112.00	112.00	111.00	108.00	108.00	108.00
110.00	110.00	110.00	110.00	109.00	104.00	106.00	113.00	111.00	116.00	127.00	121.00	116.00	113.00	113.00	112.00	111.00	119.00	118.00	112.00	111.00	111.00	109.00	107.00	109.00	109.00	107.00	101.00	102.00	106.00	111.00	109.00	104.00	105.00	107.00	107.00	102.00	99.00	97.00	98.00	100.00	93.00	92.00	94.00	96.00	99.00	104.00	106.00	104.00	101.00	97.00	99.00	106.00	108.00	108.00	105.00	103.00	102.00	103.00	107.00	109.00	110.00	114.00	122.00	120.00	115.00	114.00	115.00	114.00	113.00	113.00	114.00	113.00	119.00	119.00	116.00	116.00	116.00	117.00	116.00	115.00	111.00	109.00	109.00	113.00	106.00	107.00	107.00	99.00	96.00	99.00	100.00	95.00	91.00	83.00	81.00	77.00	75.00	75.00	75.00	77.00	75.00	76.00	76.00	75.00	74.00	74.00	73.00	70.00	69.00	68.00	66.00	65.00	65.00	66.00	67.00	68.00	67.00	63.00	56.00	58.00	63.00	62.00	64.00	70.00	78.00	79.00	83.00	84.00	85.00	89.00	91.00	92.00	90.00	86.00	94.00	91.00	86.00	80.00	75.00	67.00	61.00	61.00	61.00	59.00	58.00	61.00	62.00	57.00	58.00	59.00	58.00	60.00	62.00	61.00	63.00	65.00	65.00	68.00	68.00	66.00	67.00	66.00	72.00	76.00	81.00	80.00	72.00	74.00	75.00	78.00	79.00	80.00	81.00	78.00	78.00	82.00	86.00	83.00	78.00	82.00	82.00	84.00	87.00	96.00	101.00	103.00	105.00	108.00	122.00	127.00	124.00	118.00	114.00	119.00	125.00	130.00	130.00	118.00	109.00	106.00	104.00	104.00	106.00	113.00	115.00	116.00	122.00	120.00	119.00	118.00	127.00	128.00	128.00	130.00	131.00	129.00	127.00	126.00	120.00	113.00	113.00	114.00	112.00	112.00	113.00	113.00	111.00	111.00	109.00	109.00	107.00	106.00	102.00	104.00	108.00	110.00	112.00	114.00	110.00	109.00	104.00	107.00	109.00	110.00	110.00	113.00	114.00	110.00	112.00	113.00	114.00	111.00	110.00	114.00	113.00
110.00	110.00	110.00	110.00	109.00	104.00	106.00	113.00	111.00	116.00	127.00	121.00	116.00	113.00	113.00	112.00	111.00	119.00	118.00	112.00	111.00	111.00	109.00	107.00	109.00	109.00	107.00	101.00	102.00	106.00	111.00	109.00	104.00	105.00	107.00	107.00	102.00	99.00	97.00	98.00	100.00	93.00	92.00	94.00	96.00	99.00	104.00	106.00	104.00	101.00	97.00	99.00	106.00	108.00	108.00	105.00	103.00	102.00	103.00	107.00	109.00	110.00	114.00	122.00	120.00	115.00	114.00	115.00	114.00	113.00	113.00	114.00	113.00	119.00	119.00	116.00	116.00	116.00	117.00	116.00	115.00	111.00	109.00	109.00	113.00	106.00	107.00	107.00	99.00	96.00	99.00	100.00	95.00	91.00	83.00	81.00	77.00	75.00	75.00	75.00	77.00	75.00	76.00	76.00	75.00	74.00	74.00	73.00	70.00	69.00	68.00	66.00	65.00	65.00	66.00	67.00	68.00	67.00	63.00	56.00	58.00	63.00	62.00	64.00	70.00	78.00	79.00	83.00	84.00	85.00	89.00	91.00	92.00	90.00	86.00	94.00	91.00	86.00	80.00	75.00	67.00	61.00	61.00	61.00	59.00	58.00	61.00	62.00	57.00	58.00	59.00	58.00	60.00	62.00	61.00	63.00	65.00	65.00	68.00	68.00	66.00	67.00	66.00	72.00	76.00	81.00	80.00	72.00	74.00	75.00	78.00	79.00	80.00	81.00	78.00	78.00	82.00	86.00	83.00	78.00	82.00	82.00	84.00	87.00	96.00	101.00	103.00	105.00	108.00	122.00	127.00	124.00	118.00	114.00	119.00	125.00	130.00	130.00	118.00	109.00	106.00	104.00	104.00	106.00	113.00	115.00	116.00	122.00	120.00	119.00	118.00	127.00	128.00	128.00	130.00	131.00	129.00	127.00	126.00	120.00	113.00	113.00	114.00	112.00	112.00	113.00	113.00	111.00	111.00	109.00	109.00	107.00	106.00	102.00	104.00	108.00	110.00	112.00	114.00	110.00	109.00	104.00	107.00	109.00	110.00	110.00	113.00	114.00	110.00	112.00	113.00	114.00	111.00	110.00	114.00	113.00
106.00	105.00	107.00	105.00	106.00	103.00	103.00	112.00	117.00	111.00	119.00	121.00	117.00	112.00	108.00	110.00	111.00	115.00	120.00	116.00	116.00	115.00	110.00	106.00	107.00	107.00	105.00	99.00	101.00	105.00	108.00	105.00	107.00	106.00	104.00	101.00	100.00	98.00	97.00	98.00	98.00	97.00	95.00	95.00	96.00	100.00	102.00	100.00	99.00	99.00	99.00	103.00	103.00	103.00	106.00	104.00	103.00	102.00	103.00	102.00	102.00	105.00	107.00	121.00	123.00	123.00	121.00	117.00	117.00	117.00	114.00	116.00	110.00	112.00	113.00	113.00	114.00	118.00	117.00	115.00	114.00	112.00	110.00	111.00	117.00	114.00	113.00	111.00	109.00	108.00	104.00	104.00	103.00	103.00	94.00	92.00	86.00	81.00	78.00	79.00	81.00	83.00	82.00	74.00	73.00	71.00	72.00	73.00	70.00	68.00	64.00	63.00	66.00	65.00	66.00	70.00	71.00	63.00	62.00	61.00	59.00	67.00	66.00	71.00	79.00	80.00	83.00	83.00	84.00	88.00	93.00	96.00	94.00	91.00	90.00	90.00	87.00	84.00	84.00	74.00	68.00	64.00	65.00	67.00	63.00	61.00	61.00	59.00	60.00	57.00	59.00	61.00	62.00	65.00	65.00	62.00	61.00	62.00	64.00	63.00	63.00	66.00	61.00	62.00	66.00	70.00	67.00	68.00	69.00	71.00	73.00	70.00	72.00	75.00	73.00	72.00	75.00	76.00	76.00	75.00	81.00	82.00	81.00	81.00	83.00	86.00	88.00	92.00	99.00	114.00	115.00	118.00	115.00	107.00	111.00	116.00	123.00	125.00	119.00	114.00	108.00	104.00	100.00	99.00	100.00	103.00	104.00	107.00	111.00	110.00	112.00	122.00	125.00	128.00	127.00	124.00	121.00	119.00	116.00	111.00	105.00	103.00	105.00	107.00	102.00	104.00	108.00	110.00	109.00	112.00	109.00	109.00	111.00	109.00	110.00	110.00	111.00	111.00	113.00	115.00	114.00	109.00	107.00	108.00	110.00	113.00	117.00	116.00	112.00	112.00	115.00	109.00	106.00	109.00	109.00	105.00
101.00	102.00	104.00	108.00	111.00	105.00	104.00	108.00	114.00	115.00	118.00	116.00	115.00	114.00	111.00	109.00	109.00	110.00	113.00	114.00	113.00	114.00	109.00	103.00	104.00	106.00	106.00	102.00	103.00	104.00	104.00	107.00	108.00	105.00	101.00	99.00	98.00	100.00	99.00	98.00	97.00	99.00	101.00	98.00	101.00	100.00	101.00	100.00	100.00	98.00	98.00	103.00	101.00	98.00	103.00	104.00	104.00	103.00	103.00	99.00	101.00	105.00	106.00	114.00	120.00	121.00	118.00	118.00	116.00	117.00	120.00	119.00	114.00	109.00	110.00	109.00	112.00	115.00	114.00	113.00	109.00	110.00	110.00	111.00	113.00	113.00	110.00	111.00	111.00	112.00	120.00	114.00	111.00	108.00	102.00	99.00	96.00	94.00	93.00	89.00	88.00	89.00	89.00	85.00	82.00	77.00	78.00	76.00	78.00	73.00	69.00	67.00	67.00	69.00	69.00	70.00	67.00	62.00	65.00	67.00	70.00	74.00	73.00	82.00	90.00	90.00	84.00	84.00	85.00	84.00	85.00	86.00	86.00	88.00	89.00	88.00	86.00	86.00	85.00	79.00	77.00	75.00	73.00	73.00	67.00	65.00	64.00	64.00	67.00	62.00	60.00	60.00	58.00	65.00	63.00	61.00	61.00	64.00	67.00	63.00	60.00	58.00	58.00	60.00	62.00	68.00	70.00	66.00	66.00	66.00	67.00	68.00	66.00	67.00	67.00	69.00	70.00	73.00	71.00	72.00	73.00	73.00	73.00	71.00	75.00	77.00	80.00	83.00	88.00	97.00	99.00	98.00	94.00	96.00	98.00	98.00	100.00	105.00	102.00	102.00	100.00	97.00	96.00	97.00	97.00	96.00	96.00	99.00	100.00	103.00	108.00	108.00	111.00	115.00	116.00	115.00	110.00	108.00	106.00	105.00	102.00	101.00	100.00	101.00	96.00	95.00	95.00	98.00	99.00	106.00	107.00	109.00	112.00	110.00	112.00	114.00	114.00	109.00	117.00	113.00	111.00	108.00	110.00	111.00	110.00	109.00	108.00	105.00	106.00	107.00	110.00	110.00	109.00	105.00	103.00	108.00
101.00	102.00	104.00	108.00	111.00	105.00	104.00	108.00	114.00	115.00	118.00	116.00	115.00	114.00	111.00	109.00	109.00	110.00	113.00	114.00	113.00	114.00	109.00	103.00	104.00	106.00	106.00	102.00	103.00	104.00	104.00	107.00	108.00	105.00	101.00	99.00	98.00	100.00	99.00	98.00	97.00	99.00	101.00	98.00	101.00	100.00	101.00	100.00	100.00	98.00	98.00	103.00	101.00	98.00	103.00	104.00	104.00	103.00	103.00	99.00	101.00	105.00	106.00	114.00	120.00	121.00	118.00	118.00	116.00	117.00	120.00	119.00	114.00	109.00	110.00	109.00	112.00	115.00	114.00	113.00	109.00	110.00	110.00	111.00	113.00	113.00	110.00	111.00	111.00	112.00	120.00	114.00	111.00	108.00	102.00	99.00	96.00	94.00	93.00	89.00	88.00	89.00	89.00	85.00	82.00	77.00	78.00	76.00	78.00	73.00	69.00	67.00	67.00	69.00	69.00	70.00	67.00	62.00	65.00	67.00	70.00	74.00	73.00	82.00	90.00	90.00	84.00	84.00	85.00	84.00	85.00	86.00	86.00	88.00	89.00	88.00	86.00	86.00	85.00	79.00	77.00	75.00	73.00	73.00	67.00	65.00	64.00	64.00	67.00	62.00	60.00	60.00	58.00	65.00	63.00	61.00	61.00	64.00	67.00	63.00	60.00	58.00	58.00	60.00	62.00	68.00	70.00	66.00	66.00	66.00	67.00	68.00	66.00	67.00	67.00	69.00	70.00	73.00	71.00	72.00	73.00	73.00	73.00	71.00	75.00	77.00	80.00	83.00	88.00	97.00	99.00	98.00	94.00	96.00	98.00	98.00	100.00	105.00	102.00	102.00	100.00	97.00	96.00	97.00	97.00	96.00	96.00	99.00	100.00	103.00	108.00	108.00	111.00	115.00	116.00	115.00	110.00	108.00	106.00	105.00	102.00	101.00	100.00	101.00	96.00	95.00	95.00	98.00	99.00	106.00	107.00	109.00	112.00	110.00	112.00	114.00	114.00	109.00	117.00	113.00	111.00	108.00	110.00	111.00	110.00	109.00	108.00	105.00	106.00	107.00	110.00	110.00	109.00	105.00	103.00	108.00
101.00	102.00	104.00	108.00	111.00	105.00	104.00	108.00	114.00	115.00	118.00	116.00	115.00	114.00	111.00	109.00	109.00	110.00	113.00	114.00	113.00	114.00	109.00	103.00	104.00	106.00	106.00	102.00	103.00	104.00	104.00	107.00	108.00	105.00	101.00	99.00	98.00	100.00	99.00	98.00	97.00	99.00	101.00	98.00	101.00	100.00	101.00	100.00	100.00	98.00	98.00	103.00	101.00	98.00	103.00	104.00	104.00	103.00	103.00	99.00	101.00	105.00	106.00	114.00	120.00	121.00	118.00	118.00	116.00	117.00	120.00	119.00	114.00	109.00	110.00	109.00	112.00	115.00	114.00	113.00	109.00	110.00	110.00	111.00	113.00	113.00	110.00	111.00	111.00	112.00	120.00	114.00	111.00	108.00	102.00	99.00	96.00	94.00	93.00	89.00	88.00	89.00	89.00	85.00	82.00	77.00	78.00	76.00	78.00	73.00	69.00	67.00	67.00	69.00	69.00	70.00	67.00	62.00	65.00	67.00	70.00	74.00	73.00	82.00	90.00	90.00	84.00	84.00	85.00	84.00	85.00	86.00	86.00	88.00	89.00	88.00	86.00	86.00	85.00	79.00	77.00	75.00	73.00	73.00	67.00	65.00	64.00	64.00	67.00	62.00	60.00	60.00	58.00	65.00	63.00	61.00	61.00	64.00	67.00	63.00	60.00	58.00	58.00	60.00	62.00	68.00	70.00	66.00	66.00	66.00	67.00	68.00	66.00	67.00	67.00	69.00	70.00	73.00	71.00	72.00	73.00	73.00	73.00	71.00	75.00	77.00	80.00	83.00	88.00	97.00	99.00	98.00	94.00	96.00	98.00	98.00	100.00	105.00	102.00	102.00	100.00	97.00	96.00	97.00	97.00	96.00	96.00	99.00	100.00	103.00	108.00	108.00	111.00	115.00	116.00	115.00	110.00	108.00	106.00	105.00	102.00	101.00	100.00	101.00	96.00	95.00	95.00	98.00	99.00	106.00	107.00	109.00	112.00	110.00	112.00	114.00	114.00	109.00	117.00	113.00	111.00	108.00	110.00	111.00	110.00	109.00	108.00	105.00	106.00	107.00	110.00	110.00	109.00	105.00	103.00	108.00
102.00	102.00	102.00	104.00	107.00	103.00	102.00	105.00	110.00	114.00	111.00	112.00	111.00	108.00	115.00	118.00	115.00	114.00	116.00	118.00	116.00	115.00	112.00	105.00	102.00	100.00	102.00	102.00	104.00	106.00	101.00	102.00	101.00	101.00	100.00	100.00	100.00	104.00	105.00	100.00	96.00	95.00	99.00	101.00	99.00	93.00	98.00	100.00	101.00	102.00	108.00	106.00	104.00	103.00	104.00	106.00	106.00	104.00	101.00	101.00	103.00	104.00	102.00	111.00	113.00	113.00	111.00	109.00	125.00	128.00	125.00	123.00	123.00	114.00	108.00	107.00	112.00	113.00	114.00	115.00	116.00	114.00	111.00	112.00	108.00	110.00	110.00	113.00	113.00	113.00	117.00	119.00	116.00	110.00	104.00	107.00	107.00	104.00	100.00	96.00	93.00	93.00	91.00	92.00	90.00	86.00	85.00	86.00	81.00	79.00	80.00	78.00	73.00	69.00	68.00	69.00	69.00	59.00	61.00	66.00	71.00	81.00	83.00	88.00	90.00	87.00	81.00	79.00	82.00	81.00	82.00	82.00	81.00	79.00	77.00	81.00	82.00	84.00	80.00	76.00	76.00	81.00	82.00	82.00	78.00	76.00	73.00	72.00	69.00	66.00	64.00	62.00	57.00	59.00	63.00	63.00	63.00	61.00	63.00	62.00	62.00	61.00	59.00	60.00	60.00	61.00	62.00	64.00	66.00	65.00	63.00	60.00	56.00	58.00	62.00	63.00	65.00	65.00	68.00	69.00	69.00	67.00	67.00	67.00	71.00	75.00	76.00	78.00	78.00	80.00	79.00	79.00	77.00	80.00	82.00	80.00	79.00	84.00	95.00	94.00	92.00	91.00	92.00	93.00	94.00	95.00	97.00	98.00	98.00	101.00	100.00	100.00	101.00	101.00	102.00	103.00	98.00	99.00	98.00	99.00	104.00	103.00	99.00	98.00	101.00	98.00	96.00	94.00	96.00	101.00	104.00	106.00	110.00	111.00	111.00	111.00	109.00	106.00	111.00	111.00	112.00	114.00	113.00	109.00	108.00	105.00	103.00	103.00	105.00	104.00	105.00	109.00	113.00	115.00	116.00	116.00
102.00	102.00	102.00	104.00	107.00	103.00	102.00	105.00	110.00	114.00	111.00	112.00	111.00	108.00	115.00	118.00	115.00	114.00	116.00	118.00	116.00	115.00	112.00	105.00	102.00	100.00	102.00	102.00	104.00	106.00	101.00	102.00	101.00	101.00	100.00	100.00	100.00	104.00	105.00	100.00	96.00	95.00	99.00	101.00	99.00	93.00	98.00	100.00	101.00	102.00	108.00	106.00	104.00	103.00	104.00	106.00	106.00	104.00	101.00	101.00	103.00	104.00	102.00	111.00	113.00	113.00	111.00	109.00	125.00	128.00	125.00	123.00	123.00	114.00	108.00	107.00	112.00	113.00	114.00	115.00	116.00	114.00	111.00	112.00	108.00	110.00	110.00	113.00	113.00	113.00	117.00	119.00	116.00	110.00	104.00	107.00	107.00	104.00	100.00	96.00	93.00	93.00	91.00	92.00	90.00	86.00	85.00	86.00	81.00	79.00	80.00	78.00	73.00	69.00	68.00	69.00	69.00	59.00	61.00	66.00	71.00	81.00	83.00	88.00	90.00	87.00	81.00	79.00	82.00	81.00	82.00	82.00	81.00	79.00	77.00	81.00	82.00	84.00	80.00	76.00	76.00	81.00	82.00	82.00	78.00	76.00	73.00	72.00	69.00	66.00	64.00	62.00	57.00	59.00	63.00	63.00	63.00	61.00	63.00	62.00	62.00	61.00	59.00	60.00	60.00	61.00	62.00	64.00	66.00	65.00	63.00	60.00	56.00	58.00	62.00	63.00	65.00	65.00	68.00	69.00	69.00	67.00	67.00	67.00	71.00	75.00	76.00	78.00	78.00	80.00	79.00	79.00	77.00	80.00	82.00	80.00	79.00	84.00	95.00	94.00	92.00	91.00	92.00	93.00	94.00	95.00	97.00	98.00	98.00	101.00	100.00	100.00	101.00	101.00	102.00	103.00	98.00	99.00	98.00	99.00	104.00	103.00	99.00	98.00	101.00	98.00	96.00	94.00	96.00	101.00	104.00	106.00	110.00	111.00	111.00	111.00	109.00	106.00	111.00	111.00	112.00	114.00	113.00	109.00	108.00	105.00	103.00	103.00	105.00	104.00	105.00	109.00	113.00	115.00	116.00	116.00
108.00	105.00	104.00	105.00	104.00	106.00	107.00	108.00	106.00	105.00	105.00	105.00	105.00	107.00	115.00	118.00	115.00	111.00	116.00	120.00	119.00	116.00	116.00	110.00	107.00	104.00	100.00	98.00	98.00	98.00	99.00	95.00	96.00	96.00	96.00	96.00	101.00	104.00	106.00	104.00	100.00	97.00	99.00	99.00	97.00	93.00	98.00	100.00	102.00	103.00	102.00	103.00	107.00	108.00	107.00	105.00	105.00	105.00	105.00	101.00	103.00	101.00	101.00	103.00	105.00	105.00	105.00	104.00	118.00	124.00	128.00	130.00	130.00	128.00	121.00	115.00	112.00	111.00	114.00	115.00	112.00	116.00	113.00	112.00	110.00	109.00	109.00	113.00	114.00	116.00	115.00	116.00	117.00	114.00	112.00	110.00	107.00	105.00	105.00	100.00	91.00	88.00	90.00	97.00	97.00	91.00	90.00	86.00	82.00	79.00	80.00	81.00	74.00	72.00	73.00	72.00	71.00	60.00	61.00	63.00	73.00	93.00	97.00	94.00	87.00	83.00	80.00	79.00	82.00	82.00	81.00	81.00	80.00	79.00	78.00	80.00	78.00	80.00	79.00	86.00	84.00	87.00	94.00	93.00	89.00	90.00	89.00	86.00	77.00	75.00	73.00	73.00	72.00	69.00	67.00	66.00	68.00	62.00	61.00	60.00	61.00	62.00	62.00	61.00	61.00	62.00	63.00	60.00	60.00	61.00	59.00	59.00	59.00	60.00	62.00	61.00	59.00	58.00	60.00	60.00	60.00	59.00	62.00	60.00	62.00	66.00	67.00	69.00	69.00	66.00	65.00	66.00	67.00	69.00	66.00	67.00	67.00	70.00	79.00	78.00	78.00	78.00	81.00	86.00	92.00	95.00	96.00	95.00	94.00	98.00	97.00	94.00	96.00	96.00	96.00	99.00	96.00	100.00	101.00	100.00	103.00	100.00	96.00	92.00	95.00	93.00	93.00	93.00	96.00	97.00	103.00	107.00	110.00	116.00	116.00	113.00	114.00	114.00	108.00	110.00	110.00	111.00	108.00	104.00	99.00	99.00	100.00	104.00	108.00	107.00	106.00	106.00	110.00	114.00	112.00	107.00
108.00	105.00	104.00	105.00	104.00	106.00	107.00	108.00	106.00	105.00	105.00	105.00	105.00	107.00	115.00	118.00	115.00	111.00	116.00	120.00	119.00	116.00	116.00	110.00	107.00	104.00	100.00	98.00	98.00	98.00	99.00	95.00	96.00	96.00	96.00	96.00	101.00	104.00	106.00	104.00	100.00	97.00	99.00	99.00	97.00	93.00	98.00	100.00	102.00	103.00	102.00	103.00	107.00	108.00	107.00	105.00	105.00	105.00	105.00	101.00	103.00	101.00	101.00	103.00	105.00	105.00	105.00	104.00	118.00	124.00	128.00	130.00	130.00	128.00	121.00	115.00	112.00	111.00	114.00	115.00	112.00	116.00	113.00	112.00	110.00	109.00	109.00	113.00	114.00	116.00	115.00	116.00	117.00	114.00	112.00	110.00	107.00	105.00	105.00	100.00	91.00	88.00	90.00	97.00	97.00	91.00	90.00	86.00	82.00	79.00	80.00	81.00	74.00	72.00	73.00	72.00	71.00	60.00	61.00	63.00	73.00	93.00	97.00	94.00	87.00	83.00	80.00	79.00	82.00	82.00	81.00	81.00	80.00	79.00	78.00	80.00	78.00	80.00	79.00	86.00	84.00	87.00	94.00	93.00	89.00	90.00	89.00	86.00	77.00	75.00	73.00	73.00	72.00	69.00	67.00	66.00	68.00	62.00	61.00	60.00	61.00	62.00	62.00	61.00	61.00	62.00	63.00	60.00	60.00	61.00	59.00	59.00	59.00	60.00	62.00	61.00	59.00	58.00	60.00	60.00	60.00	59.00	62.00	60.00	62.00	66.00	67.00	69.00	69.00	66.00	65.00	66.00	67.00	69.00	66.00	67.00	67.00	70.00	79.00	78.00	78.00	78.00	81.00	86.00	92.00	95.00	96.00	95.00	94.00	98.00	97.00	94.00	96.00	96.00	96.00	99.00	96.00	100.00	101.00	100.00	103.00	100.00	96.00	92.00	95.00	93.00	93.00	93.00	96.00	97.00	103.00	107.00	110.00	116.00	116.00	113.00	114.00	114.00	108.00	110.00	110.00	111.00	108.00	104.00	99.00	99.00	100.00	104.00	108.00	107.00	106.00	106.00	110.00	114.00	112.00	107.00
108.00	110.00	109.00	109.00	109.00	112.00	112.00	111.00	109.00	109.00	110.00	108.00	104.00	104.00	111.00	114.00	117.00	115.00	118.00	123.00	122.00	115.00	119.00	112.00	108.00	106.00	103.00	95.00	93.00	93.00	94.00	95.00	96.00	96.00	96.00	95.00	98.00	101.00	99.00	99.00	99.00	95.00	96.00	97.00	95.00	95.00	98.00	98.00	100.00	103.00	105.00	103.00	104.00	105.00	106.00	105.00	104.00	105.00	105.00	102.00	101.00	102.00	105.00	110.00	107.00	104.00	104.00	106.00	114.00	117.00	120.00	122.00	118.00	123.00	124.00	119.00	114.00	115.00	117.00	117.00	114.00	112.00	115.00	116.00	117.00	116.00	116.00	117.00	114.00	115.00	118.00	119.00	118.00	117.00	116.00	114.00	114.00	117.00	117.00	112.00	107.00	103.00	99.00	100.00	100.00	98.00	99.00	99.00	99.00	93.00	90.00	86.00	81.00	77.00	75.00	71.00	65.00	57.00	60.00	60.00	69.00	89.00	102.00	104.00	103.00	104.00	89.00	87.00	90.00	86.00	82.00	81.00	80.00	78.00	76.00	80.00	80.00	83.00	89.00	96.00	98.00	102.00	105.00	108.00	108.00	106.00	97.00	96.00	91.00	86.00	83.00	82.00	78.00	75.00	74.00	74.00	77.00	68.00	65.00	67.00	67.00	67.00	67.00	67.00	68.00	69.00	69.00	61.00	60.00	63.00	67.00	71.00	72.00	72.00	72.00	61.00	61.00	61.00	59.00	60.00	60.00	62.00	62.00	60.00	60.00	60.00	62.00	66.00	72.00	65.00	67.00	70.00	71.00	67.00	64.00	62.00	63.00	64.00	68.00	64.00	67.00	67.00	72.00	79.00	85.00	88.00	90.00	91.00	92.00	94.00	92.00	91.00	93.00	93.00	94.00	96.00	97.00	97.00	99.00	99.00	96.00	96.00	93.00	90.00	93.00	92.00	94.00	93.00	93.00	98.00	105.00	109.00	110.00	110.00	112.00	119.00	123.00	116.00	113.00	109.00	105.00	110.00	105.00	102.00	99.00	97.00	97.00	104.00	105.00	110.00	110.00	105.00	107.00	107.00	105.00	105.00
103.00	105.00	106.00	109.00	108.00	112.00	113.00	112.00	110.00	109.00	112.00	115.00	114.00	111.00	108.00	109.00	111.00	111.00	114.00	116.00	114.00	111.00	116.00	110.00	108.00	103.00	100.00	95.00	96.00	96.00	96.00	97.00	98.00	99.00	98.00	98.00	94.00	95.00	95.00	94.00	98.00	94.00	93.00	93.00	94.00	96.00	96.00	99.00	105.00	106.00	101.00	99.00	100.00	99.00	103.00	101.00	102.00	103.00	105.00	108.00	108.00	106.00	105.00	112.00	108.00	107.00	108.00	107.00	113.00	118.00	124.00	126.00	123.00	118.00	116.00	116.00	114.00	112.00	115.00	114.00	112.00	110.00	113.00	114.00	114.00	115.00	115.00	119.00	117.00	114.00	116.00	117.00	118.00	118.00	121.00	121.00	120.00	120.00	121.00	118.00	116.00	112.00	105.00	105.00	108.00	107.00	107.00	109.00	102.00	99.00	98.00	95.00	93.00	91.00	89.00	79.00	71.00	52.00	50.00	57.00	63.00	81.00	91.00	91.00	93.00	94.00	88.00	89.00	90.00	88.00	85.00	84.00	85.00	86.00	82.00	90.00	102.00	105.00	112.00	120.00	126.00	128.00	128.00	128.00	122.00	118.00	109.00	106.00	99.00	94.00	92.00	88.00	85.00	82.00	81.00	83.00	82.00	72.00	70.00	72.00	72.00	73.00	73.00	73.00	72.00	70.00	68.00	69.00	70.00	71.00	77.00	86.00	88.00	89.00	83.00	70.00	71.00	71.00	65.00	65.00	62.00	65.00	65.00	65.00	62.00	62.00	66.00	70.00	75.00	69.00	72.00	77.00	78.00	70.00	71.00	70.00	66.00	65.00	64.00	61.00	61.00	64.00	67.00	71.00	73.00	77.00	81.00	85.00	85.00	89.00	88.00	87.00	90.00	92.00	92.00	95.00	93.00	92.00	95.00	95.00	91.00	93.00	91.00	88.00	89.00	88.00	89.00	92.00	93.00	101.00	109.00	112.00	112.00	109.00	112.00	114.00	114.00	112.00	108.00	105.00	100.00	100.00	95.00	92.00	89.00	88.00	90.00	94.00	94.00	98.00	107.00	106.00	106.00	106.00	104.00	105.00
103.00	105.00	106.00	109.00	108.00	112.00	113.00	112.00	110.00	109.00	112.00	115.00	114.00	111.00	108.00	109.00	111.00	111.00	114.00	116.00	114.00	111.00	116.00	110.00	108.00	103.00	100.00	95.00	96.00	96.00	96.00	97.00	98.00	99.00	98.00	98.00	94.00	95.00	95.00	94.00	98.00	94.00	93.00	93.00	94.00	96.00	96.00	99.00	105.00	106.00	101.00	99.00	100.00	99.00	103.00	101.00	102.00	103.00	105.00	108.00	108.00	106.00	105.00	112.00	108.00	107.00	108.00	107.00	113.00	118.00	124.00	126.00	123.00	118.00	116.00	116.00	114.00	112.00	115.00	114.00	112.00	110.00	113.00	114.00	114.00	115.00	115.00	119.00	117.00	114.00	116.00	117.00	118.00	118.00	121.00	121.00	120.00	120.00	121.00	118.00	116.00	112.00	105.00	105.00	108.00	107.00	107.00	109.00	102.00	99.00	98.00	95.00	93.00	91.00	89.00	79.00	71.00	52.00	50.00	57.00	63.00	81.00	91.00	91.00	93.00	94.00	88.00	89.00	90.00	88.00	85.00	84.00	85.00	86.00	82.00	90.00	102.00	105.00	112.00	120.00	126.00	128.00	128.00	128.00	122.00	118.00	109.00	106.00	99.00	94.00	92.00	88.00	85.00	82.00	81.00	83.00	82.00	72.00	70.00	72.00	72.00	73.00	73.00	73.00	72.00	70.00	68.00	69.00	70.00	71.00	77.00	86.00	88.00	89.00	83.00	70.00	71.00	71.00	65.00	65.00	62.00	65.00	65.00	65.00	62.00	62.00	66.00	70.00	75.00	69.00	72.00	77.00	78.00	70.00	71.00	70.00	66.00	65.00	64.00	61.00	61.00	64.00	67.00	71.00	73.00	77.00	81.00	85.00	85.00	89.00	88.00	87.00	90.00	92.00	92.00	95.00	93.00	92.00	95.00	95.00	91.00	93.00	91.00	88.00	89.00	88.00	89.00	92.00	93.00	101.00	109.00	112.00	112.00	109.00	112.00	114.00	114.00	112.00	108.00	105.00	100.00	100.00	95.00	92.00	89.00	88.00	90.00	94.00	94.00	98.00	107.00	106.00	106.00	106.00	104.00	105.00
104.00	103.00	102.00	101.00	103.00	108.00	111.00	115.00	117.00	113.00	116.00	117.00	116.00	115.00	110.00	109.00	107.00	109.00	114.00	115.00	113.00	103.00	106.00	116.00	110.00	104.00	100.00	95.00	95.00	96.00	98.00	103.00	99.00	100.00	100.00	98.00	95.00	94.00	93.00	94.00	100.00	98.00	93.00	91.00	92.00	92.00	98.00	105.00	106.00	105.00	96.00	96.00	100.00	99.00	103.00	102.00	100.00	101.00	104.00	108.00	106.00	105.00	107.00	111.00	109.00	106.00	108.00	111.00	115.00	121.00	126.00	127.00	127.00	128.00	125.00	123.00	123.00	119.00	114.00	110.00	110.00	107.00	108.00	112.00	118.00	124.00	122.00	121.00	119.00	120.00	119.00	120.00	121.00	119.00	112.00	114.00	117.00	119.00	120.00	111.00	111.00	109.00	105.00	107.00	104.00	104.00	103.00	103.00	100.00	100.00	97.00	95.00	92.00	92.00	91.00	88.00	88.00	64.00	59.00	60.00	62.00	78.00	79.00	82.00	84.00	83.00	87.00	90.00	90.00	90.00	92.00	89.00	90.00	89.00	89.00	106.00	123.00	126.00	128.00	140.00	143.00	141.00	141.00	138.00	134.00	129.00	122.00	116.00	108.00	105.00	103.00	98.00	95.00	91.00	92.00	93.00	91.00	84.00	84.00	84.00	83.00	83.00	80.00	77.00	76.00	74.00	74.00	75.00	77.00	79.00	80.00	101.00	102.00	97.00	87.00	89.00	100.00	103.00	86.00	78.00	65.00	65.00	70.00	79.00	82.00	84.00	86.00	85.00	87.00	76.00	74.00	74.00	73.00	72.00	68.00	69.00	69.00	67.00	67.00	59.00	56.00	62.00	63.00	66.00	70.00	72.00	74.00	75.00	76.00	71.00	73.00	78.00	83.00	91.00	93.00	93.00	97.00	95.00	92.00	89.00	87.00	88.00	88.00	88.00	88.00	89.00	91.00	93.00	97.00	110.00	111.00	111.00	111.00	107.00	107.00	107.00	108.00	110.00	111.00	108.00	104.00	98.00	92.00	86.00	82.00	81.00	83.00	91.00	91.00	93.00	96.00	100.00	104.00	109.00	106.00	104.00
104.00	103.00	102.00	101.00	103.00	108.00	111.00	115.00	117.00	113.00	116.00	117.00	116.00	115.00	110.00	109.00	107.00	109.00	114.00	115.00	113.00	103.00	106.00	116.00	110.00	104.00	100.00	95.00	95.00	96.00	98.00	103.00	99.00	100.00	100.00	98.00	95.00	94.00	93.00	94.00	100.00	98.00	93.00	91.00	92.00	92.00	98.00	105.00	106.00	105.00	96.00	96.00	100.00	99.00	103.00	102.00	100.00	101.00	104.00	108.00	106.00	105.00	107.00	111.00	109.00	106.00	108.00	111.00	115.00	121.00	126.00	127.00	127.00	128.00	125.00	123.00	123.00	119.00	114.00	110.00	110.00	107.00	108.00	112.00	118.00	124.00	122.00	121.00	119.00	120.00	119.00	120.00	121.00	119.00	112.00	114.00	117.00	119.00	120.00	111.00	111.00	109.00	105.00	107.00	104.00	104.00	103.00	103.00	100.00	100.00	97.00	95.00	92.00	92.00	91.00	88.00	88.00	64.00	59.00	60.00	62.00	78.00	79.00	82.00	84.00	83.00	87.00	90.00	90.00	90.00	92.00	89.00	90.00	89.00	89.00	106.00	123.00	126.00	128.00	140.00	143.00	141.00	141.00	138.00	134.00	129.00	122.00	116.00	108.00	105.00	103.00	98.00	95.00	91.00	92.00	93.00	91.00	84.00	84.00	84.00	83.00	83.00	80.00	77.00	76.00	74.00	74.00	75.00	77.00	79.00	80.00	101.00	102.00	97.00	87.00	89.00	100.00	103.00	86.00	78.00	65.00	65.00	70.00	79.00	82.00	84.00	86.00	85.00	87.00	76.00	74.00	74.00	73.00	72.00	68.00	69.00	69.00	67.00	67.00	59.00	56.00	62.00	63.00	66.00	70.00	72.00	74.00	75.00	76.00	71.00	73.00	78.00	83.00	91.00	93.00	93.00	97.00	95.00	92.00	89.00	87.00	88.00	88.00	88.00	88.00	89.00	91.00	93.00	97.00	110.00	111.00	111.00	111.00	107.00	107.00	107.00	108.00	110.00	111.00	108.00	104.00	98.00	92.00	86.00	82.00	81.00	83.00	91.00	91.00	93.00	96.00	100.00	104.00	109.00	106.00	104.00
98.00	98.00	99.00	97.00	96.00	103.00	106.00	111.00	116.00	114.00	113.00	114.00	112.00	112.00	116.00	117.00	114.00	114.00	114.00	114.00	114.00	106.00	101.00	114.00	120.00	114.00	108.00	98.00	97.00	98.00	98.00	101.00	99.00	99.00	99.00	99.00	97.00	97.00	98.00	99.00	99.00	97.00	94.00	92.00	93.00	92.00	100.00	102.00	105.00	107.00	95.00	95.00	104.00	105.00	105.00	101.00	94.00	94.00	98.00	104.00	106.00	102.00	105.00	111.00	112.00	111.00	112.00	113.00	113.00	116.00	120.00	124.00	125.00	130.00	130.00	131.00	131.00	129.00	126.00	124.00	122.00	117.00	115.00	114.00	115.00	123.00	125.00	126.00	125.00	125.00	126.00	125.00	121.00	118.00	108.00	107.00	106.00	105.00	105.00	102.00	105.00	106.00	107.00	105.00	104.00	103.00	103.00	100.00	97.00	101.00	101.00	98.00	94.00	96.00	94.00	87.00	85.00	83.00	73.00	66.00	65.00	72.00	75.00	74.00	75.00	78.00	98.00	99.00	94.00	93.00	97.00	95.00	95.00	98.00	99.00	113.00	122.00	121.00	125.00	140.00	140.00	139.00	140.00	140.00	134.00	128.00	124.00	123.00	120.00	119.00	114.00	111.00	109.00	103.00	105.00	101.00	96.00	92.00	94.00	96.00	97.00	97.00	89.00	85.00	83.00	81.00	83.00	81.00	84.00	89.00	89.00	102.00	107.00	105.00	101.00	107.00	107.00	105.00	89.00	83.00	72.00	71.00	75.00	88.00	103.00	103.00	101.00	98.00	97.00	88.00	85.00	80.00	75.00	75.00	72.00	69.00	66.00	63.00	61.00	60.00	59.00	61.00	59.00	63.00	66.00	66.00	65.00	64.00	67.00	68.00	68.00	71.00	77.00	85.00	87.00	84.00	84.00	83.00	82.00	81.00	89.00	87.00	87.00	88.00	87.00	85.00	86.00	91.00	96.00	100.00	102.00	104.00	106.00	103.00	103.00	105.00	108.00	107.00	110.00	108.00	105.00	98.00	86.00	84.00	83.00	83.00	84.00	85.00	87.00	90.00	91.00	101.00	105.00	108.00	106.00	105.00
98.00	98.00	99.00	97.00	96.00	103.00	106.00	111.00	116.00	114.00	113.00	114.00	112.00	112.00	116.00	117.00	114.00	114.00	114.00	114.00	114.00	106.00	101.00	114.00	120.00	114.00	108.00	98.00	97.00	98.00	98.00	101.00	99.00	99.00	99.00	99.00	97.00	97.00	98.00	99.00	99.00	97.00	94.00	92.00	93.00	92.00	100.00	102.00	105.00	107.00	95.00	95.00	104.00	105.00	105.00	101.00	94.00	94.00	98.00	104.00	106.00	102.00	105.00	111.00	112.00	111.00	112.00	113.00	113.00	116.00	120.00	124.00	125.00	130.00	130.00	131.00	131.00	129.00	126.00	124.00	122.00	117.00	115.00	114.00	115.00	123.00	125.00	126.00	125.00	125.00	126.00	125.00	121.00	118.00	108.00	107.00	106.00	105.00	105.00	102.00	105.00	106.00	107.00	105.00	104.00	103.00	103.00	100.00	97.00	101.00	101.00	98.00	94.00	96.00	94.00	87.00	85.00	83.00	73.00	66.00	65.00	72.00	75.00	74.00	75.00	78.00	98.00	99.00	94.00	93.00	97.00	95.00	95.00	98.00	99.00	113.00	122.00	121.00	125.00	140.00	140.00	139.00	140.00	140.00	134.00	128.00	124.00	123.00	120.00	119.00	114.00	111.00	109.00	103.00	105.00	101.00	96.00	92.00	94.00	96.00	97.00	97.00	89.00	85.00	83.00	81.00	83.00	81.00	84.00	89.00	89.00	102.00	107.00	105.00	101.00	107.00	107.00	105.00	89.00	83.00	72.00	71.00	75.00	88.00	103.00	103.00	101.00	98.00	97.00	88.00	85.00	80.00	75.00	75.00	72.00	69.00	66.00	63.00	61.00	60.00	59.00	61.00	59.00	63.00	66.00	66.00	65.00	64.00	67.00	68.00	68.00	71.00	77.00	85.00	87.00	84.00	84.00	83.00	82.00	81.00	89.00	87.00	87.00	88.00	87.00	85.00	86.00	91.00	96.00	100.00	102.00	104.00	106.00	103.00	103.00	105.00	108.00	107.00	110.00	108.00	105.00	98.00	86.00	84.00	83.00	83.00	84.00	85.00	87.00	90.00	91.00	101.00	105.00	108.00	106.00	105.00
99.00	99.00	99.00	100.00	97.00	96.00	97.00	104.00	107.00	112.00	113.00	112.00	111.00	111.00	111.00	114.00	115.00	118.00	120.00	120.00	121.00	129.00	119.00	105.00	110.00	116.00	111.00	101.00	99.00	99.00	98.00	98.00	98.00	99.00	98.00	98.00	97.00	96.00	96.00	97.00	99.00	96.00	95.00	94.00	93.00	95.00	98.00	98.00	104.00	108.00	98.00	93.00	104.00	106.00	108.00	100.00	92.00	95.00	96.00	101.00	102.00	101.00	104.00	106.00	109.00	111.00	114.00	113.00	113.00	112.00	115.00	116.00	123.00	124.00	124.00	127.00	132.00	133.00	132.00	132.00	132.00	137.00	135.00	130.00	122.00	117.00	117.00	118.00	119.00	119.00	119.00	120.00	119.00	117.00	106.00	103.00	101.00	102.00	101.00	101.00	103.00	109.00	110.00	100.00	102.00	102.00	101.00	100.00	96.00	99.00	99.00	94.00	97.00	93.00	88.00	86.00	84.00	79.00	73.00	72.00	66.00	74.00	77.00	73.00	74.00	74.00	100.00	101.00	99.00	101.00	102.00	102.00	104.00	103.00	103.00	112.00	117.00	121.00	125.00	131.00	135.00	137.00	134.00	130.00	123.00	121.00	123.00	124.00	129.00	130.00	127.00	122.00	120.00	111.00	110.00	108.00	105.00	104.00	105.00	103.00	102.00	103.00	98.00	96.00	90.00	86.00	87.00	85.00	85.00	87.00	91.00	99.00	97.00	101.00	108.00	109.00	111.00	112.00	100.00	97.00	84.00	82.00	79.00	80.00	89.00	90.00	90.00	86.00	85.00	86.00	93.00	89.00	79.00	75.00	74.00	72.00	68.00	65.00	61.00	64.00	64.00	62.00	57.00	59.00	59.00	60.00	61.00	60.00	61.00	65.00	68.00	70.00	70.00	75.00	75.00	73.00	70.00	73.00	75.00	76.00	77.00	77.00	79.00	79.00	79.00	85.00	90.00	90.00	93.00	91.00	90.00	89.00	88.00	92.00	91.00	92.00	91.00	93.00	94.00	97.00	100.00	96.00	84.00	82.00	81.00	84.00	85.00	83.00	83.00	87.00	91.00	97.00	96.00	99.00	102.00	100.00
101.00	99.00	97.00	97.00	97.00	97.00	98.00	99.00	98.00	108.00	113.00	112.00	111.00	109.00	111.00	115.00	120.00	125.00	131.00	123.00	121.00	134.00	133.00	119.00	110.00	104.00	99.00	102.00	102.00	100.00	99.00	98.00	97.00	97.00	96.00	97.00	96.00	95.00	95.00	96.00	96.00	95.00	93.00	95.00	96.00	98.00	100.00	101.00	105.00	107.00	106.00	104.00	99.00	96.00	104.00	100.00	93.00	98.00	99.00	98.00	99.00	98.00	97.00	108.00	109.00	107.00	106.00	108.00	112.00	111.00	110.00	112.00	117.00	117.00	118.00	121.00	126.00	129.00	130.00	131.00	132.00	134.00	136.00	138.00	136.00	131.00	124.00	116.00	112.00	110.00	106.00	107.00	109.00	111.00	104.00	106.00	104.00	103.00	102.00	101.00	101.00	102.00	104.00	99.00	99.00	100.00	100.00	98.00	95.00	95.00	94.00	92.00	96.00	94.00	93.00	82.00	80.00	77.00	76.00	73.00	65.00	72.00	71.00	72.00	73.00	74.00	96.00	95.00	92.00	93.00	104.00	108.00	110.00	113.00	114.00	111.00	114.00	117.00	120.00	126.00	128.00	126.00	122.00	121.00	123.00	121.00	128.00	132.00	138.00	141.00	140.00	139.00	136.00	130.00	126.00	124.00	119.00	117.00	115.00	113.00	111.00	106.00	103.00	101.00	98.00	95.00	91.00	94.00	93.00	97.00	102.00	106.00	102.00	105.00	110.00	109.00	108.00	105.00	102.00	106.00	105.00	103.00	97.00	90.00	86.00	86.00	86.00	84.00	81.00	84.00	85.00	80.00	75.00	74.00	72.00	72.00	67.00	64.00	64.00	60.00	62.00	60.00	61.00	60.00	62.00	61.00	59.00	60.00	56.00	57.00	60.00	62.00	61.00	62.00	67.00	71.00	74.00	72.00	73.00	74.00	76.00	73.00	74.00	74.00	71.00	73.00	76.00	78.00	82.00	85.00	84.00	83.00	83.00	74.00	72.00	75.00	77.00	78.00	80.00	87.00	92.00	90.00	81.00	78.00	80.00	83.00	84.00	86.00	88.00	91.00	93.00	103.00	98.00	99.00	100.00	100.00
101.00	99.00	97.00	97.00	97.00	97.00	98.00	99.00	98.00	108.00	113.00	112.00	111.00	109.00	111.00	115.00	120.00	125.00	131.00	123.00	121.00	134.00	133.00	119.00	110.00	104.00	99.00	102.00	102.00	100.00	99.00	98.00	97.00	97.00	96.00	97.00	96.00	95.00	95.00	96.00	96.00	95.00	93.00	95.00	96.00	98.00	100.00	101.00	105.00	107.00	106.00	104.00	99.00	96.00	104.00	100.00	93.00	98.00	99.00	98.00	99.00	98.00	97.00	108.00	109.00	107.00	106.00	108.00	112.00	111.00	110.00	112.00	117.00	117.00	118.00	121.00	126.00	129.00	130.00	131.00	132.00	134.00	136.00	138.00	136.00	131.00	124.00	116.00	112.00	110.00	106.00	107.00	109.00	111.00	104.00	106.00	104.00	103.00	102.00	101.00	101.00	102.00	104.00	99.00	99.00	100.00	100.00	98.00	95.00	95.00	94.00	92.00	96.00	94.00	93.00	82.00	80.00	77.00	76.00	73.00	65.00	72.00	71.00	72.00	73.00	74.00	96.00	95.00	92.00	93.00	104.00	108.00	110.00	113.00	114.00	111.00	114.00	117.00	120.00	126.00	128.00	126.00	122.00	121.00	123.00	121.00	128.00	132.00	138.00	141.00	140.00	139.00	136.00	130.00	126.00	124.00	119.00	117.00	115.00	113.00	111.00	106.00	103.00	101.00	98.00	95.00	91.00	94.00	93.00	97.00	102.00	106.00	102.00	105.00	110.00	109.00	108.00	105.00	102.00	106.00	105.00	103.00	97.00	90.00	86.00	86.00	86.00	84.00	81.00	84.00	85.00	80.00	75.00	74.00	72.00	72.00	67.00	64.00	64.00	60.00	62.00	60.00	61.00	60.00	62.00	61.00	59.00	60.00	56.00	57.00	60.00	62.00	61.00	62.00	67.00	71.00	74.00	72.00	73.00	74.00	76.00	73.00	74.00	74.00	71.00	73.00	76.00	78.00	82.00	85.00	84.00	83.00	83.00	74.00	72.00	75.00	77.00	78.00	80.00	87.00	92.00	90.00	81.00	78.00	80.00	83.00	84.00	86.00	88.00	91.00	93.00	103.00	98.00	99.00	100.00	100.00
106.00	103.00	101.00	100.00	100.00	100.00	101.00	104.00	102.00	103.00	109.00	111.00	111.00	109.00	113.00	115.00	117.00	123.00	131.00	123.00	116.00	130.00	135.00	122.00	116.00	109.00	102.00	99.00	99.00	99.00	98.00	99.00	99.00	98.00	97.00	96.00	97.00	99.00	99.00	97.00	97.00	93.00	93.00	94.00	95.00	102.00	105.00	105.00	106.00	103.00	101.00	107.00	105.00	104.00	98.00	94.00	90.00	92.00	95.00	99.00	99.00	98.00	98.00	100.00	105.00	108.00	107.00	107.00	107.00	109.00	109.00	107.00	111.00	114.00	112.00	113.00	115.00	129.00	132.00	130.00	129.00	123.00	126.00	132.00	139.00	145.00	141.00	131.00	127.00	124.00	114.00	108.00	105.00	105.00	109.00	107.00	105.00	103.00	104.00	104.00	104.00	104.00	107.00	103.00	104.00	104.00	101.00	99.00	98.00	97.00	96.00	97.00	97.00	94.00	93.00	88.00	84.00	79.00	76.00	71.00	66.00	68.00	72.00	71.00	73.00	75.00	90.00	92.00	92.00	94.00	103.00	106.00	109.00	111.00	110.00	108.00	109.00	109.00	111.00	116.00	118.00	115.00	114.00	115.00	116.00	118.00	127.00	130.00	134.00	132.00	130.00	133.00	135.00	135.00	134.00	133.00	132.00	129.00	127.00	123.00	120.00	118.00	112.00	107.00	104.00	107.00	105.00	101.00	102.00	106.00	112.00	111.00	104.00	102.00	103.00	101.00	97.00	96.00	103.00	107.00	111.00	112.00	110.00	106.00	106.00	107.00	102.00	97.00	93.00	80.00	77.00	75.00	74.00	73.00	72.00	71.00	72.00	71.00	63.00	62.00	63.00	63.00	66.00	62.00	64.00	62.00	59.00	59.00	56.00	55.00	56.00	62.00	60.00	59.00	63.00	64.00	69.00	65.00	62.00	64.00	78.00	77.00	75.00	70.00	71.00	73.00	73.00	73.00	72.00	73.00	69.00	71.00	76.00	75.00	70.00	67.00	67.00	67.00	68.00	72.00	76.00	81.00	78.00	77.00	78.00	76.00	79.00	91.00	96.00	96.00	93.00	96.00	96.00	96.00	94.00	96.00
106.00	103.00	101.00	100.00	100.00	100.00	101.00	104.00	102.00	103.00	109.00	111.00	111.00	109.00	113.00	115.00	117.00	123.00	131.00	123.00	116.00	130.00	135.00	122.00	116.00	109.00	102.00	99.00	99.00	99.00	98.00	99.00	99.00	98.00	97.00	96.00	97.00	99.00	99.00	97.00	97.00	93.00	93.00	94.00	95.00	102.00	105.00	105.00	106.00	103.00	101.00	107.00	105.00	104.00	98.00	94.00	90.00	92.00	95.00	99.00	99.00	98.00	98.00	100.00	105.00	108.00	107.00	107.00	107.00	109.00	109.00	107.00	111.00	114.00	112.00	113.00	115.00	129.00	132.00	130.00	129.00	123.00	126.00	132.00	139.00	145.00	141.00	131.00	127.00	124.00	114.00	108.00	105.00	105.00	109.00	107.00	105.00	103.00	104.00	104.00	104.00	104.00	107.00	103.00	104.00	104.00	101.00	99.00	98.00	97.00	96.00	97.00	97.00	94.00	93.00	88.00	84.00	79.00	76.00	71.00	66.00	68.00	72.00	71.00	73.00	75.00	90.00	92.00	92.00	94.00	103.00	106.00	109.00	111.00	110.00	108.00	109.00	109.00	111.00	116.00	118.00	115.00	114.00	115.00	116.00	118.00	127.00	130.00	134.00	132.00	130.00	133.00	135.00	135.00	134.00	133.00	132.00	129.00	127.00	123.00	120.00	118.00	112.00	107.00	104.00	107.00	105.00	101.00	102.00	106.00	112.00	111.00	104.00	102.00	103.00	101.00	97.00	96.00	103.00	107.00	111.00	112.00	110.00	106.00	106.00	107.00	102.00	97.00	93.00	80.00	77.00	75.00	74.00	73.00	72.00	71.00	72.00	71.00	63.00	62.00	63.00	63.00	66.00	62.00	64.00	62.00	59.00	59.00	56.00	55.00	56.00	62.00	60.00	59.00	63.00	64.00	69.00	65.00	62.00	64.00	78.00	77.00	75.00	70.00	71.00	73.00	73.00	73.00	72.00	73.00	69.00	71.00	76.00	75.00	70.00	67.00	67.00	67.00	68.00	72.00	76.00	81.00	78.00	77.00	78.00	76.00	79.00	91.00	96.00	96.00	93.00	96.00	96.00	96.00	94.00	96.00
103.00	100.00	101.00	101.00	103.00	103.00	103.00	102.00	102.00	102.00	102.00	102.00	103.00	107.00	112.00	117.00	120.00	122.00	129.00	125.00	120.00	117.00	116.00	120.00	118.00	113.00	108.00	105.00	103.00	102.00	101.00	98.00	96.00	97.00	97.00	97.00	97.00	96.00	98.00	98.00	98.00	93.00	93.00	94.00	96.00	101.00	105.00	106.00	105.00	99.00	94.00	95.00	103.00	102.00	96.00	96.00	95.00	95.00	95.00	97.00	95.00	93.00	97.00	100.00	102.00	103.00	103.00	101.00	101.00	104.00	105.00	107.00	105.00	107.00	109.00	110.00	108.00	113.00	119.00	122.00	124.00	118.00	118.00	122.00	133.00	134.00	137.00	137.00	136.00	134.00	128.00	126.00	123.00	116.00	106.00	105.00	108.00	107.00	107.00	109.00	108.00	107.00	107.00	104.00	105.00	103.00	101.00	101.00	98.00	100.00	103.00	105.00	99.00	97.00	95.00	86.00	86.00	85.00	79.00	71.00	70.00	72.00	70.00	67.00	70.00	73.00	75.00	77.00	80.00	84.00	90.00	94.00	98.00	99.00	98.00	97.00	99.00	100.00	101.00	107.00	110.00	108.00	105.00	109.00	118.00	123.00	127.00	126.00	121.00	126.00	127.00	131.00	132.00	132.00	136.00	139.00	137.00	133.00	131.00	130.00	125.00	123.00	110.00	111.00	114.00	115.00	113.00	112.00	111.00	113.00	116.00	109.00	110.00	111.00	114.00	111.00	108.00	109.00	116.00	118.00	120.00	122.00	122.00	118.00	118.00	114.00	106.00	105.00	101.00	83.00	81.00	78.00	83.00	85.00	83.00	77.00	74.00	73.00	67.00	60.00	57.00	59.00	63.00	61.00	63.00	63.00	59.00	54.00	55.00	58.00	58.00	65.00	63.00	63.00	65.00	64.00	63.00	66.00	67.00	66.00	69.00	69.00	68.00	66.00	67.00	69.00	68.00	69.00	66.00	68.00	68.00	71.00	73.00	71.00	67.00	65.00	61.00	59.00	59.00	60.00	60.00	63.00	74.00	78.00	77.00	73.00	79.00	99.00	103.00	98.00	94.00	94.00	93.00	94.00	93.00	96.00
103.00	100.00	101.00	101.00	103.00	103.00	103.00	102.00	102.00	102.00	102.00	102.00	103.00	107.00	112.00	117.00	120.00	122.00	129.00	125.00	120.00	117.00	116.00	120.00	118.00	113.00	108.00	105.00	103.00	102.00	101.00	98.00	96.00	97.00	97.00	97.00	97.00	96.00	98.00	98.00	98.00	93.00	93.00	94.00	96.00	101.00	105.00	106.00	105.00	99.00	94.00	95.00	103.00	102.00	96.00	96.00	95.00	95.00	95.00	97.00	95.00	93.00	97.00	100.00	102.00	103.00	103.00	101.00	101.00	104.00	105.00	107.00	105.00	107.00	109.00	110.00	108.00	113.00	119.00	122.00	124.00	118.00	118.00	122.00	133.00	134.00	137.00	137.00	136.00	134.00	128.00	126.00	123.00	116.00	106.00	105.00	108.00	107.00	107.00	109.00	108.00	107.00	107.00	104.00	105.00	103.00	101.00	101.00	98.00	100.00	103.00	105.00	99.00	97.00	95.00	86.00	86.00	85.00	79.00	71.00	70.00	72.00	70.00	67.00	70.00	73.00	75.00	77.00	80.00	84.00	90.00	94.00	98.00	99.00	98.00	97.00	99.00	100.00	101.00	107.00	110.00	108.00	105.00	109.00	118.00	123.00	127.00	126.00	121.00	126.00	127.00	131.00	132.00	132.00	136.00	139.00	137.00	133.00	131.00	130.00	125.00	123.00	110.00	111.00	114.00	115.00	113.00	112.00	111.00	113.00	116.00	109.00	110.00	111.00	114.00	111.00	108.00	109.00	116.00	118.00	120.00	122.00	122.00	118.00	118.00	114.00	106.00	105.00	101.00	83.00	81.00	78.00	83.00	85.00	83.00	77.00	74.00	73.00	67.00	60.00	57.00	59.00	63.00	61.00	63.00	63.00	59.00	54.00	55.00	58.00	58.00	65.00	63.00	63.00	65.00	64.00	63.00	66.00	67.00	66.00	69.00	69.00	68.00	66.00	67.00	69.00	68.00	69.00	66.00	68.00	68.00	71.00	73.00	71.00	67.00	65.00	61.00	59.00	59.00	60.00	60.00	63.00	74.00	78.00	77.00	73.00	79.00	99.00	103.00	98.00	94.00	94.00	93.00	94.00	93.00	96.00
95.00	94.00	93.00	95.00	98.00	105.00	106.00	105.00	102.00	98.00	101.00	102.00	105.00	109.00	108.00	109.00	110.00	110.00	112.00	118.00	121.00	120.00	117.00	115.00	114.00	114.00	113.00	110.00	107.00	105.00	104.00	100.00	99.00	98.00	97.00	97.00	96.00	97.00	97.00	97.00	97.00	94.00	95.00	95.00	96.00	97.00	100.00	101.00	101.00	99.00	94.00	93.00	96.00	99.00	101.00	99.00	99.00	97.00	99.00	99.00	96.00	94.00	92.00	103.00	102.00	105.00	109.00	110.00	102.00	101.00	100.00	102.00	100.00	103.00	105.00	106.00	106.00	106.00	105.00	106.00	110.00	115.00	114.00	116.00	122.00	127.00	131.00	131.00	132.00	135.00	135.00	132.00	127.00	124.00	115.00	113.00	113.00	109.00	107.00	108.00	107.00	107.00	110.00	108.00	107.00	107.00	107.00	105.00	99.00	99.00	98.00	98.00	93.00	93.00	94.00	88.00	84.00	83.00	76.00	70.00	80.00	77.00	74.00	75.00	75.00	75.00	77.00	77.00	76.00	77.00	79.00	82.00	85.00	85.00	87.00	88.00	94.00	94.00	94.00	95.00	98.00	100.00	101.00	103.00	115.00	118.00	121.00	122.00	127.00	131.00	131.00	135.00	141.00	150.00	149.00	149.00	145.00	142.00	140.00	135.00	131.00	128.00	119.00	119.00	119.00	122.00	120.00	123.00	124.00	121.00	118.00	115.00	114.00	115.00	120.00	122.00	117.00	115.00	118.00	121.00	125.00	126.00	125.00	120.00	111.00	109.00	105.00	100.00	96.00	86.00	83.00	83.00	87.00	88.00	85.00	83.00	81.00	77.00	70.00	70.00	69.00	67.00	68.00	68.00	67.00	64.00	64.00	60.00	64.00	58.00	60.00	66.00	66.00	67.00	67.00	64.00	63.00	64.00	64.00	64.00	64.00	65.00	67.00	67.00	72.00	72.00	68.00	65.00	64.00	67.00	62.00	62.00	61.00	57.00	56.00	56.00	56.00	56.00	56.00	57.00	57.00	58.00	63.00	68.00	71.00	74.00	78.00	95.00	94.00	97.00	100.00	92.00	90.00	90.00	88.00	87.00
95.00	94.00	93.00	95.00	98.00	105.00	106.00	105.00	102.00	98.00	101.00	102.00	105.00	109.00	108.00	109.00	110.00	110.00	112.00	118.00	121.00	120.00	117.00	115.00	114.00	114.00	113.00	110.00	107.00	105.00	104.00	100.00	99.00	98.00	97.00	97.00	96.00	97.00	97.00	97.00	97.00	94.00	95.00	95.00	96.00	97.00	100.00	101.00	101.00	99.00	94.00	93.00	96.00	99.00	101.00	99.00	99.00	97.00	99.00	99.00	96.00	94.00	92.00	103.00	102.00	105.00	109.00	110.00	102.00	101.00	100.00	102.00	100.00	103.00	105.00	106.00	106.00	106.00	105.00	106.00	110.00	115.00	114.00	116.00	122.00	127.00	131.00	131.00	132.00	135.00	135.00	132.00	127.00	124.00	115.00	113.00	113.00	109.00	107.00	108.00	107.00	107.00	110.00	108.00	107.00	107.00	107.00	105.00	99.00	99.00	98.00	98.00	93.00	93.00	94.00	88.00	84.00	83.00	76.00	70.00	80.00	77.00	74.00	75.00	75.00	75.00	77.00	77.00	76.00	77.00	79.00	82.00	85.00	85.00	87.00	88.00	94.00	94.00	94.00	95.00	98.00	100.00	101.00	103.00	115.00	118.00	121.00	122.00	127.00	131.00	131.00	135.00	141.00	150.00	149.00	149.00	145.00	142.00	140.00	135.00	131.00	128.00	119.00	119.00	119.00	122.00	120.00	123.00	124.00	121.00	118.00	115.00	114.00	115.00	120.00	122.00	117.00	115.00	118.00	121.00	125.00	126.00	125.00	120.00	111.00	109.00	105.00	100.00	96.00	86.00	83.00	83.00	87.00	88.00	85.00	83.00	81.00	77.00	70.00	70.00	69.00	67.00	68.00	68.00	67.00	64.00	64.00	60.00	64.00	58.00	60.00	66.00	66.00	67.00	67.00	64.00	63.00	64.00	64.00	64.00	64.00	65.00	67.00	67.00	72.00	72.00	68.00	65.00	64.00	67.00	62.00	62.00	61.00	57.00	56.00	56.00	56.00	56.00	56.00	57.00	57.00	58.00	63.00	68.00	71.00	74.00	78.00	95.00	94.00	97.00	100.00	92.00	90.00	90.00	88.00	87.00
98.00	97.00	98.00	98.00	97.00	96.00	98.00	94.00	92.00	95.00	97.00	102.00	105.00	105.00	107.00	106.00	105.00	104.00	107.00	112.00	119.00	127.00	121.00	112.00	113.00	112.00	111.00	110.00	108.00	107.00	105.00	103.00	99.00	98.00	98.00	98.00	96.00	97.00	95.00	94.00	91.00	90.00	91.00	92.00	93.00	94.00	95.00	100.00	106.00	104.00	99.00	99.00	99.00	98.00	91.00	94.00	94.00	91.00	93.00	102.00	100.00	99.00	100.00	96.00	95.00	98.00	102.00	102.00	104.00	103.00	101.00	100.00	102.00	99.00	100.00	101.00	101.00	104.00	106.00	108.00	107.00	106.00	108.00	110.00	113.00	115.00	121.00	125.00	128.00	131.00	134.00	136.00	137.00	136.00	127.00	124.00	123.00	121.00	122.00	120.00	114.00	112.00	113.00	109.00	111.00	111.00	110.00	113.00	110.00	108.00	107.00	103.00	92.00	91.00	89.00	83.00	82.00	79.00	71.00	68.00	72.00	76.00	75.00	74.00	74.00	77.00	75.00	75.00	71.00	74.00	85.00	88.00	88.00	85.00	84.00	85.00	93.00	94.00	93.00	91.00	91.00	94.00	97.00	99.00	117.00	121.00	124.00	125.00	134.00	137.00	136.00	136.00	142.00	153.00	157.00	156.00	157.00	166.00	162.00	153.00	145.00	143.00	131.00	127.00	126.00	128.00	126.00	126.00	132.00	132.00	128.00	125.00	124.00	123.00	122.00	121.00	123.00	124.00	125.00	124.00	124.00	122.00	122.00	121.00	111.00	105.00	102.00	100.00	97.00	88.00	86.00	87.00	88.00	84.00	82.00	84.00	84.00	82.00	76.00	72.00	70.00	69.00	69.00	70.00	68.00	67.00	69.00	69.00	69.00	60.00	60.00	62.00	64.00	66.00	65.00	61.00	60.00	61.00	62.00	64.00	59.00	59.00	58.00	58.00	61.00	64.00	62.00	58.00	57.00	58.00	63.00	66.00	69.00	70.00	66.00	64.00	64.00	65.00	68.00	64.00	61.00	57.00	58.00	62.00	65.00	73.00	74.00	75.00	77.00	81.00	82.00	87.00	89.00	90.00	88.00	82.00
95.00	98.00	100.00	100.00	101.00	100.00	97.00	97.00	97.00	97.00	96.00	96.00	95.00	95.00	99.00	102.00	104.00	105.00	104.00	107.00	110.00	128.00	130.00	115.00	109.00	105.00	105.00	106.00	106.00	105.00	104.00	102.00	102.00	102.00	102.00	101.00	98.00	99.00	97.00	95.00	95.00	92.00	89.00	88.00	91.00	93.00	89.00	90.00	96.00	98.00	99.00	102.00	101.00	95.00	97.00	100.00	102.00	97.00	93.00	100.00	102.00	101.00	103.00	100.00	98.00	98.00	96.00	93.00	94.00	98.00	97.00	97.00	97.00	99.00	99.00	98.00	99.00	98.00	101.00	103.00	103.00	98.00	101.00	106.00	105.00	108.00	111.00	114.00	116.00	120.00	130.00	134.00	134.00	135.00	139.00	134.00	129.00	126.00	126.00	128.00	123.00	120.00	117.00	113.00	113.00	111.00	109.00	111.00	109.00	110.00	108.00	108.00	100.00	99.00	91.00	81.00	83.00	72.00	71.00	73.00	73.00	74.00	74.00	77.00	81.00	80.00	78.00	80.00	78.00	77.00	81.00	82.00	80.00	76.00	79.00	86.00	92.00	94.00	92.00	96.00	94.00	95.00	99.00	104.00	125.00	130.00	133.00	132.00	132.00	132.00	135.00	138.00	140.00	142.00	148.00	153.00	157.00	167.00	169.00	158.00	155.00	159.00	145.00	140.00	135.00	135.00	135.00	133.00	132.00	129.00	126.00	130.00	131.00	127.00	126.00	125.00	129.00	133.00	136.00	136.00	133.00	132.00	129.00	124.00	113.00	111.00	107.00	106.00	105.00	92.00	93.00	94.00	93.00	93.00	88.00	89.00	91.00	88.00	83.00	82.00	84.00	84.00	80.00	80.00	80.00	77.00	75.00	73.00	72.00	69.00	64.00	67.00	66.00	68.00	70.00	69.00	61.00	57.00	58.00	57.00	53.00	52.00	55.00	58.00	57.00	59.00	61.00	61.00	62.00	70.00	81.00	88.00	93.00	94.00	85.00	79.00	82.00	86.00	87.00	77.00	65.00	56.00	58.00	60.00	63.00	65.00	65.00	68.00	71.00	72.00	70.00	79.00	88.00	90.00	89.00	88.00
95.00	98.00	100.00	100.00	101.00	100.00	97.00	97.00	97.00	97.00	96.00	96.00	95.00	95.00	99.00	102.00	104.00	105.00	104.00	107.00	110.00	128.00	130.00	115.00	109.00	105.00	105.00	106.00	106.00	105.00	104.00	102.00	102.00	102.00	102.00	101.00	98.00	99.00	97.00	95.00	95.00	92.00	89.00	88.00	91.00	93.00	89.00	90.00	96.00	98.00	99.00	102.00	101.00	95.00	97.00	100.00	102.00	97.00	93.00	100.00	102.00	101.00	103.00	100.00	98.00	98.00	96.00	93.00	94.00	98.00	97.00	97.00	97.00	99.00	99.00	98.00	99.00	98.00	101.00	103.00	103.00	98.00	101.00	106.00	105.00	108.00	111.00	114.00	116.00	120.00	130.00	134.00	134.00	135.00	139.00	134.00	129.00	126.00	126.00	128.00	123.00	120.00	117.00	113.00	113.00	111.00	109.00	111.00	109.00	110.00	108.00	108.00	100.00	99.00	91.00	81.00	83.00	72.00	71.00	73.00	73.00	74.00	74.00	77.00	81.00	80.00	78.00	80.00	78.00	77.00	81.00	82.00	80.00	76.00	79.00	86.00	92.00	94.00	92.00	96.00	94.00	95.00	99.00	104.00	125.00	130.00	133.00	132.00	132.00	132.00	135.00	138.00	140.00	142.00	148.00	153.00	157.00	167.00	169.00	158.00	155.00	159.00	145.00	140.00	135.00	135.00	135.00	133.00	132.00	129.00	126.00	130.00	131.00	127.00	126.00	125.00	129.00	133.00	136.00	136.00	133.00	132.00	129.00	124.00	113.00	111.00	107.00	106.00	105.00	92.00	93.00	94.00	93.00	93.00	88.00	89.00	91.00	88.00	83.00	82.00	84.00	84.00	80.00	80.00	80.00	77.00	75.00	73.00	72.00	69.00	64.00	67.00	66.00	68.00	70.00	69.00	61.00	57.00	58.00	57.00	53.00	52.00	55.00	58.00	57.00	59.00	61.00	61.00	62.00	70.00	81.00	88.00	93.00	94.00	85.00	79.00	82.00	86.00	87.00	77.00	65.00	56.00	58.00	60.00	63.00	65.00	65.00	68.00	71.00	72.00	70.00	79.00	88.00	90.00	89.00	88.00
99.00	99.00	99.00	96.00	95.00	94.00	97.00	99.00	100.00	102.00	103.00	103.00	102.00	102.00	98.00	100.00	101.00	104.00	108.00	108.00	105.00	108.00	112.00	112.00	110.00	108.00	108.00	108.00	108.00	107.00	106.00	104.00	99.00	98.00	99.00	98.00	96.00	94.00	93.00	94.00	94.00	90.00	90.00	92.00	93.00	93.00	96.00	96.00	100.00	104.00	101.00	98.00	95.00	96.00	100.00	104.00	106.00	101.00	98.00	99.00	100.00	100.00	103.00	101.00	100.00	97.00	95.00	94.00	92.00	95.00	95.00	94.00	95.00	94.00	95.00	94.00	95.00	94.00	95.00	96.00	101.00	93.00	94.00	98.00	100.00	104.00	108.00	108.00	110.00	113.00	121.00	124.00	124.00	124.00	132.00	129.00	131.00	133.00	130.00	129.00	127.00	123.00	118.00	110.00	112.00	114.00	112.00	110.00	106.00	107.00	107.00	105.00	100.00	98.00	93.00	87.00	82.00	71.00	72.00	77.00	78.00	79.00	79.00	79.00	83.00	86.00	81.00	79.00	81.00	86.00	77.00	76.00	78.00	78.00	82.00	88.00	92.00	91.00	91.00	94.00	96.00	99.00	102.00	105.00	114.00	119.00	127.00	130.00	125.00	124.00	130.00	138.00	141.00	143.00	148.00	149.00	154.00	158.00	158.00	154.00	158.00	159.00	152.00	150.00	148.00	147.00	140.00	141.00	137.00	136.00	134.00	131.00	128.00	126.00	124.00	127.00	132.00	135.00	137.00	136.00	132.00	131.00	131.00	129.00	119.00	117.00	115.00	115.00	112.00	101.00	100.00	100.00	101.00	103.00	103.00	103.00	100.00	96.00	92.00	96.00	99.00	99.00	94.00	95.00	95.00	90.00	86.00	80.00	77.00	76.00	75.00	78.00	80.00	85.00	89.00	88.00	78.00	70.00	67.00	65.00	62.00	64.00	69.00	71.00	74.00	77.00	78.00	81.00	81.00	89.00	99.00	99.00	101.00	107.00	102.00	98.00	99.00	100.00	89.00	82.00	71.00	62.00	59.00	59.00	61.00	63.00	65.00	72.00	69.00	65.00	64.00	73.00	80.00	84.00	86.00	83.00
93.00	96.00	97.00	97.00	96.00	93.00	92.00	93.00	95.00	97.00	100.00	102.00	102.00	100.00	102.00	103.00	105.00	103.00	105.00	105.00	102.00	99.00	99.00	98.00	101.00	105.00	110.00	112.00	109.00	106.00	105.00	102.00	102.00	100.00	99.00	97.00	92.00	91.00	89.00	88.00	89.00	92.00	93.00	94.00	94.00	90.00	88.00	89.00	93.00	98.00	101.00	101.00	93.00	99.00	104.00	107.00	105.00	98.00	95.00	94.00	99.00	102.00	102.00	98.00	96.00	92.00	94.00	96.00	94.00	96.00	95.00	93.00	96.00	93.00	94.00	94.00	94.00	96.00	94.00	98.00	102.00	91.00	93.00	94.00	92.00	102.00	107.00	107.00	106.00	108.00	122.00	125.00	125.00	126.00	126.00	128.00	132.00	134.00	133.00	124.00	123.00	122.00	117.00	110.00	112.00	113.00	113.00	110.00	101.00	103.00	102.00	99.00	98.00	96.00	92.00	86.00	81.00	74.00	71.00	73.00	74.00	82.00	85.00	85.00	84.00	87.00	73.00	76.00	84.00	88.00	81.00	77.00	79.00	83.00	85.00	88.00	89.00	92.00	93.00	99.00	102.00	104.00	107.00	110.00	112.00	112.00	120.00	120.00	126.00	130.00	132.00	134.00	135.00	145.00	148.00	150.00	152.00	152.00	152.00	155.00	155.00	154.00	148.00	148.00	149.00	149.00	148.00	145.00	142.00	140.00	136.00	131.00	130.00	131.00	130.00	135.00	141.00	146.00	143.00	142.00	133.00	131.00	130.00	127.00	124.00	123.00	121.00	121.00	118.00	112.00	111.00	111.00	114.00	114.00	109.00	105.00	106.00	105.00	99.00	106.00	108.00	112.00	111.00	110.00	110.00	107.00	105.00	98.00	93.00	86.00	86.00	81.00	82.00	90.00	101.00	106.00	107.00	103.00	99.00	95.00	86.00	86.00	85.00	83.00	84.00	87.00	89.00	91.00	92.00	97.00	96.00	94.00	97.00	100.00	99.00	99.00	99.00	96.00	88.00	82.00	75.00	64.00	61.00	58.00	57.00	58.00	59.00	62.00	62.00	62.00	60.00	65.00	66.00	67.00	69.00	68.00
93.00	96.00	97.00	97.00	96.00	93.00	92.00	93.00	95.00	97.00	100.00	102.00	102.00	100.00	102.00	103.00	105.00	103.00	105.00	105.00	102.00	99.00	99.00	98.00	101.00	105.00	110.00	112.00	109.00	106.00	105.00	102.00	102.00	100.00	99.00	97.00	92.00	91.00	89.00	88.00	89.00	92.00	93.00	94.00	94.00	90.00	88.00	89.00	93.00	98.00	101.00	101.00	93.00	99.00	104.00	107.00	105.00	98.00	95.00	94.00	99.00	102.00	102.00	98.00	96.00	92.00	94.00	96.00	94.00	96.00	95.00	93.00	96.00	93.00	94.00	94.00	94.00	96.00	94.00	98.00	102.00	91.00	93.00	94.00	92.00	102.00	107.00	107.00	106.00	108.00	122.00	125.00	125.00	126.00	126.00	128.00	132.00	134.00	133.00	124.00	123.00	122.00	117.00	110.00	112.00	113.00	113.00	110.00	101.00	103.00	102.00	99.00	98.00	96.00	92.00	86.00	81.00	74.00	71.00	73.00	74.00	82.00	85.00	85.00	84.00	87.00	73.00	76.00	84.00	88.00	81.00	77.00	79.00	83.00	85.00	88.00	89.00	92.00	93.00	99.00	102.00	104.00	107.00	110.00	112.00	112.00	120.00	120.00	126.00	130.00	132.00	134.00	135.00	145.00	148.00	150.00	152.00	152.00	152.00	155.00	155.00	154.00	148.00	148.00	149.00	149.00	148.00	145.00	142.00	140.00	136.00	131.00	130.00	131.00	130.00	135.00	141.00	146.00	143.00	142.00	133.00	131.00	130.00	127.00	124.00	123.00	121.00	121.00	118.00	112.00	111.00	111.00	114.00	114.00	109.00	105.00	106.00	105.00	99.00	106.00	108.00	112.00	111.00	110.00	110.00	107.00	105.00	98.00	93.00	86.00	86.00	81.00	82.00	90.00	101.00	106.00	107.00	103.00	99.00	95.00	86.00	86.00	85.00	83.00	84.00	87.00	89.00	91.00	92.00	97.00	96.00	94.00	97.00	100.00	99.00	99.00	99.00	96.00	88.00	82.00	75.00	64.00	61.00	58.00	57.00	58.00	59.00	62.00	62.00	62.00	60.00	65.00	66.00	67.00	69.00	68.00
93.00	96.00	97.00	97.00	96.00	93.00	92.00	93.00	95.00	97.00	100.00	102.00	102.00	100.00	102.00	103.00	105.00	103.00	105.00	105.00	102.00	99.00	99.00	98.00	101.00	105.00	110.00	112.00	109.00	106.00	105.00	102.00	102.00	100.00	99.00	97.00	92.00	91.00	89.00	88.00	89.00	92.00	93.00	94.00	94.00	90.00	88.00	89.00	93.00	98.00	101.00	101.00	93.00	99.00	104.00	107.00	105.00	98.00	95.00	94.00	99.00	102.00	102.00	98.00	96.00	92.00	94.00	96.00	94.00	96.00	95.00	93.00	96.00	93.00	94.00	94.00	94.00	96.00	94.00	98.00	102.00	91.00	93.00	94.00	92.00	102.00	107.00	107.00	106.00	108.00	122.00	125.00	125.00	126.00	126.00	128.00	132.00	134.00	133.00	124.00	123.00	122.00	117.00	110.00	112.00	113.00	113.00	110.00	101.00	103.00	102.00	99.00	98.00	96.00	92.00	86.00	81.00	74.00	71.00	73.00	74.00	82.00	85.00	85.00	84.00	87.00	73.00	76.00	84.00	88.00	81.00	77.00	79.00	83.00	85.00	88.00	89.00	92.00	93.00	99.00	102.00	104.00	107.00	110.00	112.00	112.00	120.00	120.00	126.00	130.00	132.00	134.00	135.00	145.00	148.00	150.00	152.00	152.00	152.00	155.00	155.00	154.00	148.00	148.00	149.00	149.00	148.00	145.00	142.00	140.00	136.00	131.00	130.00	131.00	130.00	135.00	141.00	146.00	143.00	142.00	133.00	131.00	130.00	127.00	124.00	123.00	121.00	121.00	118.00	112.00	111.00	111.00	114.00	114.00	109.00	105.00	106.00	105.00	99.00	106.00	108.00	112.00	111.00	110.00	110.00	107.00	105.00	98.00	93.00	86.00	86.00	81.00	82.00	90.00	101.00	106.00	107.00	103.00	99.00	95.00	86.00	86.00	85.00	83.00	84.00	87.00	89.00	91.00	92.00	97.00	96.00	94.00	97.00	100.00	99.00	99.00	99.00	96.00	88.00	82.00	75.00	64.00	61.00	58.00	57.00	58.00	59.00	62.00	62.00	62.00	60.00	65.00	66.00	67.00	69.00	68.00
89.00	88.00	88.00	90.00	91.00	91.00	91.00	91.00	92.00	94.00	98.00	104.00	103.00	102.00	102.00	105.00	106.00	107.00	102.00	101.00	100.00	101.00	100.00	102.00	101.00	100.00	100.00	108.00	103.00	99.00	96.00	98.00	98.00	99.00	98.00	98.00	96.00	96.00	94.00	92.00	91.00	93.00	95.00	96.00	97.00	97.00	97.00	97.00	96.00	94.00	95.00	98.00	98.00	98.00	101.00	102.00	101.00	98.00	98.00	97.00	95.00	95.00	95.00	94.00	94.00	92.00	92.00	92.00	100.00	100.00	96.00	93.00	95.00	96.00	94.00	92.00	95.00	98.00	96.00	97.00	98.00	95.00	97.00	93.00	87.00	87.00	93.00	99.00	108.00	113.00	119.00	123.00	123.00	124.00	124.00	129.00	131.00	130.00	127.00	123.00	121.00	118.00	114.00	108.00	108.00	107.00	107.00	106.00	100.00	97.00	91.00	86.00	91.00	92.00	92.00	85.00	81.00	77.00	73.00	73.00	76.00	78.00	79.00	82.00	79.00	78.00	74.00	75.00	80.00	85.00	85.00	83.00	82.00	85.00	88.00	94.00	94.00	95.00	93.00	104.00	111.00	117.00	121.00	122.00	121.00	120.00	125.00	125.00	125.00	127.00	128.00	128.00	131.00	136.00	135.00	138.00	143.00	152.00	150.00	150.00	150.00	152.00	150.00	150.00	148.00	146.00	141.00	143.00	144.00	142.00	136.00	131.00	129.00	129.00	132.00	138.00	142.00	144.00	139.00	136.00	128.00	127.00	125.00	123.00	119.00	118.00	115.00	113.00	113.00	114.00	114.00	116.00	120.00	114.00	106.00	106.00	109.00	115.00	112.00	110.00	110.00	112.00	115.00	116.00	112.00	111.00	110.00	103.00	98.00	94.00	93.00	89.00	87.00	87.00	90.00	96.00	102.00	101.00	104.00	104.00	92.00	91.00	89.00	87.00	83.00	82.00	82.00	83.00	86.00	97.00	90.00	88.00	89.00	90.00	90.00	90.00	91.00	87.00	79.00	81.00	78.00	70.00	67.00	61.00	56.00	54.00	55.00	56.00	58.00	59.00	60.00	58.00	58.00	55.00	54.00	55.00
92.00	91.00	89.00	89.00	88.00	89.00	90.00	89.00	91.00	91.00	92.00	96.00	99.00	100.00	101.00	102.00	102.00	102.00	104.00	103.00	103.00	104.00	104.00	105.00	108.00	108.00	107.00	105.00	103.00	102.00	101.00	99.00	98.00	99.00	97.00	97.00	96.00	95.00	95.00	96.00	96.00	96.00	97.00	98.00	98.00	103.00	107.00	106.00	107.00	103.00	99.00	97.00	98.00	96.00	96.00	96.00	94.00	94.00	96.00	101.00	98.00	97.00	96.00	95.00	94.00	92.00	93.00	95.00	97.00	94.00	92.00	92.00	90.00	90.00	92.00	90.00	89.00	93.00	91.00	89.00	92.00	94.00	96.00	92.00	83.00	90.00	93.00	92.00	94.00	101.00	112.00	114.00	116.00	114.00	118.00	123.00	127.00	128.00	126.00	122.00	121.00	114.00	107.00	108.00	107.00	106.00	104.00	102.00	99.00	94.00	87.00	82.00	80.00	78.00	80.00	81.00	80.00	78.00	77.00	75.00	76.00	77.00	79.00	82.00	80.00	79.00	80.00	81.00	82.00	81.00	81.00	85.00	90.00	90.00	90.00	90.00	94.00	98.00	98.00	103.00	105.00	113.00	121.00	124.00	123.00	126.00	127.00	128.00	127.00	129.00	131.00	131.00	132.00	136.00	138.00	139.00	144.00	148.00	147.00	146.00	146.00	151.00	151.00	154.00	152.00	149.00	147.00	144.00	143.00	143.00	140.00	134.00	134.00	130.00	131.00	135.00	137.00	138.00	138.00	134.00	131.00	125.00	123.00	124.00	125.00	121.00	117.00	114.00	116.00	117.00	118.00	119.00	121.00	119.00	118.00	115.00	113.00	114.00	114.00	115.00	115.00	114.00	112.00	113.00	114.00	112.00	111.00	107.00	99.00	95.00	93.00	89.00	90.00	89.00	90.00	92.00	90.00	86.00	89.00	95.00	94.00	94.00	90.00	84.00	87.00	87.00	86.00	81.00	81.00	91.00	85.00	85.00	86.00	89.00	88.00	85.00	83.00	79.00	73.00	74.00	72.00	71.00	68.00	65.00	61.00	57.00	55.00	53.00	56.00	58.00	57.00	58.00	59.00	55.00	52.00	52.00
92.00	91.00	89.00	89.00	88.00	89.00	90.00	89.00	91.00	91.00	92.00	96.00	99.00	100.00	101.00	102.00	102.00	102.00	104.00	103.00	103.00	104.00	104.00	105.00	108.00	108.00	107.00	105.00	103.00	102.00	101.00	99.00	98.00	99.00	97.00	97.00	96.00	95.00	95.00	96.00	96.00	96.00	97.00	98.00	98.00	103.00	107.00	106.00	107.00	103.00	99.00	97.00	98.00	96.00	96.00	96.00	94.00	94.00	96.00	101.00	98.00	97.00	96.00	95.00	94.00	92.00	93.00	95.00	97.00	94.00	92.00	92.00	90.00	90.00	92.00	90.00	89.00	93.00	91.00	89.00	92.00	94.00	96.00	92.00	83.00	90.00	93.00	92.00	94.00	101.00	112.00	114.00	116.00	114.00	118.00	123.00	127.00	128.00	126.00	122.00	121.00	114.00	107.00	108.00	107.00	106.00	104.00	102.00	99.00	94.00	87.00	82.00	80.00	78.00	80.00	81.00	80.00	78.00	77.00	75.00	76.00	77.00	79.00	82.00	80.00	79.00	80.00	81.00	82.00	81.00	81.00	85.00	90.00	90.00	90.00	90.00	94.00	98.00	98.00	103.00	105.00	113.00	121.00	124.00	123.00	126.00	127.00	128.00	127.00	129.00	131.00	131.00	132.00	136.00	138.00	139.00	144.00	148.00	147.00	146.00	146.00	151.00	151.00	154.00	152.00	149.00	147.00	144.00	143.00	143.00	140.00	134.00	134.00	130.00	131.00	135.00	137.00	138.00	138.00	134.00	131.00	125.00	123.00	124.00	125.00	121.00	117.00	114.00	116.00	117.00	118.00	119.00	121.00	119.00	118.00	115.00	113.00	114.00	114.00	115.00	115.00	114.00	112.00	113.00	114.00	112.00	111.00	107.00	99.00	95.00	93.00	89.00	90.00	89.00	90.00	92.00	90.00	86.00	89.00	95.00	94.00	94.00	90.00	84.00	87.00	87.00	86.00	81.00	81.00	91.00	85.00	85.00	86.00	89.00	88.00	85.00	83.00	79.00	73.00	74.00	72.00	71.00	68.00	65.00	61.00	57.00	55.00	53.00	56.00	58.00	57.00	58.00	59.00	55.00	52.00	52.00
92.00	92.00	91.00	93.00	93.00	93.00	92.00	92.00	90.00	87.00	91.00	95.00	98.00	101.00	105.00	106.00	106.00	105.00	103.00	104.00	104.00	106.00	107.00	109.00	110.00	109.00	108.00	103.00	100.00	101.00	102.00	104.00	106.00	105.00	102.00	101.00	99.00	98.00	97.00	99.00	101.00	100.00	99.00	98.00	98.00	101.00	101.00	101.00	104.00	102.00	91.00	91.00	92.00	90.00	92.00	94.00	94.00	93.00	93.00	94.00	96.00	96.00	96.00	97.00	96.00	96.00	97.00	95.00	94.00	90.00	86.00	89.00	88.00	88.00	89.00	90.00	88.00	87.00	89.00	93.00	95.00	95.00	96.00	94.00	88.00	93.00	96.00	92.00	89.00	91.00	99.00	102.00	109.00	111.00	107.00	111.00	115.00	118.00	122.00	126.00	122.00	116.00	109.00	105.00	101.00	102.00	100.00	98.00	96.00	93.00	88.00	85.00	82.00	80.00	81.00	72.00	72.00	78.00	79.00	82.00	83.00	75.00	74.00	74.00	75.00	75.00	82.00	77.00	74.00	76.00	80.00	84.00	89.00	93.00	99.00	97.00	97.00	99.00	100.00	106.00	109.00	112.00	115.00	117.00	120.00	125.00	126.00	126.00	129.00	128.00	125.00	125.00	130.00	139.00	140.00	140.00	143.00	146.00	148.00	146.00	145.00	146.00	148.00	152.00	152.00	149.00	148.00	144.00	143.00	144.00	141.00	133.00	132.00	133.00	135.00	135.00	137.00	138.00	140.00	140.00	143.00	136.00	130.00	130.00	132.00	129.00	125.00	126.00	123.00	127.00	125.00	124.00	124.00	119.00	117.00	116.00	117.00	117.00	120.00	118.00	117.00	116.00	118.00	119.00	119.00	118.00	119.00	115.00	107.00	97.00	97.00	98.00	99.00	97.00	99.00	100.00	97.00	92.00	92.00	93.00	95.00	95.00	92.00	90.00	90.00	95.00	93.00	87.00	84.00	87.00	82.00	81.00	78.00	77.00	76.00	73.00	73.00	74.00	70.00	69.00	71.00	70.00	71.00	71.00	71.00	68.00	62.00	51.00	54.00	59.00	61.00	61.00	57.00	56.00	53.00	51.00
92.00	92.00	91.00	93.00	93.00	93.00	92.00	92.00	90.00	87.00	91.00	95.00	98.00	101.00	105.00	106.00	106.00	105.00	103.00	104.00	104.00	106.00	107.00	109.00	110.00	109.00	108.00	103.00	100.00	101.00	102.00	104.00	106.00	105.00	102.00	101.00	99.00	98.00	97.00	99.00	101.00	100.00	99.00	98.00	98.00	101.00	101.00	101.00	104.00	102.00	91.00	91.00	92.00	90.00	92.00	94.00	94.00	93.00	93.00	94.00	96.00	96.00	96.00	97.00	96.00	96.00	97.00	95.00	94.00	90.00	86.00	89.00	88.00	88.00	89.00	90.00	88.00	87.00	89.00	93.00	95.00	95.00	96.00	94.00	88.00	93.00	96.00	92.00	89.00	91.00	99.00	102.00	109.00	111.00	107.00	111.00	115.00	118.00	122.00	126.00	122.00	116.00	109.00	105.00	101.00	102.00	100.00	98.00	96.00	93.00	88.00	85.00	82.00	80.00	81.00	72.00	72.00	78.00	79.00	82.00	83.00	75.00	74.00	74.00	75.00	75.00	82.00	77.00	74.00	76.00	80.00	84.00	89.00	93.00	99.00	97.00	97.00	99.00	100.00	106.00	109.00	112.00	115.00	117.00	120.00	125.00	126.00	126.00	129.00	128.00	125.00	125.00	130.00	139.00	140.00	140.00	143.00	146.00	148.00	146.00	145.00	146.00	148.00	152.00	152.00	149.00	148.00	144.00	143.00	144.00	141.00	133.00	132.00	133.00	135.00	135.00	137.00	138.00	140.00	140.00	143.00	136.00	130.00	130.00	132.00	129.00	125.00	126.00	123.00	127.00	125.00	124.00	124.00	119.00	117.00	116.00	117.00	117.00	120.00	118.00	117.00	116.00	118.00	119.00	119.00	118.00	119.00	115.00	107.00	97.00	97.00	98.00	99.00	97.00	99.00	100.00	97.00	92.00	92.00	93.00	95.00	95.00	92.00	90.00	90.00	95.00	93.00	87.00	84.00	87.00	82.00	81.00	78.00	77.00	76.00	73.00	73.00	74.00	70.00	69.00	71.00	70.00	71.00	71.00	71.00	68.00	62.00	51.00	54.00	59.00	61.00	61.00	57.00	56.00	53.00	51.00
96.00	93.00	92.00	94.00	94.00	95.00	94.00	95.00	96.00	91.00	101.00	103.00	102.00	105.00	106.00	111.00	106.00	106.00	105.00	106.00	106.00	107.00	114.00	105.00	106.00	109.00	110.00	115.00	113.00	114.00	112.00	106.00	111.00	113.00	114.00	113.00	111.00	106.00	103.00	103.00	101.00	113.00	109.00	100.00	102.00	100.00	102.00	107.00	115.00	117.00	100.00	98.00	88.00	89.00	87.00	89.00	93.00	93.00	96.00	90.00	91.00	91.00	90.00	100.00	98.00	107.00	109.00	101.00	92.00	87.00	83.00	78.00	77.00	91.00	93.00	96.00	100.00	84.00	79.00	87.00	91.00	86.00	83.00	88.00	77.00	85.00	87.00	86.00	82.00	81.00	88.00	93.00	101.00	104.00	103.00	102.00	97.00	91.00	109.00	138.00	131.00	133.00	125.00	111.00	113.00	111.00	100.00	94.00	96.00	93.00	89.00	85.00	83.00	85.00	88.00	85.00	79.00	72.00	67.00	65.00	73.00	66.00	72.00	74.00	75.00	74.00	84.00	82.00	77.00	79.00	89.00	96.00	96.00	101.00	107.00	101.00	96.00	98.00	100.00	102.00	104.00	110.00	106.00	102.00	104.00	108.00	128.00	129.00	134.00	125.00	114.00	110.00	118.00	145.00	137.00	143.00	145.00	149.00	144.00	143.00	148.00	147.00	151.00	147.00	150.00	152.00	143.00	139.00	145.00	147.00	134.00	133.00	132.00	134.00	134.00	144.00	146.00	150.00	149.00	150.00	147.00	142.00	136.00	132.00	123.00	128.00	131.00	131.00	124.00	127.00	122.00	118.00	118.00	118.00	120.00	118.00	110.00	112.00	123.00	127.00	125.00	122.00	119.00	135.00	131.00	124.00	124.00	122.00	117.00	103.00	107.00	103.00	106.00	98.00	101.00	104.00	96.00	96.00	94.00	91.00	93.00	93.00	97.00	98.00	86.00	85.00	84.00	78.00	75.00	84.00	88.00	85.00	73.00	66.00	67.00	71.00	79.00	84.00	76.00	70.00	73.00	75.00	63.00	53.00	56.00	62.00	58.00	61.00	55.00	57.00	55.00	55.00	62.00	65.00	58.00	50.00
102.00	102.00	102.00	102.00	100.00	101.00	103.00	105.00	104.00	109.00	115.00	117.00	113.00	111.00	116.00	115.00	114.00	115.00	114.00	112.00	112.00	115.00	117.00	119.00	122.00	120.00	117.00	116.00	119.00	122.00	122.00	123.00	113.00	109.00	110.00	115.00	117.00	115.00	113.00	111.00	113.00	104.00	102.00	104.00	106.00	105.00	105.00	110.00	119.00	121.00	113.00	108.00	99.00	96.00	90.00	84.00	80.00	83.00	88.00	94.00	97.00	97.00	95.00	107.00	108.00	112.00	114.00	116.00	109.00	96.00	85.00	83.00	83.00	85.00	86.00	90.00	88.00	87.00	87.00	87.00	80.00	75.00	78.00	84.00	91.00	84.00	79.00	79.00	83.00	87.00	84.00	84.00	88.00	95.00	89.00	96.00	99.00	100.00	105.00	131.00	135.00	133.00	127.00	121.00	128.00	128.00	125.00	115.00	96.00	92.00	90.00	87.00	86.00	83.00	85.00	88.00	92.00	76.00	72.00	74.00	77.00	82.00	83.00	80.00	80.00	82.00	84.00	79.00	78.00	82.00	99.00	106.00	114.00	117.00	121.00	111.00	98.00	98.00	101.00	110.00	112.00	111.00	115.00	118.00	121.00	122.00	133.00	136.00	137.00	133.00	132.00	128.00	127.00	132.00	133.00	134.00	138.00	145.00	144.00	141.00	140.00	147.00	156.00	157.00	156.00	155.00	154.00	141.00	141.00	144.00	144.00	135.00	127.00	124.00	123.00	132.00	137.00	137.00	139.00	135.00	128.00	127.00	128.00	129.00	131.00	131.00	133.00	134.00	133.00	130.00	125.00	120.00	116.00	112.00	111.00	110.00	107.00	106.00	118.00	130.00	129.00	124.00	110.00	115.00	111.00	109.00	111.00	108.00	105.00	103.00	103.00	104.00	108.00	111.00	118.00	120.00	118.00	115.00	115.00	116.00	107.00	103.00	101.00	97.00	85.00	86.00	90.00	89.00	89.00	92.00	100.00	99.00	93.00	75.00	71.00	71.00	71.00	69.00	65.00	67.00	70.00	79.00	82.00	90.00	78.00	59.00	54.00	62.00	57.00	48.00	50.00	51.00	50.00	59.00	62.00	60.00
102.00	102.00	102.00	102.00	100.00	101.00	103.00	105.00	104.00	109.00	115.00	117.00	113.00	111.00	116.00	115.00	114.00	115.00	114.00	112.00	112.00	115.00	117.00	119.00	122.00	120.00	117.00	116.00	119.00	122.00	122.00	123.00	113.00	109.00	110.00	115.00	117.00	115.00	113.00	111.00	113.00	104.00	102.00	104.00	106.00	105.00	105.00	110.00	119.00	121.00	113.00	108.00	99.00	96.00	90.00	84.00	80.00	83.00	88.00	94.00	97.00	97.00	95.00	107.00	108.00	112.00	114.00	116.00	109.00	96.00	85.00	83.00	83.00	85.00	86.00	90.00	88.00	87.00	87.00	87.00	80.00	75.00	78.00	84.00	91.00	84.00	79.00	79.00	83.00	87.00	84.00	84.00	88.00	95.00	89.00	96.00	99.00	100.00	105.00	131.00	135.00	133.00	127.00	121.00	128.00	128.00	125.00	115.00	96.00	92.00	90.00	87.00	86.00	83.00	85.00	88.00	92.00	76.00	72.00	74.00	77.00	82.00	83.00	80.00	80.00	82.00	84.00	79.00	78.00	82.00	99.00	106.00	114.00	117.00	121.00	111.00	98.00	98.00	101.00	110.00	112.00	111.00	115.00	118.00	121.00	122.00	133.00	136.00	137.00	133.00	132.00	128.00	127.00	132.00	133.00	134.00	138.00	145.00	144.00	141.00	140.00	147.00	156.00	157.00	156.00	155.00	154.00	141.00	141.00	144.00	144.00	135.00	127.00	124.00	123.00	132.00	137.00	137.00	139.00	135.00	128.00	127.00	128.00	129.00	131.00	131.00	133.00	134.00	133.00	130.00	125.00	120.00	116.00	112.00	111.00	110.00	107.00	106.00	118.00	130.00	129.00	124.00	110.00	115.00	111.00	109.00	111.00	108.00	105.00	103.00	103.00	104.00	108.00	111.00	118.00	120.00	118.00	115.00	115.00	116.00	107.00	103.00	101.00	97.00	85.00	86.00	90.00	89.00	89.00	92.00	100.00	99.00	93.00	75.00	71.00	71.00	71.00	69.00	65.00	67.00	70.00	79.00	82.00	90.00	78.00	59.00	54.00	62.00	57.00	48.00	50.00	51.00	50.00	59.00	62.00	60.00
102.00	102.00	102.00	102.00	100.00	101.00	103.00	105.00	104.00	109.00	115.00	117.00	113.00	111.00	116.00	115.00	114.00	115.00	114.00	112.00	112.00	115.00	117.00	119.00	122.00	120.00	117.00	116.00	119.00	122.00	122.00	123.00	113.00	109.00	110.00	115.00	117.00	115.00	113.00	111.00	113.00	104.00	102.00	104.00	106.00	105.00	105.00	110.00	119.00	121.00	113.00	108.00	99.00	96.00	90.00	84.00	80.00	83.00	88.00	94.00	97.00	97.00	95.00	107.00	108.00	112.00	114.00	116.00	109.00	96.00	85.00	83.00	83.00	85.00	86.00	90.00	88.00	87.00	87.00	87.00	80.00	75.00	78.00	84.00	91.00	84.00	79.00	79.00	83.00	87.00	84.00	84.00	88.00	95.00	89.00	96.00	99.00	100.00	105.00	131.00	135.00	133.00	127.00	121.00	128.00	128.00	125.00	115.00	96.00	92.00	90.00	87.00	86.00	83.00	85.00	88.00	92.00	76.00	72.00	74.00	77.00	82.00	83.00	80.00	80.00	82.00	84.00	79.00	78.00	82.00	99.00	106.00	114.00	117.00	121.00	111.00	98.00	98.00	101.00	110.00	112.00	111.00	115.00	118.00	121.00	122.00	133.00	136.00	137.00	133.00	132.00	128.00	127.00	132.00	133.00	134.00	138.00	145.00	144.00	141.00	140.00	147.00	156.00	157.00	156.00	155.00	154.00	141.00	141.00	144.00	144.00	135.00	127.00	124.00	123.00	132.00	137.00	137.00	139.00	135.00	128.00	127.00	128.00	129.00	131.00	131.00	133.00	134.00	133.00	130.00	125.00	120.00	116.00	112.00	111.00	110.00	107.00	106.00	118.00	130.00	129.00	124.00	110.00	115.00	111.00	109.00	111.00	108.00	105.00	103.00	103.00	104.00	108.00	111.00	118.00	120.00	118.00	115.00	115.00	116.00	107.00	103.00	101.00	97.00	85.00	86.00	90.00	89.00	89.00	92.00	100.00	99.00	93.00	75.00	71.00	71.00	71.00	69.00	65.00	67.00	70.00	79.00	82.00	90.00	78.00	59.00	54.00	62.00	57.00	48.00	50.00	51.00	50.00	59.00	62.00	60.00
103.00	102.00	103.00	103.00	101.00	101.00	101.00	102.00	103.00	107.00	107.00	106.00	107.00	110.00	113.00	113.00	111.00	108.00	106.00	107.00	111.00	115.00	116.00	120.00	123.00	122.00	120.00	115.00	118.00	119.00	121.00	116.00	113.00	108.00	107.00	107.00	115.00	117.00	116.00	115.00	112.00	110.00	109.00	112.00	115.00	111.00	111.00	109.00	108.00	110.00	112.00	109.00	102.00	96.00	83.00	80.00	84.00	87.00	93.00	101.00	106.00	109.00	103.00	106.00	113.00	111.00	114.00	122.00	131.00	123.00	110.00	93.00	79.00	76.00	77.00	82.00	87.00	87.00	85.00	87.00	94.00	93.00	89.00	76.00	70.00	81.00	85.00	84.00	85.00	84.00	88.00	82.00	78.00	78.00	82.00	82.00	82.00	84.00	85.00	92.00	99.00	105.00	108.00	121.00	132.00	129.00	123.00	113.00	102.00	98.00	91.00	88.00	89.00	88.00	88.00	85.00	78.00	78.00	82.00	87.00	93.00	99.00	99.00	98.00	97.00	92.00	79.00	78.00	79.00	82.00	97.00	108.00	114.00	116.00	117.00	113.00	110.00	115.00	116.00	131.00	142.00	143.00	140.00	142.00	124.00	121.00	131.00	129.00	132.00	137.00	137.00	135.00	131.00	122.00	125.00	131.00	137.00	150.00	151.00	155.00	152.00	151.00	159.00	160.00	158.00	153.00	142.00	151.00	153.00	146.00	144.00	143.00	137.00	131.00	129.00	138.00	141.00	141.00	141.00	144.00	141.00	140.00	141.00	139.00	141.00	147.00	152.00	152.00	149.00	142.00	143.00	141.00	142.00	133.00	133.00	129.00	129.00	128.00	123.00	127.00	129.00	128.00	118.00	115.00	111.00	107.00	105.00	102.00	100.00	102.00	108.00	120.00	125.00	126.00	126.00	124.00	117.00	118.00	115.00	118.00	111.00	109.00	103.00	96.00	87.00	92.00	97.00	97.00	90.00	80.00	88.00	90.00	86.00	80.00	77.00	76.00	69.00	59.00	57.00	65.00	79.00	85.00	91.00	91.00	88.00	75.00	59.00	52.00	47.00	46.00	51.00	52.00	54.00	60.00	66.00	67.00
103.00	103.00	104.00	103.00	104.00	102.00	102.00	102.00	101.00	102.00	102.00	102.00	102.00	102.00	105.00	107.00	108.00	108.00	103.00	105.00	109.00	119.00	121.00	124.00	122.00	123.00	123.00	123.00	119.00	116.00	117.00	115.00	115.00	113.00	111.00	111.00	112.00	115.00	116.00	113.00	111.00	107.00	106.00	107.00	109.00	110.00	108.00	106.00	106.00	108.00	119.00	116.00	104.00	96.00	78.00	81.00	86.00	90.00	94.00	100.00	102.00	101.00	97.00	114.00	123.00	126.00	125.00	122.00	115.00	117.00	118.00	114.00	96.00	92.00	93.00	91.00	92.00	93.00	94.00	96.00	100.00	101.00	93.00	87.00	87.00	74.00	73.00	74.00	77.00	80.00	86.00	86.00	85.00	83.00	81.00	81.00	79.00	78.00	78.00	82.00	87.00	92.00	95.00	107.00	121.00	120.00	113.00	107.00	93.00	88.00	88.00	92.00	85.00	84.00	89.00	86.00	73.00	83.00	90.00	94.00	94.00	98.00	103.00	106.00	107.00	104.00	85.00	82.00	84.00	86.00	95.00	101.00	106.00	111.00	111.00	104.00	107.00	119.00	128.00	112.00	113.00	119.00	122.00	122.00	124.00	119.00	106.00	109.00	121.00	125.00	129.00	130.00	129.00	123.00	126.00	128.00	133.00	146.00	151.00	159.00	162.00	159.00	151.00	148.00	143.00	142.00	147.00	149.00	151.00	156.00	155.00	136.00	134.00	131.00	128.00	142.00	148.00	150.00	149.00	147.00	146.00	146.00	150.00	154.00	153.00	145.00	145.00	141.00	140.00	139.00	145.00	147.00	143.00	135.00	130.00	124.00	120.00	119.00	124.00	130.00	131.00	129.00	122.00	121.00	124.00	123.00	118.00	104.00	101.00	106.00	114.00	130.00	132.00	129.00	123.00	117.00	127.00	128.00	125.00	123.00	117.00	119.00	113.00	109.00	99.00	91.00	85.00	84.00	83.00	82.00	77.00	75.00	74.00	81.00	88.00	89.00	93.00	88.00	66.00	67.00	74.00	92.00	88.00	82.00	75.00	68.00	59.00	44.00	45.00	53.00	60.00	69.00	74.00	81.00	80.00	71.00
103.00	103.00	104.00	103.00	104.00	102.00	102.00	102.00	101.00	102.00	102.00	102.00	102.00	102.00	105.00	107.00	108.00	108.00	103.00	105.00	109.00	119.00	121.00	124.00	122.00	123.00	123.00	123.00	119.00	116.00	117.00	115.00	115.00	113.00	111.00	111.00	112.00	115.00	116.00	113.00	111.00	107.00	106.00	107.00	109.00	110.00	108.00	106.00	106.00	108.00	119.00	116.00	104.00	96.00	78.00	81.00	86.00	90.00	94.00	100.00	102.00	101.00	97.00	114.00	123.00	126.00	125.00	122.00	115.00	117.00	118.00	114.00	96.00	92.00	93.00	91.00	92.00	93.00	94.00	96.00	100.00	101.00	93.00	87.00	87.00	74.00	73.00	74.00	77.00	80.00	86.00	86.00	85.00	83.00	81.00	81.00	79.00	78.00	78.00	82.00	87.00	92.00	95.00	107.00	121.00	120.00	113.00	107.00	93.00	88.00	88.00	92.00	85.00	84.00	89.00	86.00	73.00	83.00	90.00	94.00	94.00	98.00	103.00	106.00	107.00	104.00	85.00	82.00	84.00	86.00	95.00	101.00	106.00	111.00	111.00	104.00	107.00	119.00	128.00	112.00	113.00	119.00	122.00	122.00	124.00	119.00	106.00	109.00	121.00	125.00	129.00	130.00	129.00	123.00	126.00	128.00	133.00	146.00	151.00	159.00	162.00	159.00	151.00	148.00	143.00	142.00	147.00	149.00	151.00	156.00	155.00	136.00	134.00	131.00	128.00	142.00	148.00	150.00	149.00	147.00	146.00	146.00	150.00	154.00	153.00	145.00	145.00	141.00	140.00	139.00	145.00	147.00	143.00	135.00	130.00	124.00	120.00	119.00	124.00	130.00	131.00	129.00	122.00	121.00	124.00	123.00	118.00	104.00	101.00	106.00	114.00	130.00	132.00	129.00	123.00	117.00	127.00	128.00	125.00	123.00	117.00	119.00	113.00	109.00	99.00	91.00	85.00	84.00	83.00	82.00	77.00	75.00	74.00	81.00	88.00	89.00	93.00	88.00	66.00	67.00	74.00	92.00	88.00	82.00	75.00	68.00	59.00	44.00	45.00	53.00	60.00	69.00	74.00	81.00	80.00	71.00
100.00	100.00	100.00	102.00	101.00	100.00	99.00	100.00	100.00	102.00	103.00	102.00	102.00	102.00	101.00	101.00	101.00	102.00	106.00	109.00	110.00	119.00	120.00	122.00	121.00	117.00	116.00	123.00	126.00	125.00	121.00	111.00	105.00	106.00	107.00	107.00	110.00	112.00	111.00	114.00	116.00	107.00	106.00	107.00	107.00	110.00	110.00	108.00	106.00	103.00	114.00	117.00	105.00	92.00	76.00	80.00	88.00	94.00	98.00	110.00	114.00	114.00	107.00	112.00	126.00	130.00	128.00	120.00	103.00	99.00	100.00	107.00	118.00	103.00	99.00	104.00	111.00	103.00	102.00	104.00	103.00	98.00	94.00	86.00	78.00	76.00	74.00	74.00	74.00	74.00	75.00	74.00	75.00	77.00	86.00	83.00	77.00	79.00	77.00	75.00	76.00	78.00	83.00	89.00	92.00	91.00	92.00	93.00	94.00	94.00	96.00	95.00	87.00	84.00	87.00	93.00	90.00	73.00	76.00	84.00	95.00	105.00	106.00	107.00	111.00	113.00	103.00	94.00	87.00	86.00	91.00	93.00	93.00	92.00	92.00	94.00	93.00	98.00	106.00	116.00	121.00	122.00	122.00	117.00	110.00	110.00	119.00	111.00	110.00	116.00	122.00	124.00	125.00	129.00	129.00	126.00	129.00	145.00	146.00	146.00	147.00	151.00	157.00	156.00	151.00	143.00	136.00	145.00	144.00	144.00	141.00	131.00	128.00	132.00	133.00	145.00	146.00	145.00	145.00	144.00	147.00	150.00	154.00	157.00	161.00	156.00	150.00	144.00	138.00	136.00	138.00	138.00	136.00	130.00	124.00	120.00	117.00	116.00	117.00	126.00	126.00	123.00	117.00	117.00	121.00	124.00	123.00	119.00	112.00	105.00	107.00	110.00	114.00	113.00	117.00	123.00	133.00	130.00	129.00	118.00	104.00	107.00	112.00	115.00	104.00	96.00	85.00	79.00	79.00	81.00	81.00	84.00	87.00	86.00	83.00	82.00	85.00	89.00	85.00	81.00	76.00	86.00	84.00	77.00	68.00	60.00	51.00	46.00	56.00	70.00	70.00	84.00	86.00	82.00	78.00	78.00
97.00	98.00	99.00	101.00	101.00	98.00	97.00	97.00	98.00	100.00	99.00	100.00	101.00	101.00	101.00	101.00	102.00	102.00	105.00	108.00	111.00	114.00	119.00	118.00	116.00	112.00	111.00	109.00	108.00	110.00	111.00	115.00	117.00	112.00	106.00	103.00	106.00	111.00	114.00	114.00	113.00	108.00	108.00	108.00	110.00	107.00	103.00	99.00	95.00	93.00	96.00	100.00	97.00	92.00	76.00	77.00	86.00	96.00	100.00	96.00	102.00	110.00	112.00	95.00	104.00	113.00	116.00	116.00	103.00	93.00	87.00	84.00	94.00	112.00	114.00	110.00	104.00	104.00	103.00	100.00	95.00	88.00	86.00	85.00	81.00	79.00	80.00	80.00	80.00	79.00	78.00	80.00	85.00	90.00	88.00	82.00	78.00	75.00	74.00	79.00	80.00	81.00	79.00	79.00	84.00	87.00	89.00	89.00	84.00	84.00	87.00	92.00	92.00	90.00	88.00	88.00	88.00	73.00	71.00	73.00	91.00	115.00	115.00	111.00	106.00	111.00	112.00	106.00	98.00	91.00	85.00	88.00	88.00	88.00	91.00	98.00	97.00	98.00	101.00	110.00	120.00	130.00	135.00	133.00	110.00	102.00	103.00	106.00	109.00	112.00	113.00	109.00	112.00	124.00	126.00	128.00	128.00	133.00	135.00	136.00	137.00	141.00	158.00	159.00	155.00	148.00	133.00	138.00	141.00	143.00	143.00	144.00	147.00	147.00	152.00	150.00	145.00	140.00	134.00	141.00	154.00	153.00	154.00	153.00	151.00	152.00	152.00	152.00	148.00	135.00	130.00	125.00	128.00	126.00	123.00	116.00	115.00	117.00	121.00	115.00	115.00	117.00	111.00	114.00	121.00	122.00	122.00	122.00	122.00	114.00	109.00	105.00	104.00	104.00	104.00	113.00	124.00	125.00	122.00	117.00	102.00	101.00	99.00	96.00	86.00	87.00	93.00	100.00	106.00	94.00	78.00	85.00	93.00	85.00	82.00	88.00	88.00	82.00	80.00	85.00	87.00	90.00	83.00	75.00	68.00	61.00	56.00	60.00	72.00	80.00	83.00	88.00	82.00	72.00	68.00	65.00
97.00	98.00	99.00	101.00	101.00	98.00	97.00	97.00	98.00	100.00	99.00	100.00	101.00	101.00	101.00	101.00	102.00	102.00	105.00	108.00	111.00	114.00	119.00	118.00	116.00	112.00	111.00	109.00	108.00	110.00	111.00	115.00	117.00	112.00	106.00	103.00	106.00	111.00	114.00	114.00	113.00	108.00	108.00	108.00	110.00	107.00	103.00	99.00	95.00	93.00	96.00	100.00	97.00	92.00	76.00	77.00	86.00	96.00	100.00	96.00	102.00	110.00	112.00	95.00	104.00	113.00	116.00	116.00	103.00	93.00	87.00	84.00	94.00	112.00	114.00	110.00	104.00	104.00	103.00	100.00	95.00	88.00	86.00	85.00	81.00	79.00	80.00	80.00	80.00	79.00	78.00	80.00	85.00	90.00	88.00	82.00	78.00	75.00	74.00	79.00	80.00	81.00	79.00	79.00	84.00	87.00	89.00	89.00	84.00	84.00	87.00	92.00	92.00	90.00	88.00	88.00	88.00	73.00	71.00	73.00	91.00	115.00	115.00	111.00	106.00	111.00	112.00	106.00	98.00	91.00	85.00	88.00	88.00	88.00	91.00	98.00	97.00	98.00	101.00	110.00	120.00	130.00	135.00	133.00	110.00	102.00	103.00	106.00	109.00	112.00	113.00	109.00	112.00	124.00	126.00	128.00	128.00	133.00	135.00	136.00	137.00	141.00	158.00	159.00	155.00	148.00	133.00	138.00	141.00	143.00	143.00	144.00	147.00	147.00	152.00	150.00	145.00	140.00	134.00	141.00	154.00	153.00	154.00	153.00	151.00	152.00	152.00	152.00	148.00	135.00	130.00	125.00	128.00	126.00	123.00	116.00	115.00	117.00	121.00	115.00	115.00	117.00	111.00	114.00	121.00	122.00	122.00	122.00	122.00	114.00	109.00	105.00	104.00	104.00	104.00	113.00	124.00	125.00	122.00	117.00	102.00	101.00	99.00	96.00	86.00	87.00	93.00	100.00	106.00	94.00	78.00	85.00	93.00	85.00	82.00	88.00	88.00	82.00	80.00	85.00	87.00	90.00	83.00	75.00	68.00	61.00	56.00	60.00	72.00	80.00	83.00	88.00	82.00	72.00	68.00	65.00
97.00	98.00	99.00	101.00	101.00	98.00	97.00	97.00	98.00	100.00	99.00	100.00	101.00	101.00	101.00	101.00	102.00	102.00	105.00	108.00	111.00	114.00	119.00	118.00	116.00	112.00	111.00	109.00	108.00	110.00	111.00	115.00	117.00	112.00	106.00	103.00	106.00	111.00	114.00	114.00	113.00	108.00	108.00	108.00	110.00	107.00	103.00	99.00	95.00	93.00	96.00	100.00	97.00	92.00	76.00	77.00	86.00	96.00	100.00	96.00	102.00	110.00	112.00	95.00	104.00	113.00	116.00	116.00	103.00	93.00	87.00	84.00	94.00	112.00	114.00	110.00	104.00	104.00	103.00	100.00	95.00	88.00	86.00	85.00	81.00	79.00	80.00	80.00	80.00	79.00	78.00	80.00	85.00	90.00	88.00	82.00	78.00	75.00	74.00	79.00	80.00	81.00	79.00	79.00	84.00	87.00	89.00	89.00	84.00	84.00	87.00	92.00	92.00	90.00	88.00	88.00	88.00	73.00	71.00	73.00	91.00	115.00	115.00	111.00	106.00	111.00	112.00	106.00	98.00	91.00	85.00	88.00	88.00	88.00	91.00	98.00	97.00	98.00	101.00	110.00	120.00	130.00	135.00	133.00	110.00	102.00	103.00	106.00	109.00	112.00	113.00	109.00	112.00	124.00	126.00	128.00	128.00	133.00	135.00	136.00	137.00	141.00	158.00	159.00	155.00	148.00	133.00	138.00	141.00	143.00	143.00	144.00	147.00	147.00	152.00	150.00	145.00	140.00	134.00	141.00	154.00	153.00	154.00	153.00	151.00	152.00	152.00	152.00	148.00	135.00	130.00	125.00	128.00	126.00	123.00	116.00	115.00	117.00	121.00	115.00	115.00	117.00	111.00	114.00	121.00	122.00	122.00	122.00	122.00	114.00	109.00	105.00	104.00	104.00	104.00	113.00	124.00	125.00	122.00	117.00	102.00	101.00	99.00	96.00	86.00	87.00	93.00	100.00	106.00	94.00	78.00	85.00	93.00	85.00	82.00	88.00	88.00	82.00	80.00	85.00	87.00	90.00	83.00	75.00	68.00	61.00	56.00	60.00	72.00	80.00	83.00	88.00	82.00	72.00	68.00	65.00
98.00	97.00	97.00	100.00	107.00	112.00	104.00	96.00	93.00	96.00	98.00	100.00	102.00	104.00	105.00	103.00	100.00	98.00	100.00	106.00	113.00	117.00	124.00	132.00	127.00	115.00	110.00	118.00	123.00	122.00	120.00	110.00	109.00	111.00	111.00	111.00	106.00	104.00	101.00	101.00	100.00	97.00	100.00	101.00	102.00	116.00	117.00	112.00	103.00	97.00	98.00	104.00	100.00	95.00	94.00	87.00	82.00	89.00	94.00	96.00	95.00	98.00	106.00	104.00	94.00	87.00	91.00	94.00	95.00	91.00	84.00	79.00	76.00	87.00	97.00	100.00	101.00	97.00	97.00	97.00	93.00	91.00	91.00	91.00	87.00	84.00	87.00	89.00	87.00	90.00	98.00	95.00	93.00	93.00	91.00	86.00	82.00	78.00	78.00	86.00	85.00	81.00	77.00	84.00	80.00	77.00	75.00	75.00	77.00	77.00	76.00	75.00	77.00	79.00	77.00	72.00	71.00	72.00	71.00	77.00	92.00	112.00	117.00	118.00	114.00	108.00	108.00	114.00	115.00	109.00	95.00	87.00	85.00	85.00	86.00	88.00	97.00	99.00	110.00	120.00	120.00	122.00	119.00	115.00	117.00	116.00	108.00	108.00	117.00	119.00	119.00	113.00	114.00	123.00	121.00	124.00	128.00	121.00	122.00	131.00	139.00	142.00	146.00	152.00	158.00	157.00	146.00	143.00	150.00	151.00	149.00	138.00	137.00	138.00	144.00	149.00	145.00	139.00	127.00	131.00	151.00	154.00	155.00	150.00	140.00	139.00	139.00	138.00	135.00	122.00	119.00	126.00	140.00	135.00	124.00	119.00	118.00	119.00	138.00	124.00	113.00	105.00	106.00	110.00	118.00	125.00	126.00	125.00	123.00	111.00	109.00	109.00	112.00	114.00	108.00	103.00	109.00	112.00	111.00	113.00	103.00	93.00	87.00	89.00	100.00	101.00	100.00	97.00	90.00	80.00	83.00	86.00	85.00	83.00	89.00	97.00	92.00	80.00	73.00	76.00	82.00	91.00	83.00	75.00	68.00	65.00	66.00	68.00	74.00	77.00	78.00	71.00	68.00	66.00	64.00	65.00
98.00	97.00	97.00	100.00	107.00	112.00	104.00	96.00	93.00	96.00	98.00	100.00	102.00	104.00	105.00	103.00	100.00	98.00	100.00	106.00	113.00	117.00	124.00	132.00	127.00	115.00	110.00	118.00	123.00	122.00	120.00	110.00	109.00	111.00	111.00	111.00	106.00	104.00	101.00	101.00	100.00	97.00	100.00	101.00	102.00	116.00	117.00	112.00	103.00	97.00	98.00	104.00	100.00	95.00	94.00	87.00	82.00	89.00	94.00	96.00	95.00	98.00	106.00	104.00	94.00	87.00	91.00	94.00	95.00	91.00	84.00	79.00	76.00	87.00	97.00	100.00	101.00	97.00	97.00	97.00	93.00	91.00	91.00	91.00	87.00	84.00	87.00	89.00	87.00	90.00	98.00	95.00	93.00	93.00	91.00	86.00	82.00	78.00	78.00	86.00	85.00	81.00	77.00	84.00	80.00	77.00	75.00	75.00	77.00	77.00	76.00	75.00	77.00	79.00	77.00	72.00	71.00	72.00	71.00	77.00	92.00	112.00	117.00	118.00	114.00	108.00	108.00	114.00	115.00	109.00	95.00	87.00	85.00	85.00	86.00	88.00	97.00	99.00	110.00	120.00	120.00	122.00	119.00	115.00	117.00	116.00	108.00	108.00	117.00	119.00	119.00	113.00	114.00	123.00	121.00	124.00	128.00	121.00	122.00	131.00	139.00	142.00	146.00	152.00	158.00	157.00	146.00	143.00	150.00	151.00	149.00	138.00	137.00	138.00	144.00	149.00	145.00	139.00	127.00	131.00	151.00	154.00	155.00	150.00	140.00	139.00	139.00	138.00	135.00	122.00	119.00	126.00	140.00	135.00	124.00	119.00	118.00	119.00	138.00	124.00	113.00	105.00	106.00	110.00	118.00	125.00	126.00	125.00	123.00	111.00	109.00	109.00	112.00	114.00	108.00	103.00	109.00	112.00	111.00	113.00	103.00	93.00	87.00	89.00	100.00	101.00	100.00	97.00	90.00	80.00	83.00	86.00	85.00	83.00	89.00	97.00	92.00	80.00	73.00	76.00	82.00	91.00	83.00	75.00	68.00	65.00	66.00	68.00	74.00	77.00	78.00	71.00	68.00	66.00	64.00	65.00
102.00	104.00	102.00	101.00	102.00	112.00	113.00	111.00	105.00	97.00	97.00	96.00	98.00	96.00	105.00	111.00	113.00	108.00	96.00	95.00	97.00	110.00	118.00	132.00	133.00	130.00	123.00	115.00	116.00	120.00	126.00	118.00	110.00	110.00	114.00	117.00	115.00	109.00	104.00	104.00	104.00	104.00	103.00	100.00	100.00	106.00	120.00	130.00	127.00	116.00	97.00	94.00	98.00	95.00	88.00	88.00	88.00	82.00	81.00	91.00	92.00	90.00	89.00	97.00	94.00	91.00	85.00	82.00	88.00	90.00	89.00	86.00	82.00	84.00	86.00	93.00	99.00	106.00	110.00	110.00	106.00	95.00	87.00	82.00	87.00	98.00	97.00	95.00	93.00	89.00	87.00	89.00	87.00	84.00	86.00	87.00	86.00	84.00	82.00	85.00	89.00	96.00	95.00	81.00	75.00	79.00	76.00	77.00	75.00	75.00	74.00	73.00	71.00	72.00	72.00	80.00	75.00	83.00	92.00	96.00	99.00	106.00	107.00	110.00	112.00	111.00	105.00	109.00	116.00	121.00	109.00	100.00	96.00	94.00	94.00	92.00	95.00	97.00	104.00	115.00	105.00	98.00	103.00	116.00	135.00	127.00	122.00	117.00	114.00	118.00	118.00	124.00	133.00	141.00	138.00	129.00	120.00	126.00	125.00	128.00	127.00	130.00	142.00	150.00	152.00	151.00	149.00	146.00	144.00	139.00	138.00	138.00	133.00	129.00	127.00	140.00	144.00	141.00	126.00	129.00	141.00	140.00	137.00	137.00	143.00	142.00	137.00	133.00	129.00	124.00	121.00	125.00	134.00	129.00	122.00	116.00	114.00	116.00	131.00	119.00	111.00	107.00	114.00	119.00	124.00	124.00	124.00	118.00	116.00	104.00	102.00	113.00	115.00	111.00	111.00	109.00	105.00	104.00	103.00	104.00	99.00	96.00	95.00	96.00	99.00	91.00	82.00	77.00	78.00	96.00	103.00	96.00	88.00	93.00	98.00	91.00	86.00	82.00	77.00	84.00	93.00	91.00	87.00	77.00	68.00	66.00	72.00	80.00	73.00	65.00	63.00	61.00	62.00	64.00	65.00	66.00
102.00	104.00	102.00	101.00	102.00	112.00	113.00	111.00	105.00	97.00	97.00	96.00	98.00	96.00	105.00	111.00	113.00	108.00	96.00	95.00	97.00	110.00	118.00	132.00	133.00	130.00	123.00	115.00	116.00	120.00	126.00	118.00	110.00	110.00	114.00	117.00	115.00	109.00	104.00	104.00	104.00	104.00	103.00	100.00	100.00	106.00	120.00	130.00	127.00	116.00	97.00	94.00	98.00	95.00	88.00	88.00	88.00	82.00	81.00	91.00	92.00	90.00	89.00	97.00	94.00	91.00	85.00	82.00	88.00	90.00	89.00	86.00	82.00	84.00	86.00	93.00	99.00	106.00	110.00	110.00	106.00	95.00	87.00	82.00	87.00	98.00	97.00	95.00	93.00	89.00	87.00	89.00	87.00	84.00	86.00	87.00	86.00	84.00	82.00	85.00	89.00	96.00	95.00	81.00	75.00	79.00	76.00	77.00	75.00	75.00	74.00	73.00	71.00	72.00	72.00	80.00	75.00	83.00	92.00	96.00	99.00	106.00	107.00	110.00	112.00	111.00	105.00	109.00	116.00	121.00	109.00	100.00	96.00	94.00	94.00	92.00	95.00	97.00	104.00	115.00	105.00	98.00	103.00	116.00	135.00	127.00	122.00	117.00	114.00	118.00	118.00	124.00	133.00	141.00	138.00	129.00	120.00	126.00	125.00	128.00	127.00	130.00	142.00	150.00	152.00	151.00	149.00	146.00	144.00	139.00	138.00	138.00	133.00	129.00	127.00	140.00	144.00	141.00	126.00	129.00	141.00	140.00	137.00	137.00	143.00	142.00	137.00	133.00	129.00	124.00	121.00	125.00	134.00	129.00	122.00	116.00	114.00	116.00	131.00	119.00	111.00	107.00	114.00	119.00	124.00	124.00	124.00	118.00	116.00	104.00	102.00	113.00	115.00	111.00	111.00	109.00	105.00	104.00	103.00	104.00	99.00	96.00	95.00	96.00	99.00	91.00	82.00	77.00	78.00	96.00	103.00	96.00	88.00	93.00	98.00	91.00	86.00	82.00	77.00	84.00	93.00	91.00	87.00	77.00	68.00	66.00	72.00	80.00	73.00	65.00	63.00	61.00	62.00	64.00	65.00	66.00
103.00	103.00	104.00	103.00	104.00	104.00	104.00	104.00	105.00	103.00	99.00	99.00	101.00	103.00	108.00	110.00	107.00	109.00	100.00	98.00	99.00	101.00	105.00	125.00	131.00	135.00	130.00	112.00	110.00	114.00	117.00	120.00	113.00	112.00	114.00	119.00	127.00	123.00	114.00	107.00	103.00	103.00	105.00	103.00	104.00	100.00	106.00	121.00	137.00	136.00	114.00	100.00	90.00	90.00	87.00	82.00	83.00	90.00	96.00	96.00	89.00	84.00	83.00	95.00	94.00	94.00	95.00	94.00	89.00	89.00	90.00	92.00	90.00	90.00	89.00	89.00	92.00	94.00	102.00	111.00	116.00	106.00	102.00	95.00	90.00	86.00	84.00	84.00	82.00	82.00	85.00	84.00	83.00	86.00	104.00	111.00	117.00	113.00	103.00	85.00	83.00	81.00	80.00	82.00	81.00	80.00	78.00	76.00	73.00	73.00	75.00	74.00	71.00	71.00	71.00	88.00	85.00	82.00	95.00	99.00	101.00	100.00	100.00	101.00	106.00	107.00	114.00	113.00	118.00	118.00	122.00	117.00	105.00	97.00	93.00	96.00	95.00	95.00	95.00	95.00	94.00	92.00	98.00	106.00	136.00	141.00	127.00	117.00	107.00	109.00	115.00	121.00	134.00	142.00	139.00	129.00	119.00	125.00	128.00	138.00	145.00	151.00	136.00	127.00	128.00	133.00	138.00	139.00	144.00	147.00	145.00	141.00	138.00	137.00	136.00	140.00	142.00	145.00	138.00	136.00	138.00	137.00	137.00	134.00	125.00	124.00	127.00	127.00	128.00	127.00	124.00	121.00	119.00	116.00	113.00	112.00	111.00	114.00	129.00	135.00	125.00	116.00	113.00	120.00	117.00	112.00	108.00	104.00	103.00	104.00	101.00	104.00	106.00	103.00	100.00	97.00	100.00	103.00	103.00	104.00	100.00	92.00	90.00	85.00	80.00	85.00	89.00	93.00	97.00	99.00	97.00	89.00	89.00	93.00	92.00	87.00	78.00	74.00	78.00	83.00	88.00	90.00	75.00	70.00	65.00	62.00	64.00	76.00	77.00	73.00	68.00	68.00	72.00	73.00	75.00	78.00
104.00	104.00	103.00	102.00	100.00	100.00	100.00	100.00	100.00	101.00	102.00	102.00	102.00	101.00	104.00	110.00	114.00	115.00	111.00	108.00	106.00	104.00	101.00	103.00	112.00	120.00	126.00	122.00	116.00	113.00	115.00	124.00	116.00	116.00	122.00	128.00	126.00	121.00	116.00	108.00	105.00	105.00	110.00	111.00	110.00	102.00	98.00	102.00	108.00	123.00	132.00	121.00	96.00	92.00	84.00	83.00	88.00	99.00	112.00	113.00	105.00	95.00	86.00	95.00	96.00	94.00	92.00	93.00	90.00	90.00	88.00	88.00	90.00	94.00	89.00	84.00	80.00	88.00	103.00	112.00	114.00	105.00	101.00	98.00	87.00	82.00	87.00	94.00	93.00	92.00	87.00	86.00	84.00	87.00	121.00	120.00	113.00	109.00	103.00	90.00	86.00	84.00	84.00	82.00	81.00	81.00	80.00	80.00	80.00	80.00	80.00	77.00	77.00	74.00	75.00	76.00	78.00	85.00	87.00	92.00	101.00	103.00	100.00	100.00	100.00	102.00	113.00	114.00	114.00	113.00	114.00	112.00	108.00	102.00	97.00	96.00	103.00	105.00	105.00	97.00	92.00	90.00	92.00	94.00	104.00	110.00	126.00	135.00	124.00	115.00	113.00	119.00	136.00	156.00	149.00	139.00	129.00	133.00	131.00	127.00	127.00	132.00	152.00	150.00	139.00	130.00	130.00	130.00	129.00	132.00	136.00	139.00	137.00	138.00	138.00	135.00	135.00	135.00	135.00	132.00	132.00	132.00	130.00	127.00	132.00	133.00	131.00	127.00	124.00	137.00	132.00	127.00	122.00	115.00	116.00	117.00	120.00	120.00	133.00	142.00	137.00	126.00	118.00	123.00	121.00	112.00	107.00	102.00	110.00	119.00	112.00	98.00	96.00	97.00	100.00	103.00	102.00	100.00	97.00	95.00	94.00	93.00	94.00	87.00	92.00	108.00	105.00	106.00	103.00	105.00	92.00	87.00	87.00	91.00	89.00	87.00	81.00	76.00	79.00	82.00	86.00	85.00	70.00	65.00	64.00	62.00	62.00	70.00	75.00	72.00	66.00	70.00	74.00	78.00	82.00	85.00
104.00	104.00	103.00	102.00	100.00	100.00	100.00	100.00	100.00	101.00	102.00	102.00	102.00	101.00	104.00	110.00	114.00	115.00	111.00	108.00	106.00	104.00	101.00	103.00	112.00	120.00	126.00	122.00	116.00	113.00	115.00	124.00	116.00	116.00	122.00	128.00	126.00	121.00	116.00	108.00	105.00	105.00	110.00	111.00	110.00	102.00	98.00	102.00	108.00	123.00	132.00	121.00	96.00	92.00	84.00	83.00	88.00	99.00	112.00	113.00	105.00	95.00	86.00	95.00	96.00	94.00	92.00	93.00	90.00	90.00	88.00	88.00	90.00	94.00	89.00	84.00	80.00	88.00	103.00	112.00	114.00	105.00	101.00	98.00	87.00	82.00	87.00	94.00	93.00	92.00	87.00	86.00	84.00	87.00	121.00	120.00	113.00	109.00	103.00	90.00	86.00	84.00	84.00	82.00	81.00	81.00	80.00	80.00	80.00	80.00	80.00	77.00	77.00	74.00	75.00	76.00	78.00	85.00	87.00	92.00	101.00	103.00	100.00	100.00	100.00	102.00	113.00	114.00	114.00	113.00	114.00	112.00	108.00	102.00	97.00	96.00	103.00	105.00	105.00	97.00	92.00	90.00	92.00	94.00	104.00	110.00	126.00	135.00	124.00	115.00	113.00	119.00	136.00	156.00	149.00	139.00	129.00	133.00	131.00	127.00	127.00	132.00	152.00	150.00	139.00	130.00	130.00	130.00	129.00	132.00	136.00	139.00	137.00	138.00	138.00	135.00	135.00	135.00	135.00	132.00	132.00	132.00	130.00	127.00	132.00	133.00	131.00	127.00	124.00	137.00	132.00	127.00	122.00	115.00	116.00	117.00	120.00	120.00	133.00	142.00	137.00	126.00	118.00	123.00	121.00	112.00	107.00	102.00	110.00	119.00	112.00	98.00	96.00	97.00	100.00	103.00	102.00	100.00	97.00	95.00	94.00	93.00	94.00	87.00	92.00	108.00	105.00	106.00	103.00	105.00	92.00	87.00	87.00	91.00	89.00	87.00	81.00	76.00	79.00	82.00	86.00	85.00	70.00	65.00	64.00	62.00	62.00	70.00	75.00	72.00	66.00	70.00	74.00	78.00	82.00	85.00
102.00	103.00	103.00	103.00	104.00	112.00	104.00	101.00	104.00	107.00	99.00	99.00	103.00	107.00	104.00	102.00	103.00	107.00	113.00	117.00	117.00	109.00	109.00	115.00	112.00	112.00	110.00	118.00	118.00	117.00	114.00	117.00	114.00	110.00	113.00	120.00	125.00	126.00	121.00	115.00	113.00	118.00	115.00	111.00	110.00	109.00	108.00	102.00	100.00	98.00	111.00	121.00	118.00	111.00	96.00	83.00	81.00	87.00	101.00	114.00	109.00	102.00	93.00	92.00	96.00	99.00	97.00	95.00	89.00	86.00	84.00	85.00	83.00	81.00	78.00	78.00	78.00	78.00	80.00	92.00	96.00	95.00	88.00	86.00	84.00	80.00	86.00	100.00	108.00	106.00	101.00	104.00	101.00	93.00	105.00	113.00	117.00	112.00	106.00	92.00	86.00	83.00	81.00	81.00	83.00	84.00	82.00	81.00	82.00	82.00	83.00	84.00	83.00	82.00	83.00	80.00	79.00	80.00	80.00	85.00	89.00	97.00	99.00	97.00	92.00	96.00	103.00	105.00	104.00	105.00	107.00	107.00	105.00	101.00	98.00	108.00	116.00	117.00	116.00	120.00	118.00	110.00	106.00	102.00	106.00	112.00	122.00	126.00	128.00	132.00	127.00	117.00	118.00	140.00	146.00	145.00	142.00	142.00	135.00	130.00	125.00	120.00	125.00	127.00	125.00	125.00	127.00	126.00	128.00	132.00	132.00	130.00	123.00	124.00	125.00	126.00	126.00	123.00	126.00	126.00	125.00	127.00	128.00	127.00	128.00	128.00	132.00	128.00	122.00	122.00	121.00	118.00	117.00	115.00	112.00	115.00	120.00	125.00	124.00	136.00	140.00	133.00	115.00	113.00	109.00	106.00	109.00	112.00	107.00	113.00	106.00	100.00	96.00	93.00	92.00	92.00	104.00	103.00	101.00	99.00	97.00	98.00	100.00	100.00	98.00	97.00	93.00	92.00	95.00	94.00	91.00	91.00	89.00	88.00	86.00	82.00	79.00	76.00	77.00	78.00	86.00	86.00	73.00	66.00	61.00	62.00	67.00	83.00	85.00	78.00	72.00	65.00	67.00	72.00	81.00	81.00
102.00	103.00	103.00	103.00	104.00	112.00	104.00	101.00	104.00	107.00	99.00	99.00	103.00	107.00	104.00	102.00	103.00	107.00	113.00	117.00	117.00	109.00	109.00	115.00	112.00	112.00	110.00	118.00	118.00	117.00	114.00	117.00	114.00	110.00	113.00	120.00	125.00	126.00	121.00	115.00	113.00	118.00	115.00	111.00	110.00	109.00	108.00	102.00	100.00	98.00	111.00	121.00	118.00	111.00	96.00	83.00	81.00	87.00	101.00	114.00	109.00	102.00	93.00	92.00	96.00	99.00	97.00	95.00	89.00	86.00	84.00	85.00	83.00	81.00	78.00	78.00	78.00	78.00	80.00	92.00	96.00	95.00	88.00	86.00	84.00	80.00	86.00	100.00	108.00	106.00	101.00	104.00	101.00	93.00	105.00	113.00	117.00	112.00	106.00	92.00	86.00	83.00	81.00	81.00	83.00	84.00	82.00	81.00	82.00	82.00	83.00	84.00	83.00	82.00	83.00	80.00	79.00	80.00	80.00	85.00	89.00	97.00	99.00	97.00	92.00	96.00	103.00	105.00	104.00	105.00	107.00	107.00	105.00	101.00	98.00	108.00	116.00	117.00	116.00	120.00	118.00	110.00	106.00	102.00	106.00	112.00	122.00	126.00	128.00	132.00	127.00	117.00	118.00	140.00	146.00	145.00	142.00	142.00	135.00	130.00	125.00	120.00	125.00	127.00	125.00	125.00	127.00	126.00	128.00	132.00	132.00	130.00	123.00	124.00	125.00	126.00	126.00	123.00	126.00	126.00	125.00	127.00	128.00	127.00	128.00	128.00	132.00	128.00	122.00	122.00	121.00	118.00	117.00	115.00	112.00	115.00	120.00	125.00	124.00	136.00	140.00	133.00	115.00	113.00	109.00	106.00	109.00	112.00	107.00	113.00	106.00	100.00	96.00	93.00	92.00	92.00	104.00	103.00	101.00	99.00	97.00	98.00	100.00	100.00	98.00	97.00	93.00	92.00	95.00	94.00	91.00	91.00	89.00	88.00	86.00	82.00	79.00	76.00	77.00	78.00	86.00	86.00	73.00	66.00	61.00	62.00	67.00	83.00	85.00	78.00	72.00	65.00	67.00	72.00	81.00	81.00
105.00	104.00	102.00	99.00	98.00	110.00	106.00	108.00	116.00	112.00	101.00	101.00	101.00	102.00	114.00	114.00	110.00	107.00	103.00	107.00	112.00	112.00	107.00	112.00	118.00	118.00	111.00	107.00	114.00	120.00	123.00	117.00	113.00	109.00	107.00	102.00	101.00	97.00	97.00	102.00	106.00	115.00	113.00	109.00	109.00	109.00	106.00	104.00	102.00	101.00	100.00	101.00	111.00	112.00	104.00	95.00	86.00	77.00	83.00	102.00	100.00	94.00	88.00	84.00	87.00	91.00	94.00	92.00	87.00	86.00	86.00	89.00	86.00	81.00	82.00	80.00	80.00	83.00	84.00	86.00	86.00	92.00	89.00	85.00	86.00	83.00	82.00	86.00	97.00	105.00	101.00	97.00	99.00	102.00	93.00	93.00	92.00	97.00	100.00	106.00	95.00	90.00	85.00	81.00	83.00	84.00	86.00	86.00	84.00	82.00	82.00	83.00	96.00	98.00	96.00	84.00	87.00	95.00	90.00	86.00	85.00	91.00	92.00	92.00	91.00	95.00	116.00	119.00	121.00	119.00	120.00	121.00	119.00	114.00	106.00	101.00	123.00	132.00	132.00	118.00	116.00	115.00	117.00	119.00	117.00	125.00	137.00	138.00	137.00	138.00	136.00	128.00	122.00	136.00	141.00	143.00	147.00	140.00	132.00	125.00	116.00	112.00	130.00	139.00	137.00	132.00	124.00	122.00	125.00	132.00	136.00	132.00	128.00	124.00	120.00	121.00	126.00	127.00	121.00	120.00	115.00	115.00	117.00	119.00	121.00	122.00	123.00	127.00	125.00	122.00	126.00	129.00	128.00	121.00	118.00	119.00	120.00	119.00	126.00	130.00	123.00	118.00	110.00	105.00	103.00	102.00	100.00	97.00	98.00	92.00	91.00	91.00	93.00	96.00	98.00	94.00	102.00	106.00	104.00	103.00	115.00	106.00	103.00	104.00	97.00	94.00	90.00	89.00	92.00	100.00	99.00	93.00	91.00	84.00	80.00	79.00	79.00	79.00	80.00	80.00	83.00	79.00	69.00	67.00	69.00	70.00	74.00	83.00	81.00	77.00	78.00	71.00	73.00	74.00	75.00	76.00
105.00	104.00	102.00	99.00	98.00	110.00	106.00	108.00	116.00	112.00	101.00	101.00	101.00	102.00	114.00	114.00	110.00	107.00	103.00	107.00	112.00	112.00	107.00	112.00	118.00	118.00	111.00	107.00	114.00	120.00	123.00	117.00	113.00	109.00	107.00	102.00	101.00	97.00	97.00	102.00	106.00	115.00	113.00	109.00	109.00	109.00	106.00	104.00	102.00	101.00	100.00	101.00	111.00	112.00	104.00	95.00	86.00	77.00	83.00	102.00	100.00	94.00	88.00	84.00	87.00	91.00	94.00	92.00	87.00	86.00	86.00	89.00	86.00	81.00	82.00	80.00	80.00	83.00	84.00	86.00	86.00	92.00	89.00	85.00	86.00	83.00	82.00	86.00	97.00	105.00	101.00	97.00	99.00	102.00	93.00	93.00	92.00	97.00	100.00	106.00	95.00	90.00	85.00	81.00	83.00	84.00	86.00	86.00	84.00	82.00	82.00	83.00	96.00	98.00	96.00	84.00	87.00	95.00	90.00	86.00	85.00	91.00	92.00	92.00	91.00	95.00	116.00	119.00	121.00	119.00	120.00	121.00	119.00	114.00	106.00	101.00	123.00	132.00	132.00	118.00	116.00	115.00	117.00	119.00	117.00	125.00	137.00	138.00	137.00	138.00	136.00	128.00	122.00	136.00	141.00	143.00	147.00	140.00	132.00	125.00	116.00	112.00	130.00	139.00	137.00	132.00	124.00	122.00	125.00	132.00	136.00	132.00	128.00	124.00	120.00	121.00	126.00	127.00	121.00	120.00	115.00	115.00	117.00	119.00	121.00	122.00	123.00	127.00	125.00	122.00	126.00	129.00	128.00	121.00	118.00	119.00	120.00	119.00	126.00	130.00	123.00	118.00	110.00	105.00	103.00	102.00	100.00	97.00	98.00	92.00	91.00	91.00	93.00	96.00	98.00	94.00	102.00	106.00	104.00	103.00	115.00	106.00	103.00	104.00	97.00	94.00	90.00	89.00	92.00	100.00	99.00	93.00	91.00	84.00	80.00	79.00	79.00	79.00	80.00	80.00	83.00	79.00	69.00	67.00	69.00	70.00	74.00	83.00	81.00	77.00	78.00	71.00	73.00	74.00	75.00	76.00
100.00	100.00	104.00	103.00	107.00	105.00	108.00	107.00	107.00	102.00	99.00	101.00	103.00	103.00	106.00	113.00	114.00	108.00	106.00	107.00	108.00	110.00	107.00	109.00	114.00	115.00	113.00	105.00	104.00	106.00	112.00	117.00	112.00	109.00	102.00	99.00	94.00	95.00	95.00	94.00	92.00	98.00	99.00	100.00	99.00	102.00	103.00	102.00	101.00	99.00	96.00	98.00	110.00	115.00	104.00	97.00	93.00	86.00	81.00	91.00	101.00	107.00	109.00	100.00	92.00	87.00	83.00	84.00	81.00	86.00	89.00	90.00	89.00	87.00	86.00	86.00	87.00	85.00	84.00	83.00	84.00	88.00	90.00	92.00	91.00	90.00	91.00	91.00	91.00	93.00	101.00	102.00	103.00	99.00	96.00	94.00	91.00	88.00	87.00	86.00	88.00	90.00	90.00	85.00	93.00	94.00	90.00	89.00	91.00	86.00	87.00	89.00	89.00	94.00	101.00	110.00	109.00	96.00	99.00	102.00	101.00	91.00	91.00	89.00	90.00	91.00	111.00	119.00	127.00	129.00	131.00	130.00	123.00	117.00	111.00	107.00	124.00	134.00	136.00	132.00	124.00	120.00	115.00	115.00	123.00	129.00	134.00	130.00	130.00	132.00	134.00	130.00	124.00	122.00	133.00	146.00	152.00	141.00	133.00	128.00	128.00	128.00	118.00	125.00	121.00	116.00	122.00	117.00	117.00	124.00	126.00	125.00	124.00	125.00	124.00	117.00	119.00	123.00	120.00	118.00	118.00	118.00	120.00	121.00	117.00	115.00	115.00	120.00	125.00	123.00	121.00	122.00	126.00	126.00	120.00	118.00	121.00	121.00	108.00	111.00	109.00	105.00	95.00	94.00	92.00	91.00	91.00	91.00	91.00	91.00	92.00	108.00	118.00	119.00	115.00	112.00	104.00	103.00	103.00	104.00	116.00	109.00	99.00	94.00	94.00	94.00	96.00	95.00	95.00	94.00	92.00	92.00	95.00	86.00	81.00	83.00	87.00	84.00	73.00	71.00	70.00	69.00	67.00	69.00	72.00	78.00	82.00	94.00	91.00	83.00	77.00	66.00	67.00	72.00	77.00	80.00
100.00	100.00	104.00	103.00	107.00	105.00	108.00	107.00	107.00	102.00	99.00	101.00	103.00	103.00	106.00	113.00	114.00	108.00	106.00	107.00	108.00	110.00	107.00	109.00	114.00	115.00	113.00	105.00	104.00	106.00	112.00	117.00	112.00	109.00	102.00	99.00	94.00	95.00	95.00	94.00	92.00	98.00	99.00	100.00	99.00	102.00	103.00	102.00	101.00	99.00	96.00	98.00	110.00	115.00	104.00	97.00	93.00	86.00	81.00	91.00	101.00	107.00	109.00	100.00	92.00	87.00	83.00	84.00	81.00	86.00	89.00	90.00	89.00	87.00	86.00	86.00	87.00	85.00	84.00	83.00	84.00	88.00	90.00	92.00	91.00	90.00	91.00	91.00	91.00	93.00	101.00	102.00	103.00	99.00	96.00	94.00	91.00	88.00	87.00	86.00	88.00	90.00	90.00	85.00	93.00	94.00	90.00	89.00	91.00	86.00	87.00	89.00	89.00	94.00	101.00	110.00	109.00	96.00	99.00	102.00	101.00	91.00	91.00	89.00	90.00	91.00	111.00	119.00	127.00	129.00	131.00	130.00	123.00	117.00	111.00	107.00	124.00	134.00	136.00	132.00	124.00	120.00	115.00	115.00	123.00	129.00	134.00	130.00	130.00	132.00	134.00	130.00	124.00	122.00	133.00	146.00	152.00	141.00	133.00	128.00	128.00	128.00	118.00	125.00	121.00	116.00	122.00	117.00	117.00	124.00	126.00	125.00	124.00	125.00	124.00	117.00	119.00	123.00	120.00	118.00	118.00	118.00	120.00	121.00	117.00	115.00	115.00	120.00	125.00	123.00	121.00	122.00	126.00	126.00	120.00	118.00	121.00	121.00	108.00	111.00	109.00	105.00	95.00	94.00	92.00	91.00	91.00	91.00	91.00	91.00	92.00	108.00	118.00	119.00	115.00	112.00	104.00	103.00	103.00	104.00	116.00	109.00	99.00	94.00	94.00	94.00	96.00	95.00	95.00	94.00	92.00	92.00	95.00	86.00	81.00	83.00	87.00	84.00	73.00	71.00	70.00	69.00	67.00	69.00	72.00	78.00	82.00	94.00	91.00	83.00	77.00	66.00	67.00	72.00	77.00	80.00
99.00	103.00	103.00	103.00	105.00	109.00	111.00	107.00	101.00	98.00	101.00	103.00	102.00	99.00	100.00	101.00	103.00	106.00	104.00	107.00	105.00	103.00	107.00	109.00	111.00	112.00	112.00	106.00	100.00	99.00	99.00	101.00	105.00	106.00	106.00	105.00	101.00	100.00	99.00	97.00	96.00	90.00	88.00	88.00	87.00	91.00	94.00	96.00	94.00	93.00	93.00	91.00	89.00	92.00	99.00	96.00	91.00	88.00	86.00	80.00	81.00	90.00	99.00	90.00	82.00	78.00	78.00	80.00	80.00	78.00	77.00	77.00	78.00	80.00	82.00	83.00	83.00	84.00	85.00	90.00	91.00	95.00	94.00	92.00	88.00	83.00	86.00	91.00	91.00	88.00	89.00	89.00	94.00	98.00	97.00	95.00	91.00	87.00	87.00	97.00	101.00	103.00	96.00	89.00	88.00	96.00	99.00	99.00	96.00	92.00	91.00	90.00	89.00	94.00	99.00	116.00	125.00	127.00	121.00	111.00	107.00	101.00	102.00	104.00	101.00	97.00	93.00	98.00	106.00	112.00	129.00	130.00	125.00	120.00	115.00	116.00	126.00	135.00	139.00	132.00	137.00	139.00	135.00	127.00	124.00	128.00	140.00	139.00	140.00	138.00	138.00	135.00	129.00	125.00	124.00	129.00	139.00	141.00	134.00	133.00	139.00	142.00	132.00	126.00	119.00	111.00	108.00	128.00	131.00	128.00	121.00	114.00	115.00	118.00	119.00	118.00	118.00	123.00	139.00	137.00	124.00	119.00	115.00	115.00	114.00	111.00	109.00	108.00	109.00	110.00	109.00	108.00	108.00	108.00	109.00	109.00	109.00	108.00	110.00	101.00	93.00	91.00	91.00	91.00	91.00	91.00	91.00	92.00	93.00	102.00	103.00	115.00	114.00	108.00	104.00	105.00	115.00	113.00	107.00	105.00	105.00	96.00	92.00	91.00	94.00	99.00	105.00	110.00	106.00	102.00	89.00	87.00	89.00	91.00	89.00	84.00	84.00	83.00	79.00	74.00	72.00	71.00	68.00	70.00	75.00	80.00	81.00	81.00	79.00	79.00	74.00	70.00	67.00	73.00	80.00	82.00
97.00	103.00	109.00	105.00	103.00	114.00	115.00	107.00	103.00	101.00	104.00	108.00	109.00	109.00	109.00	109.00	108.00	105.00	101.00	100.00	101.00	101.00	101.00	103.00	106.00	108.00	110.00	107.00	105.00	102.00	102.00	99.00	101.00	101.00	100.00	99.00	102.00	104.00	103.00	99.00	96.00	92.00	91.00	92.00	92.00	92.00	91.00	90.00	90.00	89.00	87.00	89.00	88.00	86.00	86.00	87.00	86.00	85.00	82.00	76.00	75.00	76.00	77.00	85.00	83.00	83.00	86.00	85.00	82.00	79.00	77.00	79.00	81.00	79.00	79.00	81.00	80.00	83.00	85.00	86.00	87.00	88.00	88.00	88.00	89.00	84.00	84.00	89.00	95.00	97.00	99.00	103.00	106.00	106.00	104.00	104.00	104.00	103.00	98.00	88.00	92.00	98.00	106.00	99.00	89.00	85.00	88.00	92.00	92.00	92.00	85.00	82.00	86.00	89.00	90.00	97.00	101.00	116.00	122.00	128.00	127.00	110.00	102.00	99.00	98.00	99.00	95.00	96.00	101.00	105.00	116.00	121.00	124.00	128.00	123.00	109.00	118.00	125.00	129.00	124.00	133.00	143.00	148.00	142.00	138.00	143.00	142.00	141.00	137.00	136.00	133.00	127.00	123.00	130.00	137.00	137.00	132.00	143.00	140.00	130.00	121.00	122.00	136.00	133.00	124.00	118.00	113.00	119.00	119.00	115.00	114.00	105.00	100.00	100.00	101.00	108.00	113.00	109.00	115.00	119.00	120.00	119.00	115.00	114.00	111.00	110.00	109.00	107.00	106.00	104.00	104.00	103.00	103.00	97.00	96.00	98.00	106.00	109.00	105.00	108.00	106.00	97.00	91.00	91.00	91.00	92.00	98.00	107.00	111.00	116.00	114.00	105.00	106.00	104.00	104.00	105.00	113.00	113.00	102.00	99.00	102.00	92.00	91.00	91.00	91.00	92.00	99.00	99.00	98.00	99.00	97.00	98.00	103.00	99.00	87.00	77.00	73.00	73.00	72.00	71.00	70.00	71.00	75.00	76.00	79.00	82.00	84.00	74.00	73.00	73.00	77.00	81.00	71.00	73.00	78.00	92.00
97.00	103.00	109.00	105.00	103.00	114.00	115.00	107.00	103.00	101.00	104.00	108.00	109.00	109.00	109.00	109.00	108.00	105.00	101.00	100.00	101.00	101.00	101.00	103.00	106.00	108.00	110.00	107.00	105.00	102.00	102.00	99.00	101.00	101.00	100.00	99.00	102.00	104.00	103.00	99.00	96.00	92.00	91.00	92.00	92.00	92.00	91.00	90.00	90.00	89.00	87.00	89.00	88.00	86.00	86.00	87.00	86.00	85.00	82.00	76.00	75.00	76.00	77.00	85.00	83.00	83.00	86.00	85.00	82.00	79.00	77.00	79.00	81.00	79.00	79.00	81.00	80.00	83.00	85.00	86.00	87.00	88.00	88.00	88.00	89.00	84.00	84.00	89.00	95.00	97.00	99.00	103.00	106.00	106.00	104.00	104.00	104.00	103.00	98.00	88.00	92.00	98.00	106.00	99.00	89.00	85.00	88.00	92.00	92.00	92.00	85.00	82.00	86.00	89.00	90.00	97.00	101.00	116.00	122.00	128.00	127.00	110.00	102.00	99.00	98.00	99.00	95.00	96.00	101.00	105.00	116.00	121.00	124.00	128.00	123.00	109.00	118.00	125.00	129.00	124.00	133.00	143.00	148.00	142.00	138.00	143.00	142.00	141.00	137.00	136.00	133.00	127.00	123.00	130.00	137.00	137.00	132.00	143.00	140.00	130.00	121.00	122.00	136.00	133.00	124.00	118.00	113.00	119.00	119.00	115.00	114.00	105.00	100.00	100.00	101.00	108.00	113.00	109.00	115.00	119.00	120.00	119.00	115.00	114.00	111.00	110.00	109.00	107.00	106.00	104.00	104.00	103.00	103.00	97.00	96.00	98.00	106.00	109.00	105.00	108.00	106.00	97.00	91.00	91.00	91.00	92.00	98.00	107.00	111.00	116.00	114.00	105.00	106.00	104.00	104.00	105.00	113.00	113.00	102.00	99.00	102.00	92.00	91.00	91.00	91.00	92.00	99.00	99.00	98.00	99.00	97.00	98.00	103.00	99.00	87.00	77.00	73.00	73.00	72.00	71.00	70.00	71.00	75.00	76.00	79.00	82.00	84.00	74.00	73.00	73.00	77.00	81.00	71.00	73.00	78.00	92.00
99.00	103.00	105.00	106.00	110.00	111.00	105.00	97.00	95.00	96.00	103.00	104.00	106.00	104.00	104.00	105.00	107.00	107.00	109.00	110.00	110.00	110.00	111.00	103.00	103.00	104.00	111.00	116.00	113.00	109.00	107.00	107.00	104.00	102.00	101.00	99.00	100.00	104.00	104.00	102.00	99.00	94.00	93.00	92.00	91.00	89.00	88.00	89.00	90.00	92.00	93.00	93.00	91.00	90.00	86.00	85.00	84.00	84.00	84.00	79.00	77.00	77.00	78.00	86.00	90.00	92.00	91.00	92.00	88.00	85.00	82.00	80.00	77.00	78.00	79.00	81.00	85.00	88.00	87.00	84.00	83.00	79.00	79.00	80.00	89.00	82.00	80.00	82.00	89.00	97.00	110.00	112.00	114.00	114.00	102.00	97.00	101.00	109.00	111.00	106.00	100.00	94.00	90.00	98.00	104.00	99.00	92.00	87.00	90.00	89.00	87.00	86.00	98.00	101.00	103.00	116.00	117.00	119.00	117.00	118.00	120.00	123.00	119.00	116.00	111.00	108.00	101.00	100.00	101.00	102.00	110.00	114.00	119.00	122.00	121.00	114.00	120.00	127.00	130.00	127.00	128.00	132.00	140.00	142.00	138.00	140.00	138.00	133.00	126.00	125.00	126.00	122.00	118.00	123.00	130.00	133.00	133.00	123.00	126.00	127.00	127.00	122.00	127.00	133.00	131.00	128.00	119.00	116.00	113.00	109.00	103.00	97.00	97.00	96.00	96.00	96.00	96.00	96.00	99.00	100.00	105.00	109.00	113.00	116.00	114.00	110.00	108.00	104.00	103.00	104.00	104.00	103.00	102.00	105.00	103.00	100.00	98.00	99.00	111.00	106.00	102.00	102.00	113.00	108.00	104.00	107.00	113.00	107.00	108.00	107.00	107.00	111.00	105.00	107.00	117.00	122.00	114.00	108.00	99.00	97.00	95.00	91.00	91.00	91.00	91.00	94.00	99.00	98.00	96.00	106.00	105.00	104.00	107.00	97.00	87.00	78.00	75.00	76.00	78.00	75.00	77.00	82.00	76.00	71.00	72.00	75.00	80.00	78.00	76.00	72.00	71.00	69.00	66.00	64.00	67.00	78.00
110.00	102.00	97.00	95.00	97.00	98.00	96.00	93.00	94.00	96.00	108.00	110.00	102.00	97.00	98.00	102.00	103.00	105.00	107.00	107.00	106.00	112.00	115.00	113.00	108.00	104.00	101.00	112.00	119.00	118.00	112.00	103.00	99.00	99.00	101.00	101.00	99.00	106.00	106.00	107.00	106.00	96.00	95.00	93.00	92.00	92.00	91.00	90.00	88.00	89.00	90.00	88.00	85.00	86.00	87.00	85.00	83.00	83.00	83.00	76.00	75.00	75.00	74.00	85.00	93.00	97.00	101.00	105.00	90.00	86.00	84.00	84.00	83.00	82.00	81.00	80.00	83.00	94.00	91.00	86.00	84.00	85.00	87.00	92.00	98.00	99.00	94.00	87.00	87.00	91.00	109.00	113.00	113.00	107.00	95.00	98.00	103.00	105.00	105.00	104.00	105.00	105.00	102.00	89.00	84.00	91.00	94.00	93.00	91.00	92.00	92.00	91.00	88.00	91.00	95.00	109.00	117.00	123.00	123.00	122.00	120.00	108.00	105.00	108.00	116.00	121.00	113.00	107.00	105.00	108.00	109.00	109.00	113.00	117.00	119.00	115.00	114.00	126.00	136.00	137.00	131.00	123.00	115.00	110.00	124.00	125.00	122.00	121.00	126.00	127.00	120.00	115.00	113.00	117.00	121.00	127.00	130.00	122.00	121.00	119.00	120.00	125.00	133.00	130.00	131.00	131.00	124.00	116.00	114.00	114.00	111.00	102.00	98.00	96.00	96.00	103.00	100.00	96.00	96.00	96.00	96.00	97.00	96.00	98.00	102.00	102.00	99.00	98.00	97.00	108.00	103.00	105.00	107.00	108.00	111.00	112.00	111.00	107.00	106.00	114.00	110.00	108.00	128.00	131.00	127.00	117.00	106.00	101.00	101.00	105.00	106.00	111.00	110.00	106.00	104.00	105.00	105.00	103.00	102.00	99.00	91.00	91.00	91.00	93.00	98.00	96.00	95.00	96.00	97.00	98.00	108.00	107.00	103.00	96.00	90.00	80.00	73.00	70.00	74.00	72.00	76.00	83.00	75.00	72.00	69.00	68.00	71.00	82.00	80.00	74.00	71.00	72.00	71.00	71.00	80.00	90.00
110.00	102.00	97.00	95.00	97.00	98.00	96.00	93.00	94.00	96.00	108.00	110.00	102.00	97.00	98.00	102.00	103.00	105.00	107.00	107.00	106.00	112.00	115.00	113.00	108.00	104.00	101.00	112.00	119.00	118.00	112.00	103.00	99.00	99.00	101.00	101.00	99.00	106.00	106.00	107.00	106.00	96.00	95.00	93.00	92.00	92.00	91.00	90.00	88.00	89.00	90.00	88.00	85.00	86.00	87.00	85.00	83.00	83.00	83.00	76.00	75.00	75.00	74.00	85.00	93.00	97.00	101.00	105.00	90.00	86.00	84.00	84.00	83.00	82.00	81.00	80.00	83.00	94.00	91.00	86.00	84.00	85.00	87.00	92.00	98.00	99.00	94.00	87.00	87.00	91.00	109.00	113.00	113.00	107.00	95.00	98.00	103.00	105.00	105.00	104.00	105.00	105.00	102.00	89.00	84.00	91.00	94.00	93.00	91.00	92.00	92.00	91.00	88.00	91.00	95.00	109.00	117.00	123.00	123.00	122.00	120.00	108.00	105.00	108.00	116.00	121.00	113.00	107.00	105.00	108.00	109.00	109.00	113.00	117.00	119.00	115.00	114.00	126.00	136.00	137.00	131.00	123.00	115.00	110.00	124.00	125.00	122.00	121.00	126.00	127.00	120.00	115.00	113.00	117.00	121.00	127.00	130.00	122.00	121.00	119.00	120.00	125.00	133.00	130.00	131.00	131.00	124.00	116.00	114.00	114.00	111.00	102.00	98.00	96.00	96.00	103.00	100.00	96.00	96.00	96.00	96.00	97.00	96.00	98.00	102.00	102.00	99.00	98.00	97.00	108.00	103.00	105.00	107.00	108.00	111.00	112.00	111.00	107.00	106.00	114.00	110.00	108.00	128.00	131.00	127.00	117.00	106.00	101.00	101.00	105.00	106.00	111.00	110.00	106.00	104.00	105.00	105.00	103.00	102.00	99.00	91.00	91.00	91.00	93.00	98.00	96.00	95.00	96.00	97.00	98.00	108.00	107.00	103.00	96.00	90.00	80.00	73.00	70.00	74.00	72.00	76.00	83.00	75.00	72.00	69.00	68.00	71.00	82.00	80.00	74.00	71.00	72.00	71.00	71.00	80.00	90.00
108.00	106.00	105.00	99.00	96.00	101.00	103.00	97.00	95.00	96.00	104.00	101.00	97.00	95.00	100.00	107.00	112.00	118.00	112.00	110.00	110.00	118.00	120.00	114.00	111.00	109.00	105.00	111.00	119.00	122.00	119.00	97.00	96.00	99.00	102.00	110.00	111.00	109.00	106.00	101.00	100.00	96.00	94.00	92.00	93.00	94.00	90.00	89.00	87.00	87.00	90.00	92.00	89.00	87.00	85.00	84.00	84.00	86.00	83.00	82.00	83.00	82.00	81.00	92.00	94.00	97.00	101.00	104.00	103.00	95.00	86.00	82.00	79.00	80.00	82.00	83.00	84.00	88.00	86.00	83.00	83.00	95.00	97.00	97.00	93.00	92.00	94.00	92.00	89.00	87.00	85.00	86.00	89.00	96.00	114.00	121.00	125.00	131.00	129.00	117.00	112.00	107.00	103.00	96.00	91.00	92.00	95.00	97.00	95.00	90.00	89.00	87.00	84.00	84.00	89.00	99.00	103.00	113.00	119.00	119.00	119.00	122.00	116.00	115.00	119.00	123.00	130.00	127.00	120.00	116.00	112.00	112.00	112.00	114.00	116.00	116.00	113.00	118.00	121.00	128.00	131.00	128.00	121.00	113.00	115.00	120.00	121.00	120.00	122.00	128.00	128.00	125.00	117.00	113.00	117.00	121.00	127.00	133.00	125.00	119.00	114.00	117.00	135.00	140.00	141.00	145.00	149.00	130.00	119.00	110.00	103.00	103.00	105.00	108.00	110.00	106.00	105.00	104.00	101.00	107.00	113.00	112.00	112.00	108.00	97.00	96.00	96.00	96.00	96.00	102.00	109.00	113.00	110.00	112.00	110.00	110.00	112.00	106.00	102.00	112.00	119.00	120.00	115.00	120.00	120.00	120.00	117.00	103.00	98.00	105.00	117.00	105.00	112.00	108.00	98.00	98.00	100.00	100.00	101.00	101.00	91.00	92.00	94.00	98.00	94.00	92.00	92.00	95.00	97.00	94.00	93.00	95.00	98.00	92.00	86.00	77.00	74.00	75.00	83.00	89.00	88.00	88.00	87.00	88.00	87.00	85.00	79.00	86.00	93.00	93.00	82.00	68.00	69.00	73.00	79.00	87.00
108.00	106.00	105.00	99.00	96.00	101.00	103.00	97.00	95.00	96.00	104.00	101.00	97.00	95.00	100.00	107.00	112.00	118.00	112.00	110.00	110.00	118.00	120.00	114.00	111.00	109.00	105.00	111.00	119.00	122.00	119.00	97.00	96.00	99.00	102.00	110.00	111.00	109.00	106.00	101.00	100.00	96.00	94.00	92.00	93.00	94.00	90.00	89.00	87.00	87.00	90.00	92.00	89.00	87.00	85.00	84.00	84.00	86.00	83.00	82.00	83.00	82.00	81.00	92.00	94.00	97.00	101.00	104.00	103.00	95.00	86.00	82.00	79.00	80.00	82.00	83.00	84.00	88.00	86.00	83.00	83.00	95.00	97.00	97.00	93.00	92.00	94.00	92.00	89.00	87.00	85.00	86.00	89.00	96.00	114.00	121.00	125.00	131.00	129.00	117.00	112.00	107.00	103.00	96.00	91.00	92.00	95.00	97.00	95.00	90.00	89.00	87.00	84.00	84.00	89.00	99.00	103.00	113.00	119.00	119.00	119.00	122.00	116.00	115.00	119.00	123.00	130.00	127.00	120.00	116.00	112.00	112.00	112.00	114.00	116.00	116.00	113.00	118.00	121.00	128.00	131.00	128.00	121.00	113.00	115.00	120.00	121.00	120.00	122.00	128.00	128.00	125.00	117.00	113.00	117.00	121.00	127.00	133.00	125.00	119.00	114.00	117.00	135.00	140.00	141.00	145.00	149.00	130.00	119.00	110.00	103.00	103.00	105.00	108.00	110.00	106.00	105.00	104.00	101.00	107.00	113.00	112.00	112.00	108.00	97.00	96.00	96.00	96.00	96.00	102.00	109.00	113.00	110.00	112.00	110.00	110.00	112.00	106.00	102.00	112.00	119.00	120.00	115.00	120.00	120.00	120.00	117.00	103.00	98.00	105.00	117.00	105.00	112.00	108.00	98.00	98.00	100.00	100.00	101.00	101.00	91.00	92.00	94.00	98.00	94.00	92.00	92.00	95.00	97.00	94.00	93.00	95.00	98.00	92.00	86.00	77.00	74.00	75.00	83.00	89.00	88.00	88.00	87.00	88.00	87.00	85.00	79.00	86.00	93.00	93.00	82.00	68.00	69.00	73.00	79.00	87.00
98.00	100.00	102.00	101.00	99.00	97.00	99.00	95.00	96.00	99.00	96.00	95.00	96.00	100.00	116.00	123.00	118.00	117.00	120.00	115.00	113.00	118.00	123.00	122.00	122.00	125.00	123.00	106.00	113.00	121.00	121.00	117.00	107.00	103.00	101.00	99.00	103.00	109.00	110.00	107.00	100.00	89.00	88.00	88.00	88.00	89.00	91.00	87.00	84.00	83.00	85.00	88.00	88.00	86.00	84.00	85.00	84.00	84.00	84.00	83.00	83.00	83.00	84.00	85.00	88.00	89.00	94.00	99.00	108.00	102.00	95.00	89.00	82.00	78.00	77.00	78.00	78.00	87.00	94.00	94.00	90.00	102.00	107.00	113.00	113.00	102.00	100.00	96.00	92.00	89.00	101.00	111.00	118.00	124.00	120.00	119.00	123.00	122.00	124.00	116.00	113.00	111.00	109.00	101.00	93.00	92.00	96.00	104.00	109.00	101.00	93.00	91.00	98.00	100.00	103.00	107.00	111.00	110.00	106.00	109.00	117.00	126.00	124.00	123.00	123.00	126.00	136.00	138.00	137.00	135.00	123.00	118.00	114.00	113.00	114.00	121.00	115.00	114.00	114.00	114.00	114.00	117.00	121.00	119.00	113.00	116.00	116.00	115.00	119.00	121.00	121.00	122.00	128.00	125.00	121.00	119.00	117.00	113.00	115.00	120.00	123.00	120.00	111.00	115.00	120.00	131.00	145.00	133.00	129.00	122.00	115.00	107.00	104.00	106.00	109.00	112.00	110.00	109.00	107.00	114.00	117.00	122.00	127.00	128.00	122.00	117.00	111.00	106.00	103.00	103.00	104.00	102.00	101.00	108.00	111.00	119.00	121.00	118.00	113.00	109.00	106.00	109.00	116.00	115.00	109.00	106.00	106.00	103.00	103.00	102.00	107.00	106.00	101.00	98.00	96.00	106.00	123.00	116.00	107.00	104.00	98.00	105.00	110.00	105.00	92.00	94.00	95.00	95.00	96.00	97.00	96.00	90.00	90.00	98.00	91.00	78.00	73.00	80.00	105.00	113.00	107.00	95.00	90.00	89.00	91.00	95.00	95.00	86.00	85.00	89.00	90.00	77.00	76.00	75.00	78.00	76.00
98.00	100.00	102.00	101.00	99.00	97.00	99.00	95.00	96.00	99.00	96.00	95.00	96.00	100.00	116.00	123.00	118.00	117.00	120.00	115.00	113.00	118.00	123.00	122.00	122.00	125.00	123.00	106.00	113.00	121.00	121.00	117.00	107.00	103.00	101.00	99.00	103.00	109.00	110.00	107.00	100.00	89.00	88.00	88.00	88.00	89.00	91.00	87.00	84.00	83.00	85.00	88.00	88.00	86.00	84.00	85.00	84.00	84.00	84.00	83.00	83.00	83.00	84.00	85.00	88.00	89.00	94.00	99.00	108.00	102.00	95.00	89.00	82.00	78.00	77.00	78.00	78.00	87.00	94.00	94.00	90.00	102.00	107.00	113.00	113.00	102.00	100.00	96.00	92.00	89.00	101.00	111.00	118.00	124.00	120.00	119.00	123.00	122.00	124.00	116.00	113.00	111.00	109.00	101.00	93.00	92.00	96.00	104.00	109.00	101.00	93.00	91.00	98.00	100.00	103.00	107.00	111.00	110.00	106.00	109.00	117.00	126.00	124.00	123.00	123.00	126.00	136.00	138.00	137.00	135.00	123.00	118.00	114.00	113.00	114.00	121.00	115.00	114.00	114.00	114.00	114.00	117.00	121.00	119.00	113.00	116.00	116.00	115.00	119.00	121.00	121.00	122.00	128.00	125.00	121.00	119.00	117.00	113.00	115.00	120.00	123.00	120.00	111.00	115.00	120.00	131.00	145.00	133.00	129.00	122.00	115.00	107.00	104.00	106.00	109.00	112.00	110.00	109.00	107.00	114.00	117.00	122.00	127.00	128.00	122.00	117.00	111.00	106.00	103.00	103.00	104.00	102.00	101.00	108.00	111.00	119.00	121.00	118.00	113.00	109.00	106.00	109.00	116.00	115.00	109.00	106.00	106.00	103.00	103.00	102.00	107.00	106.00	101.00	98.00	96.00	106.00	123.00	116.00	107.00	104.00	98.00	105.00	110.00	105.00	92.00	94.00	95.00	95.00	96.00	97.00	96.00	90.00	90.00	98.00	91.00	78.00	73.00	80.00	105.00	113.00	107.00	95.00	90.00	89.00	91.00	95.00	95.00	86.00	85.00	89.00	90.00	77.00	76.00	75.00	78.00	76.00
107.00	103.00	101.00	101.00	101.00	98.00	96.00	94.00	96.00	107.00	102.00	96.00	96.00	95.00	106.00	117.00	124.00	121.00	118.00	117.00	117.00	115.00	118.00	119.00	120.00	124.00	126.00	109.00	104.00	111.00	116.00	104.00	103.00	99.00	96.00	94.00	92.00	94.00	93.00	97.00	100.00	91.00	91.00	91.00	89.00	88.00	89.00	89.00	88.00	87.00	84.00	81.00	82.00	84.00	87.00	87.00	88.00	86.00	86.00	83.00	83.00	85.00	87.00	88.00	88.00	85.00	84.00	82.00	85.00	88.00	89.00	89.00	88.00	79.00	78.00	79.00	80.00	87.00	88.00	86.00	91.00	109.00	109.00	104.00	105.00	101.00	102.00	104.00	105.00	106.00	115.00	126.00	132.00	134.00	120.00	118.00	122.00	122.00	121.00	113.00	110.00	107.00	102.00	96.00	98.00	99.00	91.00	87.00	93.00	100.00	102.00	97.00	95.00	101.00	108.00	123.00	124.00	122.00	117.00	119.00	121.00	121.00	118.00	112.00	108.00	108.00	121.00	123.00	119.00	117.00	131.00	135.00	136.00	132.00	127.00	119.00	118.00	120.00	119.00	112.00	110.00	108.00	109.00	111.00	115.00	119.00	120.00	120.00	121.00	120.00	120.00	118.00	116.00	126.00	130.00	129.00	126.00	114.00	110.00	110.00	117.00	123.00	123.00	114.00	110.00	107.00	113.00	135.00	143.00	142.00	141.00	118.00	109.00	108.00	110.00	119.00	117.00	114.00	110.00	110.00	117.00	116.00	113.00	117.00	116.00	117.00	114.00	109.00	108.00	114.00	111.00	110.00	108.00	107.00	103.00	104.00	108.00	111.00	91.00	103.00	111.00	111.00	114.00	115.00	112.00	105.00	103.00	107.00	112.00	116.00	114.00	110.00	110.00	108.00	105.00	101.00	111.00	115.00	113.00	106.00	104.00	111.00	111.00	106.00	95.00	93.00	94.00	103.00	106.00	103.00	99.00	93.00	90.00	91.00	86.00	83.00	87.00	92.00	97.00	99.00	101.00	100.00	99.00	96.00	99.00	101.00	106.00	95.00	87.00	84.00	90.00	86.00	82.00	78.00	79.00	81.00
107.00	103.00	101.00	101.00	101.00	98.00	96.00	94.00	96.00	107.00	102.00	96.00	96.00	95.00	106.00	117.00	124.00	121.00	118.00	117.00	117.00	115.00	118.00	119.00	120.00	124.00	126.00	109.00	104.00	111.00	116.00	104.00	103.00	99.00	96.00	94.00	92.00	94.00	93.00	97.00	100.00	91.00	91.00	91.00	89.00	88.00	89.00	89.00	88.00	87.00	84.00	81.00	82.00	84.00	87.00	87.00	88.00	86.00	86.00	83.00	83.00	85.00	87.00	88.00	88.00	85.00	84.00	82.00	85.00	88.00	89.00	89.00	88.00	79.00	78.00	79.00	80.00	87.00	88.00	86.00	91.00	109.00	109.00	104.00	105.00	101.00	102.00	104.00	105.00	106.00	115.00	126.00	132.00	134.00	120.00	118.00	122.00	122.00	121.00	113.00	110.00	107.00	102.00	96.00	98.00	99.00	91.00	87.00	93.00	100.00	102.00	97.00	95.00	101.00	108.00	123.00	124.00	122.00	117.00	119.00	121.00	121.00	118.00	112.00	108.00	108.00	121.00	123.00	119.00	117.00	131.00	135.00	136.00	132.00	127.00	119.00	118.00	120.00	119.00	112.00	110.00	108.00	109.00	111.00	115.00	119.00	120.00	120.00	121.00	120.00	120.00	118.00	116.00	126.00	130.00	129.00	126.00	114.00	110.00	110.00	117.00	123.00	123.00	114.00	110.00	107.00	113.00	135.00	143.00	142.00	141.00	118.00	109.00	108.00	110.00	119.00	117.00	114.00	110.00	110.00	117.00	116.00	113.00	117.00	116.00	117.00	114.00	109.00	108.00	114.00	111.00	110.00	108.00	107.00	103.00	104.00	108.00	111.00	91.00	103.00	111.00	111.00	114.00	115.00	112.00	105.00	103.00	107.00	112.00	116.00	114.00	110.00	110.00	108.00	105.00	101.00	111.00	115.00	113.00	106.00	104.00	111.00	111.00	106.00	95.00	93.00	94.00	103.00	106.00	103.00	99.00	93.00	90.00	91.00	86.00	83.00	87.00	92.00	97.00	99.00	101.00	100.00	99.00	96.00	99.00	101.00	106.00	95.00	87.00	84.00	90.00	86.00	82.00	78.00	79.00	81.00
101.00	103.00	101.00	99.00	98.00	104.00	101.00	99.00	97.00	107.00	102.00	98.00	96.00	96.00	95.00	96.00	106.00	110.00	116.00	113.00	108.00	114.00	121.00	123.00	119.00	115.00	119.00	123.00	112.00	107.00	108.00	110.00	106.00	105.00	106.00	106.00	104.00	98.00	96.00	94.00	91.00	94.00	94.00	96.00	92.00	94.00	92.00	92.00	91.00	89.00	83.00	82.00	83.00	81.00	83.00	83.00	83.00	82.00	81.00	81.00	83.00	86.00	88.00	88.00	89.00	89.00	90.00	90.00	88.00	84.00	83.00	85.00	90.00	89.00	84.00	83.00	83.00	92.00	90.00	87.00	86.00	110.00	118.00	115.00	98.00	108.00	109.00	108.00	107.00	108.00	117.00	125.00	129.00	131.00	118.00	114.00	113.00	111.00	110.00	110.00	109.00	106.00	103.00	102.00	101.00	102.00	101.00	95.00	93.00	94.00	97.00	99.00	104.00	107.00	107.00	103.00	105.00	112.00	112.00	113.00	112.00	122.00	124.00	123.00	119.00	115.00	117.00	122.00	123.00	122.00	118.00	118.00	121.00	126.00	125.00	115.00	109.00	106.00	107.00	109.00	109.00	107.00	110.00	115.00	120.00	120.00	127.00	129.00	125.00	120.00	116.00	115.00	110.00	114.00	119.00	121.00	122.00	117.00	112.00	108.00	107.00	109.00	120.00	121.00	122.00	114.00	115.00	109.00	110.00	117.00	121.00	131.00	122.00	112.00	110.00	121.00	125.00	123.00	114.00	114.00	111.00	113.00	116.00	112.00	91.00	92.00	108.00	112.00	114.00	118.00	123.00	121.00	118.00	112.00	103.00	96.00	96.00	106.00	102.00	105.00	109.00	112.00	114.00	113.00	112.00	110.00	109.00	105.00	108.00	115.00	118.00	116.00	111.00	105.00	103.00	99.00	100.00	102.00	101.00	96.00	91.00	94.00	96.00	93.00	92.00	92.00	93.00	96.00	100.00	97.00	101.00	99.00	95.00	90.00	93.00	97.00	100.00	102.00	104.00	104.00	105.00	102.00	98.00	93.00	91.00	92.00	93.00	97.00	94.00	92.00	92.00	80.00	76.00	72.00	70.00	66.00
116.00	116.00	108.00	96.00	94.00	100.00	104.00	105.00	104.00	99.00	99.00	99.00	102.00	100.00	97.00	99.00	100.00	103.00	97.00	98.00	109.00	106.00	110.00	126.00	124.00	124.00	124.00	118.00	114.00	108.00	105.00	106.00	116.00	120.00	116.00	107.00	97.00	96.00	95.00	96.00	96.00	90.00	92.00	90.00	92.00	95.00	92.00	95.00	93.00	90.00	83.00	82.00	89.00	88.00	84.00	83.00	84.00	86.00	86.00	86.00	83.00	82.00	82.00	82.00	87.00	90.00	88.00	86.00	84.00	84.00	84.00	82.00	80.00	80.00	80.00	82.00	88.00	94.00	97.00	100.00	101.00	98.00	98.00	97.00	104.00	110.00	112.00	111.00	107.00	107.00	115.00	117.00	119.00	122.00	125.00	122.00	116.00	113.00	108.00	104.00	109.00	112.00	112.00	109.00	114.00	105.00	97.00	94.00	94.00	97.00	97.00	94.00	97.00	100.00	101.00	96.00	94.00	98.00	97.00	98.00	100.00	110.00	116.00	115.00	117.00	117.00	116.00	119.00	126.00	132.00	130.00	122.00	116.00	110.00	109.00	114.00	115.00	111.00	109.00	108.00	109.00	108.00	105.00	108.00	130.00	133.00	129.00	132.00	133.00	130.00	121.00	118.00	116.00	110.00	107.00	108.00	111.00	112.00	107.00	105.00	105.00	107.00	113.00	120.00	124.00	123.00	118.00	129.00	122.00	112.00	107.00	106.00	112.00	112.00	111.00	123.00	127.00	130.00	133.00	123.00	116.00	114.00	112.00	109.00	104.00	111.00	117.00	116.00	113.00	98.00	102.00	111.00	118.00	117.00	115.00	116.00	115.00	114.00	111.00	111.00	115.00	120.00	123.00	121.00	118.00	113.00	107.00	103.00	103.00	105.00	108.00	120.00	117.00	111.00	103.00	97.00	98.00	97.00	96.00	93.00	98.00	98.00	94.00	92.00	97.00	99.00	101.00	104.00	106.00	99.00	104.00	111.00	111.00	106.00	104.00	104.00	100.00	97.00	99.00	101.00	102.00	98.00	89.00	83.00	80.00	79.00	81.00	96.00	93.00	83.00	76.00	64.00	69.00	74.00	75.00	73.00
116.00	116.00	108.00	96.00	94.00	100.00	104.00	105.00	104.00	99.00	99.00	99.00	102.00	100.00	97.00	99.00	100.00	103.00	97.00	98.00	109.00	106.00	110.00	126.00	124.00	124.00	124.00	118.00	114.00	108.00	105.00	106.00	116.00	120.00	116.00	107.00	97.00	96.00	95.00	96.00	96.00	90.00	92.00	90.00	92.00	95.00	92.00	95.00	93.00	90.00	83.00	82.00	89.00	88.00	84.00	83.00	84.00	86.00	86.00	86.00	83.00	82.00	82.00	82.00	87.00	90.00	88.00	86.00	84.00	84.00	84.00	82.00	80.00	80.00	80.00	82.00	88.00	94.00	97.00	100.00	101.00	98.00	98.00	97.00	104.00	110.00	112.00	111.00	107.00	107.00	115.00	117.00	119.00	122.00	125.00	122.00	116.00	113.00	108.00	104.00	109.00	112.00	112.00	109.00	114.00	105.00	97.00	94.00	94.00	97.00	97.00	94.00	97.00	100.00	101.00	96.00	94.00	98.00	97.00	98.00	100.00	110.00	116.00	115.00	117.00	117.00	116.00	119.00	126.00	132.00	130.00	122.00	116.00	110.00	109.00	114.00	115.00	111.00	109.00	108.00	109.00	108.00	105.00	108.00	130.00	133.00	129.00	132.00	133.00	130.00	121.00	118.00	116.00	110.00	107.00	108.00	111.00	112.00	107.00	105.00	105.00	107.00	113.00	120.00	124.00	123.00	118.00	129.00	122.00	112.00	107.00	106.00	112.00	112.00	111.00	123.00	127.00	130.00	133.00	123.00	116.00	114.00	112.00	109.00	104.00	111.00	117.00	116.00	113.00	98.00	102.00	111.00	118.00	117.00	115.00	116.00	115.00	114.00	111.00	111.00	115.00	120.00	123.00	121.00	118.00	113.00	107.00	103.00	103.00	105.00	108.00	120.00	117.00	111.00	103.00	97.00	98.00	97.00	96.00	93.00	98.00	98.00	94.00	92.00	97.00	99.00	101.00	104.00	106.00	99.00	104.00	111.00	111.00	106.00	104.00	104.00	100.00	97.00	99.00	101.00	102.00	98.00	89.00	83.00	80.00	79.00	81.00	96.00	93.00	83.00	76.00	64.00	69.00	74.00	75.00	73.00
96.00	104.00	103.00	104.00	103.00	102.00	101.00	104.00	104.00	105.00	95.00	97.00	100.00	97.00	97.00	99.00	100.00	100.00	98.00	101.00	110.00	111.00	106.00	118.00	115.00	118.00	125.00	114.00	112.00	106.00	106.00	109.00	105.00	110.00	108.00	105.00	97.00	90.00	89.00	93.00	96.00	91.00	91.00	92.00	94.00	95.00	94.00	92.00	93.00	91.00	75.00	78.00	88.00	92.00	88.00	87.00	86.00	84.00	82.00	82.00	83.00	83.00	83.00	89.00	88.00	89.00	89.00	88.00	83.00	84.00	85.00	84.00	83.00	84.00	83.00	82.00	87.00	96.00	96.00	98.00	99.00	97.00	96.00	98.00	99.00	103.00	106.00	109.00	113.00	112.00	113.00	114.00	116.00	117.00	115.00	114.00	114.00	112.00	107.00	101.00	103.00	106.00	110.00	113.00	109.00	108.00	103.00	99.00	96.00	97.00	99.00	99.00	94.00	97.00	100.00	100.00	97.00	96.00	95.00	94.00	94.00	110.00	110.00	110.00	114.00	118.00	122.00	117.00	114.00	113.00	115.00	117.00	118.00	117.00	114.00	113.00	120.00	119.00	115.00	112.00	113.00	113.00	122.00	122.00	108.00	115.00	127.00	128.00	132.00	132.00	130.00	124.00	119.00	114.00	109.00	107.00	106.00	116.00	115.00	112.00	106.00	109.00	118.00	122.00	123.00	121.00	112.00	107.00	110.00	112.00	115.00	115.00	111.00	108.00	107.00	116.00	122.00	121.00	115.00	120.00	117.00	111.00	105.00	105.00	108.00	112.00	118.00	119.00	113.00	119.00	122.00	123.00	121.00	123.00	115.00	111.00	107.00	107.00	113.00	123.00	122.00	121.00	116.00	121.00	118.00	115.00	110.00	108.00	112.00	109.00	106.00	107.00	108.00	104.00	106.00	100.00	96.00	99.00	105.00	109.00	111.00	113.00	106.00	96.00	94.00	99.00	101.00	100.00	102.00	104.00	99.00	102.00	106.00	102.00	94.00	89.00	85.00	83.00	81.00	80.00	85.00	79.00	77.00	77.00	78.00	87.00	96.00	93.00	88.00	79.00	74.00	71.00	76.00	81.00	80.00	73.00
96.00	104.00	103.00	104.00	103.00	102.00	101.00	104.00	104.00	105.00	95.00	97.00	100.00	97.00	97.00	99.00	100.00	100.00	98.00	101.00	110.00	111.00	106.00	118.00	115.00	118.00	125.00	114.00	112.00	106.00	106.00	109.00	105.00	110.00	108.00	105.00	97.00	90.00	89.00	93.00	96.00	91.00	91.00	92.00	94.00	95.00	94.00	92.00	93.00	91.00	75.00	78.00	88.00	92.00	88.00	87.00	86.00	84.00	82.00	82.00	83.00	83.00	83.00	89.00	88.00	89.00	89.00	88.00	83.00	84.00	85.00	84.00	83.00	84.00	83.00	82.00	87.00	96.00	96.00	98.00	99.00	97.00	96.00	98.00	99.00	103.00	106.00	109.00	113.00	112.00	113.00	114.00	116.00	117.00	115.00	114.00	114.00	112.00	107.00	101.00	103.00	106.00	110.00	113.00	109.00	108.00	103.00	99.00	96.00	97.00	99.00	99.00	94.00	97.00	100.00	100.00	97.00	96.00	95.00	94.00	94.00	110.00	110.00	110.00	114.00	118.00	122.00	117.00	114.00	113.00	115.00	117.00	118.00	117.00	114.00	113.00	120.00	119.00	115.00	112.00	113.00	113.00	122.00	122.00	108.00	115.00	127.00	128.00	132.00	132.00	130.00	124.00	119.00	114.00	109.00	107.00	106.00	116.00	115.00	112.00	106.00	109.00	118.00	122.00	123.00	121.00	112.00	107.00	110.00	112.00	115.00	115.00	111.00	108.00	107.00	116.00	122.00	121.00	115.00	120.00	117.00	111.00	105.00	105.00	108.00	112.00	118.00	119.00	113.00	119.00	122.00	123.00	121.00	123.00	115.00	111.00	107.00	107.00	113.00	123.00	122.00	121.00	116.00	121.00	118.00	115.00	110.00	108.00	112.00	109.00	106.00	107.00	108.00	104.00	106.00	100.00	96.00	99.00	105.00	109.00	111.00	113.00	106.00	96.00	94.00	99.00	101.00	100.00	102.00	104.00	99.00	102.00	106.00	102.00	94.00	89.00	85.00	83.00	81.00	80.00	85.00	79.00	77.00	77.00	78.00	87.00	96.00	93.00	88.00	79.00	74.00	71.00	76.00	81.00	80.00	73.00
92.00	96.00	100.00	98.00	98.00	108.00	109.00	108.00	103.00	92.00	95.00	96.00	101.00	100.00	104.00	103.00	99.00	97.00	96.00	99.00	102.00	97.00	102.00	118.00	114.00	117.00	127.00	118.00	118.00	115.00	108.00	110.00	128.00	131.00	125.00	107.00	93.00	91.00	87.00	88.00	95.00	88.00	87.00	86.00	87.00	88.00	90.00	91.00	93.00	92.00	76.00	79.00	90.00	91.00	87.00	85.00	83.00	84.00	85.00	90.00	93.00	92.00	91.00	91.00	94.00	94.00	93.00	89.00	90.00	90.00	90.00	90.00	87.00	85.00	89.00	92.00	98.00	110.00	105.00	100.00	96.00	94.00	95.00	96.00	99.00	101.00	100.00	100.00	102.00	106.00	114.00	113.00	111.00	112.00	113.00	112.00	112.00	113.00	115.00	116.00	116.00	110.00	104.00	99.00	105.00	105.00	111.00	109.00	105.00	109.00	114.00	119.00	115.00	106.00	100.00	103.00	108.00	102.00	100.00	98.00	98.00	109.00	118.00	122.00	123.00	120.00	119.00	120.00	120.00	118.00	118.00	121.00	123.00	124.00	121.00	116.00	118.00	117.00	115.00	122.00	120.00	114.00	111.00	117.00	128.00	124.00	124.00	128.00	135.00	135.00	134.00	127.00	123.00	119.00	120.00	116.00	107.00	108.00	113.00	118.00	119.00	114.00	109.00	114.00	115.00	114.00	108.00	103.00	102.00	108.00	117.00	121.00	116.00	110.00	107.00	108.00	106.00	108.00	116.00	111.00	111.00	114.00	116.00	116.00	116.00	113.00	111.00	109.00	112.00	119.00	125.00	127.00	127.00	120.00	116.00	116.00	116.00	116.00	112.00	113.00	116.00	119.00	117.00	116.00	108.00	105.00	103.00	105.00	108.00	107.00	108.00	108.00	108.00	109.00	111.00	110.00	103.00	99.00	95.00	94.00	93.00	96.00	99.00	101.00	99.00	102.00	108.00	110.00	108.00	104.00	98.00	94.00	94.00	98.00	97.00	95.00	90.00	86.00	87.00	91.00	96.00	83.00	76.00	78.00	87.00	98.00	101.00	87.00	78.00	74.00	77.00	95.00	96.00	92.00	88.00	79.00
92.00	96.00	100.00	98.00	98.00	108.00	109.00	108.00	103.00	92.00	95.00	96.00	101.00	100.00	104.00	103.00	99.00	97.00	96.00	99.00	102.00	97.00	102.00	118.00	114.00	117.00	127.00	118.00	118.00	115.00	108.00	110.00	128.00	131.00	125.00	107.00	93.00	91.00	87.00	88.00	95.00	88.00	87.00	86.00	87.00	88.00	90.00	91.00	93.00	92.00	76.00	79.00	90.00	91.00	87.00	85.00	83.00	84.00	85.00	90.00	93.00	92.00	91.00	91.00	94.00	94.00	93.00	89.00	90.00	90.00	90.00	90.00	87.00	85.00	89.00	92.00	98.00	110.00	105.00	100.00	96.00	94.00	95.00	96.00	99.00	101.00	100.00	100.00	102.00	106.00	114.00	113.00	111.00	112.00	113.00	112.00	112.00	113.00	115.00	116.00	116.00	110.00	104.00	99.00	105.00	105.00	111.00	109.00	105.00	109.00	114.00	119.00	115.00	106.00	100.00	103.00	108.00	102.00	100.00	98.00	98.00	109.00	118.00	122.00	123.00	120.00	119.00	120.00	120.00	118.00	118.00	121.00	123.00	124.00	121.00	116.00	118.00	117.00	115.00	122.00	120.00	114.00	111.00	117.00	128.00	124.00	124.00	128.00	135.00	135.00	134.00	127.00	123.00	119.00	120.00	116.00	107.00	108.00	113.00	118.00	119.00	114.00	109.00	114.00	115.00	114.00	108.00	103.00	102.00	108.00	117.00	121.00	116.00	110.00	107.00	108.00	106.00	108.00	116.00	111.00	111.00	114.00	116.00	116.00	116.00	113.00	111.00	109.00	112.00	119.00	125.00	127.00	127.00	120.00	116.00	116.00	116.00	116.00	112.00	113.00	116.00	119.00	117.00	116.00	108.00	105.00	103.00	105.00	108.00	107.00	108.00	108.00	108.00	109.00	111.00	110.00	103.00	99.00	95.00	94.00	93.00	96.00	99.00	101.00	99.00	102.00	108.00	110.00	108.00	104.00	98.00	94.00	94.00	98.00	97.00	95.00	90.00	86.00	87.00	91.00	96.00	83.00	76.00	78.00	87.00	98.00	101.00	87.00	78.00	74.00	77.00	95.00	96.00	92.00	88.00	79.00
92.00	92.00	92.00	98.00	101.00	99.00	102.00	99.00	95.00	96.00	96.00	93.00	95.00	96.00	107.00	109.00	104.00	100.00	97.00	95.00	98.00	105.00	103.00	107.00	110.00	124.00	147.00	116.00	121.00	130.00	121.00	118.00	120.00	118.00	111.00	109.00	99.00	92.00	90.00	91.00	91.00	90.00	87.00	85.00	84.00	87.00	86.00	86.00	84.00	82.00	75.00	80.00	90.00	87.00	86.00	86.00	86.00	88.00	91.00	99.00	101.00	104.00	107.00	95.00	93.00	94.00	89.00	86.00	86.00	84.00	85.00	89.00	92.00	94.00	97.00	98.00	102.00	108.00	107.00	102.00	99.00	103.00	100.00	98.00	98.00	103.00	104.00	107.00	106.00	100.00	108.00	112.00	111.00	109.00	121.00	123.00	123.00	120.00	117.00	116.00	116.00	115.00	112.00	104.00	110.00	117.00	119.00	113.00	102.00	104.00	110.00	118.00	134.00	132.00	122.00	104.00	101.00	108.00	115.00	115.00	116.00	114.00	111.00	115.00	128.00	135.00	112.00	112.00	115.00	123.00	121.00	117.00	118.00	117.00	119.00	121.00	123.00	120.00	121.00	129.00	132.00	127.00	123.00	119.00	116.00	117.00	128.00	127.00	127.00	129.00	127.00	125.00	123.00	115.00	116.00	115.00	110.00	109.00	111.00	115.00	115.00	107.00	101.00	99.00	99.00	99.00	100.00	105.00	107.00	109.00	117.00	122.00	116.00	108.00	104.00	100.00	102.00	106.00	110.00	109.00	109.00	115.00	119.00	122.00	125.00	123.00	117.00	111.00	107.00	108.00	112.00	115.00	122.00	126.00	121.00	116.00	114.00	114.00	114.00	119.00	123.00	125.00	125.00	123.00	118.00	112.00	105.00	103.00	102.00	107.00	110.00	109.00	107.00	109.00	112.00	113.00	105.00	104.00	102.00	95.00	96.00	100.00	106.00	111.00	106.00	101.00	100.00	104.00	109.00	100.00	95.00	99.00	101.00	96.00	98.00	104.00	105.00	104.00	95.00	90.00	88.00	92.00	102.00	95.00	89.00	84.00	85.00	83.00	82.00	85.00	92.00	96.00	95.00	94.00	91.00	83.00
97.00	100.00	100.00	101.00	100.00	94.00	98.00	99.00	99.00	99.00	100.00	96.00	94.00	94.00	111.00	111.00	110.00	102.00	104.00	107.00	105.00	107.00	110.00	108.00	118.00	135.00	156.00	124.00	116.00	131.00	127.00	120.00	109.00	114.00	115.00	107.00	113.00	103.00	96.00	95.00	96.00	94.00	92.00	91.00	92.00	89.00	90.00	92.00	91.00	89.00	83.00	89.00	85.00	86.00	84.00	81.00	84.00	86.00	90.00	97.00	99.00	100.00	99.00	100.00	97.00	90.00	88.00	87.00	91.00	95.00	97.00	96.00	96.00	100.00	103.00	104.00	104.00	107.00	111.00	113.00	118.00	116.00	111.00	112.00	109.00	113.00	113.00	114.00	117.00	115.00	108.00	112.00	118.00	123.00	110.00	111.00	115.00	110.00	108.00	114.00	111.00	109.00	111.00	121.00	110.00	109.00	110.00	113.00	109.00	108.00	107.00	110.00	121.00	122.00	119.00	117.00	110.00	101.00	110.00	119.00	126.00	127.00	122.00	117.00	111.00	110.00	112.00	116.00	121.00	127.00	126.00	121.00	117.00	118.00	116.00	117.00	128.00	139.00	140.00	122.00	122.00	121.00	120.00	117.00	116.00	117.00	119.00	121.00	130.00	129.00	126.00	127.00	129.00	122.00	118.00	119.00	120.00	129.00	124.00	111.00	101.00	99.00	99.00	99.00	99.00	99.00	99.00	103.00	111.00	116.00	118.00	118.00	113.00	108.00	109.00	101.00	99.00	107.00	123.00	119.00	110.00	110.00	107.00	109.00	108.00	108.00	105.00	109.00	107.00	124.00	123.00	117.00	112.00	118.00	122.00	120.00	115.00	111.00	113.00	121.00	124.00	125.00	123.00	119.00	114.00	111.00	109.00	106.00	106.00	108.00	112.00	117.00	115.00	108.00	103.00	104.00	106.00	103.00	100.00	96.00	97.00	101.00	111.00	116.00	114.00	111.00	106.00	99.00	96.00	93.00	96.00	104.00	109.00	103.00	96.00	91.00	92.00	94.00	93.00	92.00	93.00	95.00	101.00	104.00	104.00	97.00	92.00	97.00	95.00	100.00	103.00	105.00	102.00	96.00	88.00	82.00
97.00	100.00	100.00	101.00	100.00	94.00	98.00	99.00	99.00	99.00	100.00	96.00	94.00	94.00	111.00	111.00	110.00	102.00	104.00	107.00	105.00	107.00	110.00	108.00	118.00	135.00	156.00	124.00	116.00	131.00	127.00	120.00	109.00	114.00	115.00	107.00	113.00	103.00	96.00	95.00	96.00	94.00	92.00	91.00	92.00	89.00	90.00	92.00	91.00	89.00	83.00	89.00	85.00	86.00	84.00	81.00	84.00	86.00	90.00	97.00	99.00	100.00	99.00	100.00	97.00	90.00	88.00	87.00	91.00	95.00	97.00	96.00	96.00	100.00	103.00	104.00	104.00	107.00	111.00	113.00	118.00	116.00	111.00	112.00	109.00	113.00	113.00	114.00	117.00	115.00	108.00	112.00	118.00	123.00	110.00	111.00	115.00	110.00	108.00	114.00	111.00	109.00	111.00	121.00	110.00	109.00	110.00	113.00	109.00	108.00	107.00	110.00	121.00	122.00	119.00	117.00	110.00	101.00	110.00	119.00	126.00	127.00	122.00	117.00	111.00	110.00	112.00	116.00	121.00	127.00	126.00	121.00	117.00	118.00	116.00	117.00	128.00	139.00	140.00	122.00	122.00	121.00	120.00	117.00	116.00	117.00	119.00	121.00	130.00	129.00	126.00	127.00	129.00	122.00	118.00	119.00	120.00	129.00	124.00	111.00	101.00	99.00	99.00	99.00	99.00	99.00	99.00	103.00	111.00	116.00	118.00	118.00	113.00	108.00	109.00	101.00	99.00	107.00	123.00	119.00	110.00	110.00	107.00	109.00	108.00	108.00	105.00	109.00	107.00	124.00	123.00	117.00	112.00	118.00	122.00	120.00	115.00	111.00	113.00	121.00	124.00	125.00	123.00	119.00	114.00	111.00	109.00	106.00	106.00	108.00	112.00	117.00	115.00	108.00	103.00	104.00	106.00	103.00	100.00	96.00	97.00	101.00	111.00	116.00	114.00	111.00	106.00	99.00	96.00	93.00	96.00	104.00	109.00	103.00	96.00	91.00	92.00	94.00	93.00	92.00	93.00	95.00	101.00	104.00	104.00	97.00	92.00	97.00	95.00	100.00	103.00	105.00	102.00	96.00	88.00	82.00
100.00	99.00	99.00	99.00	99.00	101.00	101.00	101.00	99.00	96.00	102.00	100.00	98.00	96.00	102.00	103.00	102.00	99.00	100.00	105.00	101.00	104.00	115.00	102.00	119.00	140.00	155.00	123.00	114.00	123.00	129.00	122.00	120.00	118.00	116.00	111.00	104.00	97.00	94.00	96.00	99.00	101.00	97.00	93.00	93.00	92.00	92.00	92.00	91.00	85.00	85.00	92.00	89.00	89.00	88.00	85.00	87.00	91.00	95.00	100.00	99.00	96.00	96.00	102.00	96.00	91.00	97.00	99.00	103.00	105.00	103.00	99.00	98.00	104.00	104.00	104.00	104.00	110.00	113.00	117.00	121.00	121.00	108.00	109.00	132.00	138.00	132.00	128.00	123.00	120.00	113.00	115.00	122.00	125.00	106.00	102.00	101.00	97.00	97.00	101.00	98.00	99.00	99.00	103.00	111.00	109.00	107.00	109.00	110.00	112.00	113.00	118.00	122.00	121.00	116.00	117.00	120.00	113.00	110.00	113.00	118.00	125.00	125.00	123.00	114.00	110.00	120.00	119.00	118.00	117.00	117.00	118.00	120.00	120.00	119.00	127.00	126.00	122.00	120.00	120.00	119.00	126.00	127.00	122.00	119.00	119.00	116.00	117.00	123.00	127.00	130.00	126.00	127.00	143.00	147.00	143.00	136.00	123.00	123.00	122.00	115.00	109.00	101.00	99.00	99.00	99.00	104.00	118.00	121.00	117.00	115.00	117.00	123.00	125.00	126.00	115.00	106.00	97.00	96.00	100.00	115.00	121.00	118.00	119.00	113.00	114.00	116.00	123.00	123.00	111.00	111.00	118.00	120.00	110.00	107.00	111.00	115.00	119.00	116.00	121.00	125.00	126.00	120.00	115.00	111.00	112.00	111.00	108.00	107.00	110.00	111.00	109.00	108.00	105.00	102.00	102.00	104.00	103.00	100.00	101.00	96.00	99.00	108.00	112.00	113.00	103.00	96.00	92.00	92.00	93.00	101.00	101.00	99.00	96.00	96.00	97.00	99.00	100.00	101.00	100.00	100.00	104.00	100.00	100.00	99.00	98.00	97.00	106.00	109.00	109.00	107.00	103.00	100.00	98.00	94.00	89.00
100.00	99.00	99.00	99.00	99.00	101.00	101.00	101.00	99.00	96.00	102.00	100.00	98.00	96.00	102.00	103.00	102.00	99.00	100.00	105.00	101.00	104.00	115.00	102.00	119.00	140.00	155.00	123.00	114.00	123.00	129.00	122.00	120.00	118.00	116.00	111.00	104.00	97.00	94.00	96.00	99.00	101.00	97.00	93.00	93.00	92.00	92.00	92.00	91.00	85.00	85.00	92.00	89.00	89.00	88.00	85.00	87.00	91.00	95.00	100.00	99.00	96.00	96.00	102.00	96.00	91.00	97.00	99.00	103.00	105.00	103.00	99.00	98.00	104.00	104.00	104.00	104.00	110.00	113.00	117.00	121.00	121.00	108.00	109.00	132.00	138.00	132.00	128.00	123.00	120.00	113.00	115.00	122.00	125.00	106.00	102.00	101.00	97.00	97.00	101.00	98.00	99.00	99.00	103.00	111.00	109.00	107.00	109.00	110.00	112.00	113.00	118.00	122.00	121.00	116.00	117.00	120.00	113.00	110.00	113.00	118.00	125.00	125.00	123.00	114.00	110.00	120.00	119.00	118.00	117.00	117.00	118.00	120.00	120.00	119.00	127.00	126.00	122.00	120.00	120.00	119.00	126.00	127.00	122.00	119.00	119.00	116.00	117.00	123.00	127.00	130.00	126.00	127.00	143.00	147.00	143.00	136.00	123.00	123.00	122.00	115.00	109.00	101.00	99.00	99.00	99.00	104.00	118.00	121.00	117.00	115.00	117.00	123.00	125.00	126.00	115.00	106.00	97.00	96.00	100.00	115.00	121.00	118.00	119.00	113.00	114.00	116.00	123.00	123.00	111.00	111.00	118.00	120.00	110.00	107.00	111.00	115.00	119.00	116.00	121.00	125.00	126.00	120.00	115.00	111.00	112.00	111.00	108.00	107.00	110.00	111.00	109.00	108.00	105.00	102.00	102.00	104.00	103.00	100.00	101.00	96.00	99.00	108.00	112.00	113.00	103.00	96.00	92.00	92.00	93.00	101.00	101.00	99.00	96.00	96.00	97.00	99.00	100.00	101.00	100.00	100.00	104.00	100.00	100.00	99.00	98.00	97.00	106.00	109.00	109.00	107.00	103.00	100.00	98.00	94.00	89.00
93.00	96.00	99.00	102.00	104.00	104.00	103.00	102.00	103.00	102.00	99.00	98.00	95.00	94.00	95.00	95.00	99.00	95.00	85.00	89.00	89.00	113.00	124.00	105.00	108.00	133.00	142.00	120.00	112.00	114.00	116.00	114.00	117.00	117.00	111.00	108.00	107.00	105.00	102.00	95.00	98.00	95.00	92.00	92.00	92.00	93.00	91.00	90.00	82.00	76.00	85.00	89.00	96.00	97.00	100.00	100.00	98.00	95.00	96.00	101.00	101.00	101.00	104.00	106.00	101.00	98.00	94.00	98.00	115.00	121.00	118.00	117.00	108.00	107.00	111.00	115.00	113.00	118.00	121.00	124.00	124.00	125.00	126.00	122.00	129.00	138.00	136.00	134.00	132.00	126.00	122.00	120.00	124.00	126.00	117.00	113.00	112.00	113.00	109.00	106.00	113.00	117.00	112.00	102.00	109.00	108.00	109.00	110.00	115.00	116.00	113.00	114.00	124.00	126.00	124.00	111.00	112.00	113.00	110.00	108.00	109.00	126.00	132.00	134.00	132.00	125.00	110.00	112.00	115.00	117.00	122.00	127.00	130.00	126.00	125.00	135.00	136.00	128.00	125.00	123.00	123.00	126.00	131.00	134.00	129.00	125.00	127.00	122.00	116.00	119.00	127.00	129.00	129.00	121.00	125.00	132.00	137.00	117.00	114.00	115.00	119.00	117.00	129.00	126.00	119.00	110.00	106.00	106.00	110.00	116.00	113.00	110.00	112.00	117.00	125.00	132.00	130.00	123.00	108.00	98.00	95.00	98.00	104.00	106.00	117.00	118.00	114.00	111.00	111.00	120.00	112.00	108.00	111.00	118.00	111.00	103.00	98.00	101.00	109.00	109.00	113.00	116.00	116.00	115.00	113.00	110.00	109.00	115.00	115.00	110.00	111.00	112.00	113.00	113.00	110.00	106.00	105.00	108.00	109.00	107.00	99.00	99.00	99.00	101.00	106.00	103.00	96.00	93.00	91.00	95.00	107.00	108.00	110.00	105.00	102.00	102.00	104.00	105.00	99.00	96.00	94.00	98.00	101.00	98.00	92.00	89.00	88.00	95.00	99.00	99.00	101.00	100.00	100.00	100.00	98.00	95.00
93.00	96.00	99.00	102.00	104.00	104.00	103.00	102.00	103.00	102.00	99.00	98.00	95.00	94.00	95.00	95.00	99.00	95.00	85.00	89.00	89.00	113.00	124.00	105.00	108.00	133.00	142.00	120.00	112.00	114.00	116.00	114.00	117.00	117.00	111.00	108.00	107.00	105.00	102.00	95.00	98.00	95.00	92.00	92.00	92.00	93.00	91.00	90.00	82.00	76.00	85.00	89.00	96.00	97.00	100.00	100.00	98.00	95.00	96.00	101.00	101.00	101.00	104.00	106.00	101.00	98.00	94.00	98.00	115.00	121.00	118.00	117.00	108.00	107.00	111.00	115.00	113.00	118.00	121.00	124.00	124.00	125.00	126.00	122.00	129.00	138.00	136.00	134.00	132.00	126.00	122.00	120.00	124.00	126.00	117.00	113.00	112.00	113.00	109.00	106.00	113.00	117.00	112.00	102.00	109.00	108.00	109.00	110.00	115.00	116.00	113.00	114.00	124.00	126.00	124.00	111.00	112.00	113.00	110.00	108.00	109.00	126.00	132.00	134.00	132.00	125.00	110.00	112.00	115.00	117.00	122.00	127.00	130.00	126.00	125.00	135.00	136.00	128.00	125.00	123.00	123.00	126.00	131.00	134.00	129.00	125.00	127.00	122.00	116.00	119.00	127.00	129.00	129.00	121.00	125.00	132.00	137.00	117.00	114.00	115.00	119.00	117.00	129.00	126.00	119.00	110.00	106.00	106.00	110.00	116.00	113.00	110.00	112.00	117.00	125.00	132.00	130.00	123.00	108.00	98.00	95.00	98.00	104.00	106.00	117.00	118.00	114.00	111.00	111.00	120.00	112.00	108.00	111.00	118.00	111.00	103.00	98.00	101.00	109.00	109.00	113.00	116.00	116.00	115.00	113.00	110.00	109.00	115.00	115.00	110.00	111.00	112.00	113.00	113.00	110.00	106.00	105.00	108.00	109.00	107.00	99.00	99.00	99.00	101.00	106.00	103.00	96.00	93.00	91.00	95.00	107.00	108.00	110.00	105.00	102.00	102.00	104.00	105.00	99.00	96.00	94.00	98.00	101.00	98.00	92.00	89.00	88.00	95.00	99.00	99.00	101.00	100.00	100.00	100.00	98.00	95.00
93.00	96.00	99.00	102.00	104.00	104.00	103.00	102.00	103.00	102.00	99.00	98.00	95.00	94.00	95.00	95.00	99.00	95.00	85.00	89.00	89.00	113.00	124.00	105.00	108.00	133.00	142.00	120.00	112.00	114.00	116.00	114.00	117.00	117.00	111.00	108.00	107.00	105.00	102.00	95.00	98.00	95.00	92.00	92.00	92.00	93.00	91.00	90.00	82.00	76.00	85.00	89.00	96.00	97.00	100.00	100.00	98.00	95.00	96.00	101.00	101.00	101.00	104.00	106.00	101.00	98.00	94.00	98.00	115.00	121.00	118.00	117.00	108.00	107.00	111.00	115.00	113.00	118.00	121.00	124.00	124.00	125.00	126.00	122.00	129.00	138.00	136.00	134.00	132.00	126.00	122.00	120.00	124.00	126.00	117.00	113.00	112.00	113.00	109.00	106.00	113.00	117.00	112.00	102.00	109.00	108.00	109.00	110.00	115.00	116.00	113.00	114.00	124.00	126.00	124.00	111.00	112.00	113.00	110.00	108.00	109.00	126.00	132.00	134.00	132.00	125.00	110.00	112.00	115.00	117.00	122.00	127.00	130.00	126.00	125.00	135.00	136.00	128.00	125.00	123.00	123.00	126.00	131.00	134.00	129.00	125.00	127.00	122.00	116.00	119.00	127.00	129.00	129.00	121.00	125.00	132.00	137.00	117.00	114.00	115.00	119.00	117.00	129.00	126.00	119.00	110.00	106.00	106.00	110.00	116.00	113.00	110.00	112.00	117.00	125.00	132.00	130.00	123.00	108.00	98.00	95.00	98.00	104.00	106.00	117.00	118.00	114.00	111.00	111.00	120.00	112.00	108.00	111.00	118.00	111.00	103.00	98.00	101.00	109.00	109.00	113.00	116.00	116.00	115.00	113.00	110.00	109.00	115.00	115.00	110.00	111.00	112.00	113.00	113.00	110.00	106.00	105.00	108.00	109.00	107.00	99.00	99.00	99.00	101.00	106.00	103.00	96.00	93.00	91.00	95.00	107.00	108.00	110.00	105.00	102.00	102.00	104.00	105.00	99.00	96.00	94.00	98.00	101.00	98.00	92.00	89.00	88.00	95.00	99.00	99.00	101.00	100.00	100.00	100.00	98.00	95.00
94.00	94.00	94.00	95.00	96.00	97.00	97.00	98.00	100.00	101.00	95.00	93.00	95.00	97.00	99.00	98.00	99.00	99.00	94.00	87.00	87.00	111.00	117.00	117.00	119.00	121.00	119.00	105.00	106.00	110.00	109.00	111.00	112.00	113.00	108.00	101.00	110.00	107.00	99.00	92.00	91.00	99.00	97.00	96.00	93.00	90.00	88.00	83.00	79.00	80.00	90.00	92.00	102.00	111.00	113.00	115.00	112.00	109.00	108.00	105.00	105.00	101.00	102.00	104.00	99.00	105.00	108.00	108.00	126.00	138.00	143.00	136.00	139.00	140.00	135.00	129.00	124.00	125.00	128.00	130.00	134.00	135.00	136.00	133.00	122.00	130.00	133.00	131.00	130.00	127.00	116.00	114.00	116.00	120.00	129.00	121.00	116.00	118.00	120.00	113.00	111.00	115.00	120.00	111.00	112.00	111.00	113.00	114.00	117.00	120.00	120.00	121.00	126.00	127.00	122.00	115.00	112.00	110.00	110.00	119.00	128.00	140.00	143.00	146.00	147.00	147.00	133.00	126.00	122.00	119.00	119.00	119.00	121.00	125.00	127.00	126.00	128.00	136.00	132.00	123.00	129.00	137.00	140.00	138.00	130.00	126.00	124.00	126.00	125.00	124.00	126.00	128.00	133.00	131.00	122.00	113.00	119.00	124.00	118.00	112.00	110.00	112.00	114.00	116.00	125.00	125.00	111.00	112.00	110.00	110.00	110.00	111.00	107.00	108.00	114.00	126.00	130.00	133.00	128.00	118.00	100.00	96.00	96.00	103.00	112.00	116.00	115.00	110.00	102.00	113.00	119.00	118.00	111.00	107.00	107.00	111.00	111.00	104.00	96.00	101.00	103.00	104.00	110.00	111.00	109.00	107.00	104.00	103.00	107.00	112.00	113.00	112.00	113.00	111.00	107.00	103.00	99.00	97.00	97.00	97.00	99.00	103.00	106.00	106.00	102.00	104.00	102.00	106.00	111.00	106.00	105.00	104.00	101.00	99.00	99.00	99.00	102.00	98.00	94.00	91.00	89.00	89.00	95.00	94.00	90.00	85.00	85.00	86.00	88.00	89.00	90.00	92.00	93.00	94.00	93.00	91.00
95.00	95.00	97.00	100.00	100.00	101.00	97.00	95.00	94.00	101.00	104.00	101.00	97.00	95.00	95.00	95.00	98.00	99.00	96.00	95.00	100.00	94.00	94.00	106.00	113.00	106.00	96.00	97.00	101.00	96.00	96.00	95.00	112.00	109.00	104.00	101.00	100.00	94.00	94.00	93.00	93.00	95.00	95.00	91.00	92.00	92.00	90.00	82.00	81.00	86.00	93.00	95.00	103.00	107.00	109.00	116.00	118.00	113.00	116.00	107.00	103.00	111.00	114.00	115.00	112.00	116.00	117.00	119.00	145.00	140.00	137.00	132.00	138.00	145.00	146.00	146.00	141.00	131.00	122.00	124.00	129.00	137.00	141.00	141.00	134.00	117.00	119.00	135.00	131.00	120.00	112.00	113.00	117.00	123.00	137.00	132.00	125.00	117.00	116.00	113.00	113.00	113.00	116.00	121.00	113.00	112.00	112.00	114.00	117.00	123.00	131.00	139.00	153.00	148.00	137.00	135.00	136.00	125.00	123.00	127.00	136.00	147.00	150.00	146.00	142.00	143.00	145.00	141.00	135.00	129.00	124.00	125.00	125.00	127.00	126.00	133.00	124.00	118.00	124.00	133.00	134.00	136.00	141.00	138.00	129.00	125.00	121.00	123.00	131.00	134.00	135.00	132.00	128.00	130.00	135.00	139.00	141.00	142.00	131.00	121.00	108.00	102.00	113.00	121.00	123.00	118.00	112.00	110.00	108.00	108.00	114.00	114.00	116.00	115.00	111.00	117.00	124.00	127.00	130.00	127.00	114.00	109.00	105.00	107.00	109.00	110.00	110.00	109.00	107.00	94.00	97.00	104.00	107.00	102.00	103.00	107.00	111.00	113.00	104.00	95.00	98.00	100.00	107.00	107.00	109.00	104.00	102.00	101.00	104.00	106.00	104.00	104.00	105.00	109.00	110.00	108.00	100.00	97.00	97.00	97.00	97.00	98.00	99.00	102.00	109.00	111.00	111.00	109.00	109.00	101.00	100.00	101.00	102.00	98.00	94.00	91.00	90.00	91.00	96.00	96.00	96.00	94.00	93.00	94.00	93.00	92.00	89.00	84.00	87.00	87.00	88.00	86.00	89.00	88.00	84.00	82.00
95.00	95.00	97.00	100.00	100.00	101.00	97.00	95.00	94.00	101.00	104.00	101.00	97.00	95.00	95.00	95.00	98.00	99.00	96.00	95.00	100.00	94.00	94.00	106.00	113.00	106.00	96.00	97.00	101.00	96.00	96.00	95.00	112.00	109.00	104.00	101.00	100.00	94.00	94.00	93.00	93.00	95.00	95.00	91.00	92.00	92.00	90.00	82.00	81.00	86.00	93.00	95.00	103.00	107.00	109.00	116.00	118.00	113.00	116.00	107.00	103.00	111.00	114.00	115.00	112.00	116.00	117.00	119.00	145.00	140.00	137.00	132.00	138.00	145.00	146.00	146.00	141.00	131.00	122.00	124.00	129.00	137.00	141.00	141.00	134.00	117.00	119.00	135.00	131.00	120.00	112.00	113.00	117.00	123.00	137.00	132.00	125.00	117.00	116.00	113.00	113.00	113.00	116.00	121.00	113.00	112.00	112.00	114.00	117.00	123.00	131.00	139.00	153.00	148.00	137.00	135.00	136.00	125.00	123.00	127.00	136.00	147.00	150.00	146.00	142.00	143.00	145.00	141.00	135.00	129.00	124.00	125.00	125.00	127.00	126.00	133.00	124.00	118.00	124.00	133.00	134.00	136.00	141.00	138.00	129.00	125.00	121.00	123.00	131.00	134.00	135.00	132.00	128.00	130.00	135.00	139.00	141.00	142.00	131.00	121.00	108.00	102.00	113.00	121.00	123.00	118.00	112.00	110.00	108.00	108.00	114.00	114.00	116.00	115.00	111.00	117.00	124.00	127.00	130.00	127.00	114.00	109.00	105.00	107.00	109.00	110.00	110.00	109.00	107.00	94.00	97.00	104.00	107.00	102.00	103.00	107.00	111.00	113.00	104.00	95.00	98.00	100.00	107.00	107.00	109.00	104.00	102.00	101.00	104.00	106.00	104.00	104.00	105.00	109.00	110.00	108.00	100.00	97.00	97.00	97.00	97.00	98.00	99.00	102.00	109.00	111.00	111.00	109.00	109.00	101.00	100.00	101.00	102.00	98.00	94.00	91.00	90.00	91.00	96.00	96.00	96.00	94.00	93.00	94.00	93.00	92.00	89.00	84.00	87.00	87.00	88.00	86.00	89.00	88.00	84.00	82.00
97.00	96.00	98.00	100.00	101.00	102.00	101.00	100.00	100.00	96.00	101.00	101.00	99.00	98.00	94.00	93.00	92.00	91.00	97.00	98.00	99.00	97.00	94.00	96.00	100.00	95.00	92.00	95.00	102.00	102.00	93.00	87.00	95.00	104.00	103.00	101.00	93.00	88.00	95.00	97.00	92.00	91.00	89.00	89.00	92.00	92.00	92.00	88.00	79.00	80.00	91.00	91.00	92.00	95.00	105.00	103.00	107.00	110.00	115.00	115.00	101.00	107.00	111.00	123.00	127.00	130.00	127.00	127.00	130.00	133.00	129.00	121.00	128.00	139.00	146.00	149.00	141.00	137.00	137.00	137.00	134.00	131.00	130.00	126.00	123.00	115.00	114.00	117.00	124.00	134.00	114.00	109.00	112.00	121.00	131.00	130.00	133.00	129.00	122.00	117.00	118.00	117.00	114.00	117.00	118.00	114.00	113.00	117.00	123.00	125.00	131.00	136.00	138.00	132.00	128.00	131.00	137.00	144.00	141.00	140.00	141.00	144.00	145.00	146.00	144.00	142.00	146.00	143.00	140.00	133.00	125.00	127.00	130.00	137.00	135.00	137.00	133.00	129.00	125.00	122.00	123.00	121.00	123.00	125.00	129.00	128.00	133.00	133.00	133.00	139.00	143.00	140.00	130.00	122.00	131.00	144.00	155.00	157.00	152.00	151.00	136.00	125.00	111.00	108.00	113.00	119.00	120.00	110.00	106.00	104.00	106.00	113.00	110.00	118.00	125.00	123.00	121.00	123.00	123.00	120.00	122.00	119.00	113.00	111.00	106.00	106.00	108.00	110.00	107.00	102.00	100.00	98.00	98.00	104.00	105.00	105.00	105.00	105.00	98.00	95.00	94.00	98.00	104.00	104.00	106.00	107.00	106.00	104.00	103.00	104.00	104.00	103.00	100.00	99.00	99.00	101.00	103.00	102.00	99.00	96.00	93.00	96.00	103.00	106.00	98.00	92.00	91.00	93.00	96.00	98.00	97.00	96.00	98.00	103.00	102.00	99.00	96.00	93.00	93.00	92.00	96.00	102.00	97.00	94.00	94.00	92.00	93.00	92.00	91.00	90.00	93.00	89.00	89.00	89.00	84.00	77.00
97.00	96.00	98.00	100.00	101.00	102.00	101.00	100.00	100.00	96.00	101.00	101.00	99.00	98.00	94.00	93.00	92.00	91.00	97.00	98.00	99.00	97.00	94.00	96.00	100.00	95.00	92.00	95.00	102.00	102.00	93.00	87.00	95.00	104.00	103.00	101.00	93.00	88.00	95.00	97.00	92.00	91.00	89.00	89.00	92.00	92.00	92.00	88.00	79.00	80.00	91.00	91.00	92.00	95.00	105.00	103.00	107.00	110.00	115.00	115.00	101.00	107.00	111.00	123.00	127.00	130.00	127.00	127.00	130.00	133.00	129.00	121.00	128.00	139.00	146.00	149.00	141.00	137.00	137.00	137.00	134.00	131.00	130.00	126.00	123.00	115.00	114.00	117.00	124.00	134.00	114.00	109.00	112.00	121.00	131.00	130.00	133.00	129.00	122.00	117.00	118.00	117.00	114.00	117.00	118.00	114.00	113.00	117.00	123.00	125.00	131.00	136.00	138.00	132.00	128.00	131.00	137.00	144.00	141.00	140.00	141.00	144.00	145.00	146.00	144.00	142.00	146.00	143.00	140.00	133.00	125.00	127.00	130.00	137.00	135.00	137.00	133.00	129.00	125.00	122.00	123.00	121.00	123.00	125.00	129.00	128.00	133.00	133.00	133.00	139.00	143.00	140.00	130.00	122.00	131.00	144.00	155.00	157.00	152.00	151.00	136.00	125.00	111.00	108.00	113.00	119.00	120.00	110.00	106.00	104.00	106.00	113.00	110.00	118.00	125.00	123.00	121.00	123.00	123.00	120.00	122.00	119.00	113.00	111.00	106.00	106.00	108.00	110.00	107.00	102.00	100.00	98.00	98.00	104.00	105.00	105.00	105.00	105.00	98.00	95.00	94.00	98.00	104.00	104.00	106.00	107.00	106.00	104.00	103.00	104.00	104.00	103.00	100.00	99.00	99.00	101.00	103.00	102.00	99.00	96.00	93.00	96.00	103.00	106.00	98.00	92.00	91.00	93.00	96.00	98.00	97.00	96.00	98.00	103.00	102.00	99.00	96.00	93.00	93.00	92.00	96.00	102.00	97.00	94.00	94.00	92.00	93.00	92.00	91.00	90.00	93.00	89.00	89.00	89.00	84.00	77.00
99.00	100.00	100.00	99.00	100.00	98.00	98.00	99.00	99.00	98.00	98.00	98.00	96.00	95.00	96.00	95.00	95.00	95.00	93.00	91.00	92.00	91.00	94.00	102.00	97.00	96.00	98.00	88.00	87.00	89.00	93.00	99.00	92.00	88.00	89.00	87.00	93.00	94.00	97.00	98.00	92.00	90.00	91.00	91.00	89.00	81.00	81.00	83.00	81.00	83.00	92.00	91.00	90.00	93.00	104.00	103.00	98.00	105.00	108.00	115.00	109.00	99.00	101.00	116.00	120.00	120.00	117.00	114.00	114.00	118.00	124.00	128.00	127.00	147.00	144.00	143.00	144.00	144.00	137.00	136.00	135.00	124.00	126.00	125.00	123.00	119.00	117.00	116.00	120.00	128.00	123.00	118.00	118.00	120.00	120.00	119.00	120.00	120.00	119.00	110.00	108.00	112.00	117.00	125.00	123.00	120.00	123.00	125.00	127.00	129.00	128.00	123.00	123.00	123.00	128.00	137.00	138.00	136.00	141.00	143.00	142.00	142.00	143.00	144.00	142.00	142.00	149.00	143.00	135.00	132.00	133.00	138.00	138.00	139.00	138.00	131.00	130.00	129.00	129.00	121.00	120.00	123.00	124.00	126.00	133.00	134.00	128.00	128.00	134.00	138.00	139.00	139.00	133.00	124.00	126.00	136.00	152.00	160.00	160.00	164.00	169.00	156.00	140.00	132.00	120.00	111.00	116.00	117.00	110.00	105.00	109.00	125.00	127.00	121.00	119.00	122.00	119.00	110.00	107.00	110.00	111.00	114.00	112.00	115.00	120.00	115.00	109.00	107.00	112.00	107.00	111.00	112.00	110.00	103.00	97.00	79.00	75.00	83.00	93.00	99.00	96.00	91.00	97.00	98.00	98.00	102.00	100.00	99.00	99.00	100.00	100.00	100.00	100.00	102.00	104.00	106.00	103.00	97.00	92.00	90.00	92.00	96.00	102.00	104.00	106.00	102.00	100.00	96.00	97.00	105.00	104.00	100.00	97.00	98.00	99.00	101.00	102.00	102.00	100.00	98.00	95.00	98.00	95.00	95.00	99.00	100.00	96.00	88.00	90.00	90.00	88.00	86.00	85.00	81.00	74.00	70.00
99.00	97.00	96.00	97.00	98.00	98.00	98.00	97.00	97.00	97.00	96.00	95.00	94.00	95.00	95.00	95.00	95.00	98.00	98.00	94.00	92.00	96.00	92.00	97.00	95.00	92.00	90.00	93.00	90.00	87.00	88.00	95.00	87.00	88.00	91.00	92.00	91.00	90.00	88.00	89.00	88.00	86.00	86.00	86.00	82.00	85.00	88.00	90.00	92.00	91.00	91.00	89.00	98.00	96.00	103.00	109.00	97.00	98.00	110.00	109.00	108.00	101.00	101.00	112.00	108.00	113.00	113.00	113.00	120.00	121.00	120.00	123.00	127.00	140.00	139.00	137.00	146.00	141.00	129.00	133.00	135.00	122.00	118.00	122.00	124.00	123.00	117.00	114.00	112.00	119.00	127.00	131.00	122.00	117.00	119.00	124.00	123.00	116.00	113.00	111.00	115.00	120.00	122.00	121.00	120.00	118.00	118.00	123.00	124.00	121.00	119.00	118.00	126.00	131.00	134.00	133.00	137.00	138.00	140.00	143.00	143.00	143.00	145.00	146.00	144.00	139.00	140.00	140.00	138.00	140.00	147.00	148.00	144.00	145.00	145.00	144.00	140.00	131.00	129.00	135.00	140.00	142.00	140.00	137.00	135.00	138.00	130.00	123.00	123.00	129.00	137.00	135.00	135.00	127.00	123.00	132.00	148.00	164.00	153.00	148.00	152.00	160.00	147.00	141.00	141.00	136.00	119.00	111.00	112.00	108.00	107.00	128.00	140.00	133.00	126.00	113.00	111.00	112.00	104.00	104.00	103.00	101.00	100.00	100.00	103.00	115.00	121.00	113.00	106.00	110.00	108.00	111.00	116.00	109.00	99.00	86.00	79.00	75.00	84.00	100.00	97.00	96.00	96.00	94.00	92.00	93.00	94.00	94.00	93.00	92.00	93.00	97.00	101.00	102.00	101.00	100.00	101.00	104.00	100.00	102.00	91.00	92.00	94.00	94.00	91.00	88.00	89.00	94.00	100.00	101.00	97.00	95.00	93.00	98.00	100.00	99.00	98.00	97.00	96.00	94.00	94.00	95.00	95.00	94.00	94.00	96.00	99.00	90.00	85.00	80.00	79.00	71.00	70.00	68.00	68.00	69.00
99.00	97.00	96.00	97.00	98.00	98.00	98.00	97.00	97.00	97.00	96.00	95.00	94.00	95.00	95.00	95.00	95.00	98.00	98.00	94.00	92.00	96.00	92.00	97.00	95.00	92.00	90.00	93.00	90.00	87.00	88.00	95.00	87.00	88.00	91.00	92.00	91.00	90.00	88.00	89.00	88.00	86.00	86.00	86.00	82.00	85.00	88.00	90.00	92.00	91.00	91.00	89.00	98.00	96.00	103.00	109.00	97.00	98.00	110.00	109.00	108.00	101.00	101.00	112.00	108.00	113.00	113.00	113.00	120.00	121.00	120.00	123.00	127.00	140.00	139.00	137.00	146.00	141.00	129.00	133.00	135.00	122.00	118.00	122.00	124.00	123.00	117.00	114.00	112.00	119.00	127.00	131.00	122.00	117.00	119.00	124.00	123.00	116.00	113.00	111.00	115.00	120.00	122.00	121.00	120.00	118.00	118.00	123.00	124.00	121.00	119.00	118.00	126.00	131.00	134.00	133.00	137.00	138.00	140.00	143.00	143.00	143.00	145.00	146.00	144.00	139.00	140.00	140.00	138.00	140.00	147.00	148.00	144.00	145.00	145.00	144.00	140.00	131.00	129.00	135.00	140.00	142.00	140.00	137.00	135.00	138.00	130.00	123.00	123.00	129.00	137.00	135.00	135.00	127.00	123.00	132.00	148.00	164.00	153.00	148.00	152.00	160.00	147.00	141.00	141.00	136.00	119.00	111.00	112.00	108.00	107.00	128.00	140.00	133.00	126.00	113.00	111.00	112.00	104.00	104.00	103.00	101.00	100.00	100.00	103.00	115.00	121.00	113.00	106.00	110.00	108.00	111.00	116.00	109.00	99.00	86.00	79.00	75.00	84.00	100.00	97.00	96.00	96.00	94.00	92.00	93.00	94.00	94.00	93.00	92.00	93.00	97.00	101.00	102.00	101.00	100.00	101.00	104.00	100.00	102.00	91.00	92.00	94.00	94.00	91.00	88.00	89.00	94.00	100.00	101.00	97.00	95.00	93.00	98.00	100.00	99.00	98.00	97.00	96.00	94.00	94.00	95.00	95.00	94.00	94.00	96.00	99.00	90.00	85.00	80.00	79.00	71.00	70.00	68.00	68.00	69.00
97.00	96.00	95.00	95.00	95.00	95.00	95.00	95.00	95.00	95.00	96.00	96.00	95.00	93.00	90.00	91.00	90.00	92.00	93.00	94.00	95.00	88.00	91.00	94.00	93.00	90.00	90.00	89.00	91.00	91.00	88.00	86.00	85.00	99.00	111.00	110.00	100.00	98.00	92.00	88.00	87.00	88.00	92.00	97.00	98.00	94.00	91.00	92.00	90.00	92.00	92.00	87.00	87.00	89.00	98.00	106.00	98.00	92.00	97.00	105.00	111.00	105.00	102.00	105.00	106.00	107.00	110.00	113.00	115.00	116.00	116.00	119.00	132.00	136.00	136.00	133.00	128.00	141.00	143.00	137.00	130.00	119.00	125.00	133.00	119.00	121.00	122.00	119.00	117.00	117.00	114.00	120.00	129.00	117.00	114.00	116.00	116.00	111.00	100.00	111.00	118.00	124.00	127.00	126.00	124.00	124.00	125.00	124.00	125.00	124.00	121.00	119.00	129.00	136.00	140.00	138.00	135.00	138.00	138.00	139.00	140.00	137.00	132.00	135.00	135.00	138.00	139.00	141.00	145.00	145.00	140.00	138.00	138.00	140.00	142.00	145.00	150.00	145.00	132.00	132.00	143.00	150.00	150.00	143.00	124.00	118.00	127.00	129.00	126.00	129.00	133.00	137.00	135.00	128.00	125.00	126.00	137.00	166.00	159.00	147.00	138.00	140.00	154.00	160.00	161.00	156.00	136.00	115.00	105.00	103.00	103.00	108.00	116.00	127.00	131.00	130.00	125.00	116.00	108.00	107.00	106.00	105.00	104.00	103.00	103.00	109.00	111.00	110.00	107.00	95.00	99.00	100.00	103.00	107.00	107.00	104.00	98.00	93.00	91.00	100.00	101.00	100.00	99.00	99.00	102.00	103.00	98.00	96.00	91.00	89.00	89.00	92.00	96.00	100.00	103.00	104.00	90.00	90.00	93.00	92.00	94.00	100.00	98.00	95.00	89.00	89.00	91.00	91.00	87.00	85.00	87.00	87.00	87.00	91.00	94.00	97.00	98.00	97.00	94.00	93.00	93.00	94.00	95.00	94.00	94.00	92.00	90.00	88.00	85.00	79.00	76.00	83.00	88.00	90.00	87.00	83.00
97.00	96.00	95.00	95.00	95.00	95.00	95.00	95.00	95.00	95.00	96.00	96.00	95.00	93.00	90.00	91.00	90.00	92.00	93.00	94.00	95.00	88.00	91.00	94.00	93.00	90.00	90.00	89.00	91.00	91.00	88.00	86.00	85.00	99.00	111.00	110.00	100.00	98.00	92.00	88.00	87.00	88.00	92.00	97.00	98.00	94.00	91.00	92.00	90.00	92.00	92.00	87.00	87.00	89.00	98.00	106.00	98.00	92.00	97.00	105.00	111.00	105.00	102.00	105.00	106.00	107.00	110.00	113.00	115.00	116.00	116.00	119.00	132.00	136.00	136.00	133.00	128.00	141.00	143.00	137.00	130.00	119.00	125.00	133.00	119.00	121.00	122.00	119.00	117.00	117.00	114.00	120.00	129.00	117.00	114.00	116.00	116.00	111.00	100.00	111.00	118.00	124.00	127.00	126.00	124.00	124.00	125.00	124.00	125.00	124.00	121.00	119.00	129.00	136.00	140.00	138.00	135.00	138.00	138.00	139.00	140.00	137.00	132.00	135.00	135.00	138.00	139.00	141.00	145.00	145.00	140.00	138.00	138.00	140.00	142.00	145.00	150.00	145.00	132.00	132.00	143.00	150.00	150.00	143.00	124.00	118.00	127.00	129.00	126.00	129.00	133.00	137.00	135.00	128.00	125.00	126.00	137.00	166.00	159.00	147.00	138.00	140.00	154.00	160.00	161.00	156.00	136.00	115.00	105.00	103.00	103.00	108.00	116.00	127.00	131.00	130.00	125.00	116.00	108.00	107.00	106.00	105.00	104.00	103.00	103.00	109.00	111.00	110.00	107.00	95.00	99.00	100.00	103.00	107.00	107.00	104.00	98.00	93.00	91.00	100.00	101.00	100.00	99.00	99.00	102.00	103.00	98.00	96.00	91.00	89.00	89.00	92.00	96.00	100.00	103.00	104.00	90.00	90.00	93.00	92.00	94.00	100.00	98.00	95.00	89.00	89.00	91.00	91.00	87.00	85.00	87.00	87.00	87.00	91.00	94.00	97.00	98.00	97.00	94.00	93.00	93.00	94.00	95.00	94.00	94.00	92.00	90.00	88.00	85.00	79.00	76.00	83.00	88.00	90.00	87.00	83.00
98.00	95.00	95.00	95.00	96.00	95.00	95.00	94.00	94.00	97.00	97.00	96.00	95.00	94.00	94.00	94.00	94.00	90.00	89.00	89.00	90.00	88.00	88.00	87.00	89.00	89.00	88.00	89.00	87.00	87.00	91.00	94.00	86.00	95.00	102.00	107.00	119.00	106.00	100.00	98.00	95.00	94.00	100.00	104.00	102.00	95.00	87.00	87.00	87.00	86.00	93.00	93.00	87.00	91.00	97.00	101.00	101.00	95.00	97.00	102.00	102.00	103.00	99.00	106.00	105.00	107.00	107.00	105.00	110.00	111.00	115.00	120.00	138.00	142.00	142.00	137.00	134.00	137.00	130.00	126.00	120.00	113.00	118.00	124.00	116.00	116.00	124.00	125.00	124.00	125.00	118.00	108.00	111.00	114.00	103.00	100.00	101.00	100.00	101.00	100.00	103.00	106.00	117.00	121.00	119.00	119.00	120.00	123.00	122.00	128.00	131.00	130.00	125.00	125.00	131.00	136.00	142.00	151.00	148.00	145.00	146.00	147.00	145.00	146.00	146.00	143.00	145.00	142.00	144.00	142.00	139.00	140.00	144.00	145.00	144.00	142.00	141.00	134.00	127.00	128.00	134.00	143.00	150.00	149.00	130.00	119.00	122.00	134.00	127.00	121.00	118.00	119.00	120.00	130.00	130.00	127.00	131.00	159.00	160.00	159.00	153.00	145.00	144.00	156.00	166.00	169.00	153.00	129.00	120.00	114.00	113.00	108.00	105.00	109.00	112.00	131.00	142.00	143.00	125.00	115.00	103.00	101.00	102.00	104.00	102.00	98.00	93.00	93.00	95.00	95.00	97.00	96.00	95.00	97.00	99.00	104.00	106.00	105.00	96.00	102.00	101.00	100.00	102.00	102.00	100.00	98.00	99.00	96.00	95.00	91.00	91.00	93.00	98.00	94.00	91.00	90.00	90.00	93.00	97.00	102.00	98.00	94.00	92.00	91.00	91.00	87.00	85.00	88.00	93.00	98.00	82.00	83.00	86.00	87.00	84.00	85.00	87.00	90.00	95.00	91.00	91.00	85.00	84.00	82.00	83.00	80.00	81.00	79.00	79.00	79.00	79.00	76.00	76.00	78.00	79.00	77.00
98.00	95.00	95.00	95.00	96.00	95.00	95.00	94.00	94.00	97.00	97.00	96.00	95.00	94.00	94.00	94.00	94.00	90.00	89.00	89.00	90.00	88.00	88.00	87.00	89.00	89.00	88.00	89.00	87.00	87.00	91.00	94.00	86.00	95.00	102.00	107.00	119.00	106.00	100.00	98.00	95.00	94.00	100.00	104.00	102.00	95.00	87.00	87.00	87.00	86.00	93.00	93.00	87.00	91.00	97.00	101.00	101.00	95.00	97.00	102.00	102.00	103.00	99.00	106.00	105.00	107.00	107.00	105.00	110.00	111.00	115.00	120.00	138.00	142.00	142.00	137.00	134.00	137.00	130.00	126.00	120.00	113.00	118.00	124.00	116.00	116.00	124.00	125.00	124.00	125.00	118.00	108.00	111.00	114.00	103.00	100.00	101.00	100.00	101.00	100.00	103.00	106.00	117.00	121.00	119.00	119.00	120.00	123.00	122.00	128.00	131.00	130.00	125.00	125.00	131.00	136.00	142.00	151.00	148.00	145.00	146.00	147.00	145.00	146.00	146.00	143.00	145.00	142.00	144.00	142.00	139.00	140.00	144.00	145.00	144.00	142.00	141.00	134.00	127.00	128.00	134.00	143.00	150.00	149.00	130.00	119.00	122.00	134.00	127.00	121.00	118.00	119.00	120.00	130.00	130.00	127.00	131.00	159.00	160.00	159.00	153.00	145.00	144.00	156.00	166.00	169.00	153.00	129.00	120.00	114.00	113.00	108.00	105.00	109.00	112.00	131.00	142.00	143.00	125.00	115.00	103.00	101.00	102.00	104.00	102.00	98.00	93.00	93.00	95.00	95.00	97.00	96.00	95.00	97.00	99.00	104.00	106.00	105.00	96.00	102.00	101.00	100.00	102.00	102.00	100.00	98.00	99.00	96.00	95.00	91.00	91.00	93.00	98.00	94.00	91.00	90.00	90.00	93.00	97.00	102.00	98.00	94.00	92.00	91.00	91.00	87.00	85.00	88.00	93.00	98.00	82.00	83.00	86.00	87.00	84.00	85.00	87.00	90.00	95.00	91.00	91.00	85.00	84.00	82.00	83.00	80.00	81.00	79.00	79.00	79.00	79.00	76.00	76.00	78.00	79.00	77.00
99.00	99.00	97.00	95.00	94.00	95.00	96.00	95.00	95.00	96.00	95.00	94.00	93.00	94.00	92.00	92.00	93.00	91.00	89.00	87.00	88.00	87.00	89.00	92.00	90.00	89.00	86.00	85.00	91.00	94.00	96.00	88.00	83.00	83.00	84.00	90.00	104.00	104.00	101.00	102.00	100.00	98.00	100.00	101.00	96.00	91.00	87.00	86.00	86.00	90.00	90.00	88.00	88.00	92.00	94.00	98.00	96.00	91.00	90.00	95.00	96.00	101.00	104.00	104.00	107.00	105.00	107.00	109.00	108.00	106.00	109.00	116.00	131.00	147.00	149.00	147.00	139.00	133.00	130.00	123.00	121.00	122.00	125.00	125.00	118.00	116.00	120.00	126.00	129.00	128.00	128.00	123.00	118.00	120.00	114.00	106.00	104.00	97.00	95.00	103.00	101.00	100.00	101.00	104.00	114.00	114.00	116.00	118.00	123.00	121.00	121.00	123.00	130.00	128.00	131.00	144.00	150.00	153.00	148.00	144.00	144.00	164.00	166.00	161.00	154.00	151.00	145.00	146.00	151.00	149.00	143.00	146.00	146.00	145.00	148.00	148.00	140.00	132.00	130.00	138.00	138.00	140.00	140.00	141.00	138.00	137.00	124.00	132.00	141.00	127.00	122.00	120.00	123.00	133.00	131.00	128.00	127.00	142.00	146.00	148.00	149.00	147.00	142.00	148.00	159.00	164.00	161.00	148.00	140.00	128.00	121.00	112.00	109.00	109.00	115.00	125.00	123.00	127.00	148.00	143.00	117.00	106.00	101.00	98.00	102.00	107.00	106.00	103.00	99.00	94.00	94.00	95.00	94.00	95.00	98.00	98.00	96.00	95.00	93.00	92.00	94.00	97.00	96.00	95.00	96.00	94.00	93.00	98.00	99.00	95.00	92.00	99.00	103.00	100.00	100.00	95.00	96.00	98.00	103.00	104.00	96.00	97.00	97.00	92.00	81.00	83.00	89.00	93.00	93.00	86.00	80.00	81.00	86.00	95.00	95.00	90.00	84.00	79.00	75.00	80.00	78.00	74.00	74.00	74.00	74.00	74.00	74.00	74.00	74.00	74.00	74.00	74.00	74.00	74.00	74.00	75.00
97.00	95.00	96.00	96.00	94.00	94.00	95.00	97.00	102.00	99.00	99.00	101.00	100.00	99.00	92.00	92.00	91.00	90.00	87.00	89.00	90.00	91.00	89.00	87.00	85.00	83.00	86.00	89.00	92.00	95.00	95.00	91.00	84.00	83.00	83.00	83.00	88.00	95.00	98.00	93.00	90.00	91.00	97.00	99.00	96.00	94.00	94.00	94.00	93.00	90.00	87.00	88.00	89.00	92.00	98.00	96.00	89.00	85.00	88.00	102.00	99.00	100.00	113.00	101.00	102.00	104.00	108.00	115.00	113.00	114.00	115.00	115.00	110.00	126.00	136.00	135.00	133.00	128.00	121.00	118.00	118.00	122.00	124.00	127.00	116.00	111.00	114.00	123.00	127.00	130.00	121.00	119.00	117.00	120.00	122.00	120.00	121.00	119.00	114.00	110.00	118.00	121.00	107.00	95.00	96.00	108.00	108.00	109.00	113.00	116.00	118.00	117.00	121.00	125.00	128.00	141.00	144.00	142.00	136.00	140.00	143.00	146.00	152.00	149.00	144.00	144.00	157.00	158.00	155.00	152.00	142.00	140.00	139.00	140.00	141.00	154.00	145.00	138.00	134.00	145.00	150.00	146.00	147.00	147.00	137.00	132.00	138.00	139.00	141.00	134.00	126.00	121.00	122.00	126.00	129.00	126.00	123.00	129.00	133.00	139.00	140.00	139.00	135.00	133.00	139.00	146.00	157.00	158.00	152.00	147.00	140.00	130.00	127.00	121.00	124.00	146.00	154.00	152.00	132.00	128.00	140.00	124.00	112.00	104.00	98.00	99.00	101.00	102.00	101.00	94.00	95.00	95.00	95.00	96.00	94.00	92.00	89.00	89.00	88.00	89.00	91.00	95.00	101.00	96.00	94.00	95.00	98.00	99.00	97.00	93.00	91.00	97.00	100.00	101.00	99.00	96.00	95.00	95.00	93.00	91.00	91.00	94.00	100.00	100.00	92.00	85.00	82.00	81.00	80.00	78.00	81.00	83.00	83.00	89.00	95.00	96.00	89.00	83.00	77.00	78.00	80.00	83.00	79.00	75.00	74.00	74.00	74.00	74.00	74.00	74.00	74.00	74.00	74.00	74.00	74.00	74.00
97.00	95.00	96.00	96.00	94.00	94.00	95.00	97.00	102.00	99.00	99.00	101.00	100.00	99.00	92.00	92.00	91.00	90.00	87.00	89.00	90.00	91.00	89.00	87.00	85.00	83.00	86.00	89.00	92.00	95.00	95.00	91.00	84.00	83.00	83.00	83.00	88.00	95.00	98.00	93.00	90.00	91.00	97.00	99.00	96.00	94.00	94.00	94.00	93.00	90.00	87.00	88.00	89.00	92.00	98.00	96.00	89.00	85.00	88.00	102.00	99.00	100.00	113.00	101.00	102.00	104.00	108.00	115.00	113.00	114.00	115.00	115.00	110.00	126.00	136.00	135.00	133.00	128.00	121.00	118.00	118.00	122.00	124.00	127.00	116.00	111.00	114.00	123.00	127.00	130.00	121.00	119.00	117.00	120.00	122.00	120.00	121.00	119.00	114.00	110.00	118.00	121.00	107.00	95.00	96.00	108.00	108.00	109.00	113.00	116.00	118.00	117.00	121.00	125.00	128.00	141.00	144.00	142.00	136.00	140.00	143.00	146.00	152.00	149.00	144.00	144.00	157.00	158.00	155.00	152.00	142.00	140.00	139.00	140.00	141.00	154.00	145.00	138.00	134.00	145.00	150.00	146.00	147.00	147.00	137.00	132.00	138.00	139.00	141.00	134.00	126.00	121.00	122.00	126.00	129.00	126.00	123.00	129.00	133.00	139.00	140.00	139.00	135.00	133.00	139.00	146.00	157.00	158.00	152.00	147.00	140.00	130.00	127.00	121.00	124.00	146.00	154.00	152.00	132.00	128.00	140.00	124.00	112.00	104.00	98.00	99.00	101.00	102.00	101.00	94.00	95.00	95.00	95.00	96.00	94.00	92.00	89.00	89.00	88.00	89.00	91.00	95.00	101.00	96.00	94.00	95.00	98.00	99.00	97.00	93.00	91.00	97.00	100.00	101.00	99.00	96.00	95.00	95.00	93.00	91.00	91.00	94.00	100.00	100.00	92.00	85.00	82.00	81.00	80.00	78.00	81.00	83.00	83.00	89.00	95.00	96.00	89.00	83.00	77.00	78.00	80.00	83.00	79.00	75.00	74.00	74.00	74.00	74.00	74.00	74.00	74.00	74.00	74.00	74.00	74.00	74.00
100.00	95.00	94.00	94.00	96.00	94.00	97.00	100.00	105.00	107.00	103.00	102.00	101.00	99.00	95.00	94.00	90.00	89.00	87.00	88.00	88.00	86.00	89.00	84.00	85.00	93.00	93.00	88.00	87.00	89.00	94.00	99.00	94.00	86.00	83.00	83.00	83.00	83.00	83.00	84.00	85.00	90.00	88.00	87.00	90.00	88.00	86.00	88.00	91.00	92.00	96.00	97.00	91.00	88.00	100.00	101.00	100.00	96.00	95.00	100.00	100.00	104.00	115.00	120.00	110.00	105.00	104.00	113.00	113.00	111.00	112.00	118.00	116.00	114.00	120.00	127.00	125.00	124.00	124.00	123.00	122.00	125.00	118.00	116.00	117.00	112.00	117.00	129.00	134.00	133.00	127.00	124.00	126.00	128.00	129.00	130.00	130.00	124.00	120.00	118.00	120.00	119.00	117.00	103.00	106.00	117.00	124.00	109.00	111.00	116.00	119.00	118.00	119.00	120.00	121.00	132.00	135.00	132.00	132.00	134.00	136.00	147.00	152.00	153.00	152.00	155.00	148.00	146.00	146.00	143.00	137.00	139.00	144.00	146.00	148.00	149.00	146.00	135.00	131.00	152.00	148.00	138.00	143.00	155.00	136.00	126.00	127.00	133.00	141.00	145.00	143.00	136.00	133.00	133.00	129.00	128.00	126.00	142.00	133.00	126.00	127.00	133.00	137.00	132.00	133.00	139.00	153.00	161.00	163.00	160.00	153.00	145.00	137.00	125.00	127.00	148.00	159.00	162.00	147.00	136.00	117.00	126.00	127.00	117.00	98.00	95.00	96.00	97.00	97.00	98.00	99.00	97.00	93.00	92.00	93.00	95.00	96.00	95.00	92.00	90.00	89.00	89.00	92.00	96.00	100.00	98.00	92.00	91.00	88.00	88.00	89.00	89.00	92.00	92.00	92.00	90.00	90.00	90.00	89.00	89.00	91.00	92.00	89.00	89.00	87.00	88.00	91.00	94.00	93.00	86.00	85.00	86.00	92.00	93.00	91.00	88.00	84.00	78.00	74.00	74.00	74.00	80.00	88.00	82.00	78.00	74.00	74.00	74.00	74.00	74.00	74.00	74.00	74.00	74.00	74.00	74.00
100.00	95.00	94.00	94.00	96.00	94.00	97.00	100.00	105.00	107.00	103.00	102.00	101.00	99.00	95.00	94.00	90.00	89.00	87.00	88.00	88.00	86.00	89.00	84.00	85.00	93.00	93.00	88.00	87.00	89.00	94.00	99.00	94.00	86.00	83.00	83.00	83.00	83.00	83.00	84.00	85.00	90.00	88.00	87.00	90.00	88.00	86.00	88.00	91.00	92.00	96.00	97.00	91.00	88.00	100.00	101.00	100.00	96.00	95.00	100.00	100.00	104.00	115.00	120.00	110.00	105.00	104.00	113.00	113.00	111.00	112.00	118.00	116.00	114.00	120.00	127.00	125.00	124.00	124.00	123.00	122.00	125.00	118.00	116.00	117.00	112.00	117.00	129.00	134.00	133.00	127.00	124.00	126.00	128.00	129.00	130.00	130.00	124.00	120.00	118.00	120.00	119.00	117.00	103.00	106.00	117.00	124.00	109.00	111.00	116.00	119.00	118.00	119.00	120.00	121.00	132.00	135.00	132.00	132.00	134.00	136.00	147.00	152.00	153.00	152.00	155.00	148.00	146.00	146.00	143.00	137.00	139.00	144.00	146.00	148.00	149.00	146.00	135.00	131.00	152.00	148.00	138.00	143.00	155.00	136.00	126.00	127.00	133.00	141.00	145.00	143.00	136.00	133.00	133.00	129.00	128.00	126.00	142.00	133.00	126.00	127.00	133.00	137.00	132.00	133.00	139.00	153.00	161.00	163.00	160.00	153.00	145.00	137.00	125.00	127.00	148.00	159.00	162.00	147.00	136.00	117.00	126.00	127.00	117.00	98.00	95.00	96.00	97.00	97.00	98.00	99.00	97.00	93.00	92.00	93.00	95.00	96.00	95.00	92.00	90.00	89.00	89.00	92.00	96.00	100.00	98.00	92.00	91.00	88.00	88.00	89.00	89.00	92.00	92.00	92.00	90.00	90.00	90.00	89.00	89.00	91.00	92.00	89.00	89.00	87.00	88.00	91.00	94.00	93.00	86.00	85.00	86.00	92.00	93.00	91.00	88.00	84.00	78.00	74.00	74.00	74.00	80.00	88.00	82.00	78.00	74.00	74.00	74.00	74.00	74.00	74.00	74.00	74.00	74.00	74.00	74.00
97.00	95.00	93.00	92.00	93.00	98.00	98.00	101.00	107.00	106.00	108.00	104.00	99.00	95.00	94.00	90.00	88.00	86.00	85.00	86.00	92.00	84.00	87.00	90.00	93.00	91.00	86.00	86.00	92.00	101.00	106.00	105.00	100.00	100.00	97.00	97.00	89.00	89.00	87.00	84.00	83.00	86.00	86.00	85.00	88.00	91.00	92.00	91.00	95.00	96.00	89.00	90.00	97.00	95.00	91.00	101.00	110.00	122.00	116.00	103.00	99.00	104.00	117.00	132.00	123.00	112.00	105.00	106.00	134.00	133.00	128.00	127.00	124.00	132.00	135.00	125.00	115.00	113.00	117.00	118.00	119.00	121.00	123.00	120.00	123.00	123.00	120.00	121.00	121.00	123.00	130.00	133.00	132.00	132.00	131.00	129.00	130.00	130.00	127.00	130.00	134.00	132.00	129.00	115.00	121.00	120.00	112.00	111.00	113.00	113.00	114.00	119.00	119.00	124.00	126.00	122.00	127.00	137.00	139.00	140.00	141.00	139.00	137.00	137.00	145.00	146.00	142.00	139.00	140.00	146.00	154.00	156.00	158.00	160.00	159.00	149.00	137.00	144.00	145.00	156.00	153.00	148.00	144.00	142.00	139.00	132.00	127.00	128.00	133.00	131.00	134.00	138.00	132.00	124.00	121.00	131.00	132.00	131.00	133.00	128.00	124.00	122.00	137.00	137.00	127.00	122.00	127.00	157.00	170.00	171.00	160.00	145.00	136.00	128.00	133.00	159.00	164.00	166.00	155.00	145.00	125.00	117.00	112.00	113.00	115.00	111.00	107.00	100.00	96.00	93.00	92.00	91.00	91.00	89.00	91.00	97.00	98.00	97.00	89.00	90.00	91.00	95.00	100.00	98.00	94.00	90.00	87.00	90.00	95.00	102.00	94.00	87.00	88.00	90.00	90.00	90.00	87.00	89.00	90.00	89.00	88.00	96.00	102.00	102.00	97.00	94.00	91.00	93.00	98.00	98.00	100.00	96.00	92.00	88.00	91.00	94.00	94.00	80.00	74.00	74.00	74.00	74.00	74.00	74.00	74.00	74.00	74.00	75.00	75.00	74.00	74.00	83.00	89.00	80.00	78.00	75.00
97.00	95.00	93.00	92.00	93.00	98.00	98.00	101.00	107.00	106.00	108.00	104.00	99.00	95.00	94.00	90.00	88.00	86.00	85.00	86.00	92.00	84.00	87.00	90.00	93.00	91.00	86.00	86.00	92.00	101.00	106.00	105.00	100.00	100.00	97.00	97.00	89.00	89.00	87.00	84.00	83.00	86.00	86.00	85.00	88.00	91.00	92.00	91.00	95.00	96.00	89.00	90.00	97.00	95.00	91.00	101.00	110.00	122.00	116.00	103.00	99.00	104.00	117.00	132.00	123.00	112.00	105.00	106.00	134.00	133.00	128.00	127.00	124.00	132.00	135.00	125.00	115.00	113.00	117.00	118.00	119.00	121.00	123.00	120.00	123.00	123.00	120.00	121.00	121.00	123.00	130.00	133.00	132.00	132.00	131.00	129.00	130.00	130.00	127.00	130.00	134.00	132.00	129.00	115.00	121.00	120.00	112.00	111.00	113.00	113.00	114.00	119.00	119.00	124.00	126.00	122.00	127.00	137.00	139.00	140.00	141.00	139.00	137.00	137.00	145.00	146.00	142.00	139.00	140.00	146.00	154.00	156.00	158.00	160.00	159.00	149.00	137.00	144.00	145.00	156.00	153.00	148.00	144.00	142.00	139.00	132.00	127.00	128.00	133.00	131.00	134.00	138.00	132.00	124.00	121.00	131.00	132.00	131.00	133.00	128.00	124.00	122.00	137.00	137.00	127.00	122.00	127.00	157.00	170.00	171.00	160.00	145.00	136.00	128.00	133.00	159.00	164.00	166.00	155.00	145.00	125.00	117.00	112.00	113.00	115.00	111.00	107.00	100.00	96.00	93.00	92.00	91.00	91.00	89.00	91.00	97.00	98.00	97.00	89.00	90.00	91.00	95.00	100.00	98.00	94.00	90.00	87.00	90.00	95.00	102.00	94.00	87.00	88.00	90.00	90.00	90.00	87.00	89.00	90.00	89.00	88.00	96.00	102.00	102.00	97.00	94.00	91.00	93.00	98.00	98.00	100.00	96.00	92.00	88.00	91.00	94.00	94.00	80.00	74.00	74.00	74.00	74.00	74.00	74.00	74.00	74.00	74.00	75.00	75.00	74.00	74.00	83.00	89.00	80.00	78.00	75.00
93.00	94.00	96.00	96.00	97.00	102.00	104.00	101.00	101.00	103.00	96.00	95.00	95.00	95.00	92.00	91.00	90.00	89.00	90.00	90.00	88.00	85.00	89.00	95.00	90.00	88.00	87.00	92.00	94.00	100.00	106.00	101.00	95.00	96.00	94.00	94.00	89.00	89.00	94.00	98.00	94.00	86.00	84.00	83.00	84.00	88.00	90.00	92.00	93.00	93.00	86.00	83.00	85.00	96.00	97.00	94.00	99.00	108.00	113.00	115.00	108.00	107.00	107.00	117.00	114.00	115.00	118.00	110.00	123.00	135.00	135.00	137.00	137.00	139.00	149.00	153.00	141.00	118.00	114.00	115.00	115.00	126.00	125.00	125.00	129.00	123.00	122.00	125.00	123.00	122.00	131.00	130.00	132.00	134.00	139.00	138.00	136.00	135.00	135.00	134.00	134.00	140.00	137.00	123.00	126.00	122.00	122.00	123.00	110.00	109.00	113.00	118.00	116.00	122.00	126.00	129.00	129.00	132.00	132.00	132.00	136.00	141.00	135.00	130.00	133.00	136.00	138.00	139.00	144.00	156.00	170.00	165.00	159.00	151.00	142.00	136.00	135.00	143.00	149.00	152.00	153.00	150.00	142.00	136.00	130.00	128.00	134.00	140.00	131.00	131.00	135.00	140.00	144.00	134.00	127.00	126.00	128.00	118.00	119.00	121.00	125.00	123.00	120.00	128.00	133.00	125.00	115.00	136.00	155.00	170.00	166.00	147.00	140.00	133.00	132.00	160.00	163.00	162.00	156.00	150.00	134.00	127.00	120.00	115.00	114.00	123.00	121.00	115.00	113.00	103.00	101.00	97.00	93.00	91.00	94.00	96.00	95.00	95.00	90.00	86.00	89.00	91.00	92.00	91.00	90.00	91.00	90.00	89.00	89.00	101.00	105.00	94.00	90.00	88.00	89.00	87.00	84.00	85.00	85.00	87.00	89.00	89.00	92.00	96.00	99.00	106.00	108.00	100.00	95.00	100.00	98.00	103.00	104.00	86.00	80.00	80.00	81.00	79.00	77.00	76.00	75.00	74.00	74.00	74.00	74.00	74.00	74.00	74.00	75.00	74.00	74.00	75.00	76.00	75.00	75.00	75.00
93.00	94.00	96.00	96.00	97.00	102.00	104.00	101.00	101.00	103.00	96.00	95.00	95.00	95.00	92.00	91.00	90.00	89.00	90.00	90.00	88.00	85.00	89.00	95.00	90.00	88.00	87.00	92.00	94.00	100.00	106.00	101.00	95.00	96.00	94.00	94.00	89.00	89.00	94.00	98.00	94.00	86.00	84.00	83.00	84.00	88.00	90.00	92.00	93.00	93.00	86.00	83.00	85.00	96.00	97.00	94.00	99.00	108.00	113.00	115.00	108.00	107.00	107.00	117.00	114.00	115.00	118.00	110.00	123.00	135.00	135.00	137.00	137.00	139.00	149.00	153.00	141.00	118.00	114.00	115.00	115.00	126.00	125.00	125.00	129.00	123.00	122.00	125.00	123.00	122.00	131.00	130.00	132.00	134.00	139.00	138.00	136.00	135.00	135.00	134.00	134.00	140.00	137.00	123.00	126.00	122.00	122.00	123.00	110.00	109.00	113.00	118.00	116.00	122.00	126.00	129.00	129.00	132.00	132.00	132.00	136.00	141.00	135.00	130.00	133.00	136.00	138.00	139.00	144.00	156.00	170.00	165.00	159.00	151.00	142.00	136.00	135.00	143.00	149.00	152.00	153.00	150.00	142.00	136.00	130.00	128.00	134.00	140.00	131.00	131.00	135.00	140.00	144.00	134.00	127.00	126.00	128.00	118.00	119.00	121.00	125.00	123.00	120.00	128.00	133.00	125.00	115.00	136.00	155.00	170.00	166.00	147.00	140.00	133.00	132.00	160.00	163.00	162.00	156.00	150.00	134.00	127.00	120.00	115.00	114.00	123.00	121.00	115.00	113.00	103.00	101.00	97.00	93.00	91.00	94.00	96.00	95.00	95.00	90.00	86.00	89.00	91.00	92.00	91.00	90.00	91.00	90.00	89.00	89.00	101.00	105.00	94.00	90.00	88.00	89.00	87.00	84.00	85.00	85.00	87.00	89.00	89.00	92.00	96.00	99.00	106.00	108.00	100.00	95.00	100.00	98.00	103.00	104.00	86.00	80.00	80.00	81.00	79.00	77.00	76.00	75.00	74.00	74.00	74.00	74.00	74.00	74.00	74.00	75.00	74.00	74.00	75.00	76.00	75.00	75.00	75.00
103.00	104.00	99.00	96.00	90.00	98.00	98.00	101.00	107.00	101.00	97.00	90.00	93.00	91.00	91.00	94.00	90.00	87.00	86.00	91.00	95.00	91.00	90.00	95.00	92.00	97.00	98.00	100.00	93.00	93.00	90.00	101.00	100.00	91.00	88.00	89.00	87.00	87.00	90.00	95.00	98.00	99.00	97.00	90.00	85.00	83.00	84.00	86.00	87.00	86.00	88.00	88.00	90.00	86.00	102.00	109.00	110.00	108.00	98.00	102.00	116.00	125.00	115.00	120.00	124.00	122.00	128.00	123.00	117.00	118.00	125.00	131.00	145.00	169.00	165.00	161.00	158.00	140.00	137.00	136.00	134.00	125.00	122.00	119.00	120.00	122.00	125.00	131.00	134.00	133.00	132.00	130.00	131.00	132.00	140.00	138.00	135.00	136.00	138.00	136.00	138.00	136.00	138.00	125.00	127.00	123.00	123.00	124.00	121.00	122.00	121.00	122.00	122.00	125.00	121.00	124.00	128.00	134.00	134.00	133.00	133.00	138.00	132.00	131.00	137.00	135.00	137.00	144.00	150.00	157.00	160.00	146.00	143.00	145.00	140.00	137.00	139.00	138.00	139.00	139.00	141.00	141.00	138.00	129.00	125.00	129.00	136.00	137.00	126.00	120.00	127.00	136.00	142.00	138.00	133.00	128.00	119.00	119.00	120.00	119.00	125.00	129.00	118.00	114.00	115.00	122.00	132.00	116.00	122.00	135.00	148.00	155.00	145.00	137.00	138.00	137.00	137.00	135.00	133.00	127.00	130.00	125.00	118.00	118.00	118.00	113.00	114.00	115.00	114.00	108.00	105.00	102.00	99.00	99.00	95.00	95.00	93.00	92.00	86.00	85.00	86.00	86.00	93.00	96.00	92.00	89.00	88.00	89.00	90.00	96.00	103.00	97.00	92.00	89.00	88.00	85.00	85.00	88.00	86.00	86.00	96.00	96.00	92.00	87.00	94.00	97.00	92.00	92.00	94.00	106.00	95.00	84.00	81.00	75.00	74.00	74.00	74.00	76.00	84.00	90.00	90.00	77.00	81.00	80.00	79.00	79.00	78.00	77.00	77.00	75.00	74.00	74.00	74.00	79.00	79.00	84.00
105.00	103.00	92.00	94.00	104.00	107.00	105.00	110.00	116.00	121.00	103.00	95.00	93.00	96.00	91.00	89.00	91.00	89.00	100.00	104.00	95.00	87.00	90.00	92.00	91.00	91.00	91.00	94.00	94.00	90.00	92.00	102.00	104.00	91.00	86.00	89.00	98.00	97.00	97.00	92.00	90.00	98.00	100.00	95.00	90.00	88.00	85.00	84.00	86.00	89.00	94.00	95.00	92.00	92.00	94.00	99.00	109.00	109.00	101.00	94.00	94.00	100.00	107.00	126.00	128.00	126.00	128.00	123.00	127.00	135.00	144.00	141.00	130.00	140.00	149.00	152.00	150.00	154.00	145.00	141.00	140.00	130.00	127.00	126.00	131.00	135.00	139.00	142.00	141.00	135.00	133.00	134.00	135.00	133.00	136.00	137.00	135.00	133.00	132.00	134.00	133.00	137.00	140.00	136.00	134.00	125.00	124.00	128.00	129.00	126.00	126.00	126.00	129.00	128.00	122.00	123.00	127.00	130.00	129.00	128.00	134.00	131.00	133.00	134.00	135.00	138.00	146.00	158.00	156.00	156.00	151.00	138.00	137.00	145.00	144.00	145.00	141.00	131.00	139.00	140.00	132.00	133.00	137.00	140.00	132.00	130.00	132.00	134.00	126.00	123.00	119.00	122.00	126.00	126.00	122.00	123.00	127.00	118.00	116.00	118.00	116.00	118.00	117.00	118.00	117.00	116.00	120.00	125.00	117.00	114.00	119.00	138.00	136.00	130.00	134.00	143.00	139.00	130.00	118.00	117.00	127.00	129.00	124.00	119.00	115.00	115.00	116.00	115.00	117.00	105.00	103.00	100.00	98.00	94.00	95.00	95.00	94.00	95.00	95.00	90.00	88.00	90.00	99.00	106.00	108.00	104.00	97.00	87.00	87.00	94.00	97.00	95.00	93.00	93.00	92.00	90.00	90.00	90.00	90.00	90.00	83.00	89.00	98.00	105.00	99.00	91.00	93.00	91.00	87.00	76.00	77.00	75.00	74.00	74.00	74.00	74.00	74.00	74.00	74.00	74.00	74.00	75.00	79.00	79.00	86.00	85.00	82.00	84.00	89.00	92.00	91.00	75.00	74.00	77.00	82.00	80.00
105.00	103.00	92.00	94.00	104.00	107.00	105.00	110.00	116.00	121.00	103.00	95.00	93.00	96.00	91.00	89.00	91.00	89.00	100.00	104.00	95.00	87.00	90.00	92.00	91.00	91.00	91.00	94.00	94.00	90.00	92.00	102.00	104.00	91.00	86.00	89.00	98.00	97.00	97.00	92.00	90.00	98.00	100.00	95.00	90.00	88.00	85.00	84.00	86.00	89.00	94.00	95.00	92.00	92.00	94.00	99.00	109.00	109.00	101.00	94.00	94.00	100.00	107.00	126.00	128.00	126.00	128.00	123.00	127.00	135.00	144.00	141.00	130.00	140.00	149.00	152.00	150.00	154.00	145.00	141.00	140.00	130.00	127.00	126.00	131.00	135.00	139.00	142.00	141.00	135.00	133.00	134.00	135.00	133.00	136.00	137.00	135.00	133.00	132.00	134.00	133.00	137.00	140.00	136.00	134.00	125.00	124.00	128.00	129.00	126.00	126.00	126.00	129.00	128.00	122.00	123.00	127.00	130.00	129.00	128.00	134.00	131.00	133.00	134.00	135.00	138.00	146.00	158.00	156.00	156.00	151.00	138.00	137.00	145.00	144.00	145.00	141.00	131.00	139.00	140.00	132.00	133.00	137.00	140.00	132.00	130.00	132.00	134.00	126.00	123.00	119.00	122.00	126.00	126.00	122.00	123.00	127.00	118.00	116.00	118.00	116.00	118.00	117.00	118.00	117.00	116.00	120.00	125.00	117.00	114.00	119.00	138.00	136.00	130.00	134.00	143.00	139.00	130.00	118.00	117.00	127.00	129.00	124.00	119.00	115.00	115.00	116.00	115.00	117.00	105.00	103.00	100.00	98.00	94.00	95.00	95.00	94.00	95.00	95.00	90.00	88.00	90.00	99.00	106.00	108.00	104.00	97.00	87.00	87.00	94.00	97.00	95.00	93.00	93.00	92.00	90.00	90.00	90.00	90.00	90.00	83.00	89.00	98.00	105.00	99.00	91.00	93.00	91.00	87.00	76.00	77.00	75.00	74.00	74.00	74.00	74.00	74.00	74.00	74.00	74.00	74.00	75.00	79.00	79.00	86.00	85.00	82.00	84.00	89.00	92.00	91.00	75.00	74.00	77.00	82.00	80.00
104.00	92.00	88.00	103.00	122.00	115.00	107.00	113.00	115.00	107.00	104.00	106.00	103.00	101.00	102.00	96.00	95.00	97.00	102.00	99.00	92.00	96.00	98.00	90.00	92.00	94.00	94.00	91.00	92.00	92.00	90.00	89.00	100.00	96.00	91.00	90.00	92.00	90.00	89.00	88.00	87.00	93.00	96.00	96.00	95.00	88.00	88.00	91.00	89.00	88.00	90.00	93.00	92.00	92.00	104.00	103.00	104.00	106.00	102.00	114.00	127.00	135.00	123.00	96.00	101.00	114.00	117.00	120.00	120.00	131.00	143.00	154.00	143.00	147.00	146.00	136.00	129.00	139.00	138.00	136.00	143.00	146.00	139.00	137.00	145.00	140.00	141.00	145.00	141.00	132.00	139.00	140.00	135.00	129.00	129.00	130.00	131.00	132.00	132.00	134.00	134.00	135.00	135.00	132.00	122.00	121.00	125.00	128.00	126.00	128.00	127.00	123.00	127.00	133.00	133.00	125.00	122.00	125.00	127.00	123.00	124.00	131.00	131.00	136.00	136.00	134.00	130.00	136.00	144.00	148.00	143.00	133.00	135.00	145.00	151.00	150.00	147.00	140.00	146.00	145.00	135.00	140.00	144.00	137.00	132.00	138.00	127.00	128.00	145.00	145.00	136.00	126.00	121.00	119.00	117.00	117.00	123.00	129.00	129.00	127.00	122.00	113.00	110.00	114.00	115.00	123.00	117.00	117.00	127.00	126.00	117.00	111.00	113.00	118.00	127.00	146.00	151.00	150.00	134.00	128.00	130.00	129.00	125.00	120.00	112.00	108.00	107.00	111.00	118.00	122.00	111.00	102.00	96.00	92.00	93.00	96.00	99.00	99.00	94.00	92.00	91.00	91.00	99.00	103.00	103.00	102.00	98.00	88.00	86.00	91.00	96.00	98.00	94.00	91.00	88.00	95.00	96.00	91.00	89.00	88.00	85.00	85.00	86.00	88.00	97.00	101.00	102.00	98.00	92.00	89.00	83.00	75.00	74.00	74.00	74.00	80.00	83.00	83.00	83.00	78.00	74.00	74.00	74.00	74.00	83.00	92.00	95.00	94.00	91.00	89.00	88.00	84.00	80.00	78.00	74.00	78.00
103.00	91.00	88.00	106.00	121.00	120.00	114.00	106.00	111.00	108.00	99.00	101.00	102.00	98.00	95.00	94.00	96.00	98.00	94.00	92.00	92.00	93.00	95.00	92.00	96.00	103.00	96.00	92.00	103.00	95.00	90.00	90.00	92.00	93.00	91.00	91.00	90.00	88.00	88.00	88.00	90.00	87.00	85.00	87.00	93.00	105.00	95.00	88.00	87.00	89.00	85.00	89.00	88.00	89.00	107.00	120.00	120.00	120.00	125.00	112.00	114.00	118.00	118.00	118.00	114.00	113.00	108.00	106.00	101.00	108.00	124.00	131.00	138.00	158.00	153.00	147.00	143.00	133.00	128.00	127.00	137.00	158.00	160.00	155.00	152.00	146.00	147.00	147.00	146.00	139.00	132.00	139.00	135.00	123.00	127.00	127.00	134.00	134.00	132.00	137.00	134.00	129.00	125.00	122.00	132.00	127.00	124.00	126.00	127.00	127.00	128.00	126.00	122.00	127.00	130.00	127.00	127.00	125.00	122.00	123.00	121.00	130.00	134.00	136.00	132.00	127.00	129.00	136.00	135.00	132.00	128.00	129.00	133.00	137.00	143.00	143.00	144.00	144.00	143.00	139.00	134.00	143.00	151.00	148.00	128.00	130.00	124.00	124.00	147.00	145.00	140.00	133.00	125.00	126.00	124.00	123.00	121.00	121.00	127.00	136.00	132.00	115.00	114.00	119.00	125.00	119.00	118.00	116.00	110.00	114.00	115.00	110.00	111.00	108.00	111.00	116.00	125.00	134.00	134.00	131.00	127.00	122.00	119.00	116.00	110.00	110.00	110.00	113.00	112.00	114.00	122.00	126.00	122.00	107.00	101.00	99.00	99.00	102.00	103.00	92.00	90.00	90.00	92.00	94.00	94.00	96.00	96.00	89.00	86.00	88.00	92.00	97.00	94.00	90.00	87.00	87.00	91.00	93.00	91.00	88.00	86.00	84.00	84.00	88.00	103.00	110.00	111.00	108.00	108.00	103.00	88.00	82.00	80.00	80.00	81.00	85.00	88.00	88.00	81.00	75.00	73.00	80.00	80.00	77.00	76.00	75.00	81.00	100.00	99.00	95.00	91.00	81.00	84.00	89.00	89.00	84.00
103.00	91.00	88.00	106.00	121.00	120.00	114.00	106.00	111.00	108.00	99.00	101.00	102.00	98.00	95.00	94.00	96.00	98.00	94.00	92.00	92.00	93.00	95.00	92.00	96.00	103.00	96.00	92.00	103.00	95.00	90.00	90.00	92.00	93.00	91.00	91.00	90.00	88.00	88.00	88.00	90.00	87.00	85.00	87.00	93.00	105.00	95.00	88.00	87.00	89.00	85.00	89.00	88.00	89.00	107.00	120.00	120.00	120.00	125.00	112.00	114.00	118.00	118.00	118.00	114.00	113.00	108.00	106.00	101.00	108.00	124.00	131.00	138.00	158.00	153.00	147.00	143.00	133.00	128.00	127.00	137.00	158.00	160.00	155.00	152.00	146.00	147.00	147.00	146.00	139.00	132.00	139.00	135.00	123.00	127.00	127.00	134.00	134.00	132.00	137.00	134.00	129.00	125.00	122.00	132.00	127.00	124.00	126.00	127.00	127.00	128.00	126.00	122.00	127.00	130.00	127.00	127.00	125.00	122.00	123.00	121.00	130.00	134.00	136.00	132.00	127.00	129.00	136.00	135.00	132.00	128.00	129.00	133.00	137.00	143.00	143.00	144.00	144.00	143.00	139.00	134.00	143.00	151.00	148.00	128.00	130.00	124.00	124.00	147.00	145.00	140.00	133.00	125.00	126.00	124.00	123.00	121.00	121.00	127.00	136.00	132.00	115.00	114.00	119.00	125.00	119.00	118.00	116.00	110.00	114.00	115.00	110.00	111.00	108.00	111.00	116.00	125.00	134.00	134.00	131.00	127.00	122.00	119.00	116.00	110.00	110.00	110.00	113.00	112.00	114.00	122.00	126.00	122.00	107.00	101.00	99.00	99.00	102.00	103.00	92.00	90.00	90.00	92.00	94.00	94.00	96.00	96.00	89.00	86.00	88.00	92.00	97.00	94.00	90.00	87.00	87.00	91.00	93.00	91.00	88.00	86.00	84.00	84.00	88.00	103.00	110.00	111.00	108.00	108.00	103.00	88.00	82.00	80.00	80.00	81.00	85.00	88.00	88.00	81.00	75.00	73.00	80.00	80.00	77.00	76.00	75.00	81.00	100.00	99.00	95.00	91.00	81.00	84.00	89.00	89.00	84.00
97.00	88.00	88.00	99.00	114.00	117.00	118.00	114.00	112.00	106.00	95.00	99.00	103.00	102.00	97.00	97.00	96.00	99.00	98.00	97.00	95.00	93.00	93.00	95.00	94.00	97.00	97.00	92.00	94.00	92.00	90.00	91.00	90.00	92.00	93.00	95.00	93.00	92.00	90.00	88.00	87.00	89.00	88.00	88.00	88.00	94.00	97.00	96.00	91.00	87.00	88.00	90.00	92.00	90.00	95.00	104.00	108.00	115.00	129.00	136.00	126.00	122.00	117.00	108.00	115.00	120.00	112.00	120.00	118.00	112.00	112.00	111.00	126.00	164.00	169.00	163.00	154.00	142.00	133.00	129.00	128.00	133.00	144.00	157.00	152.00	154.00	153.00	149.00	146.00	145.00	134.00	128.00	126.00	123.00	129.00	129.00	129.00	133.00	135.00	140.00	135.00	127.00	125.00	126.00	125.00	124.00	122.00	123.00	128.00	129.00	126.00	126.00	120.00	123.00	131.00	122.00	120.00	129.00	125.00	122.00	120.00	132.00	134.00	133.00	131.00	124.00	131.00	128.00	128.00	126.00	124.00	125.00	133.00	135.00	136.00	144.00	139.00	141.00	143.00	155.00	148.00	139.00	136.00	133.00	125.00	125.00	126.00	117.00	146.00	147.00	135.00	134.00	131.00	122.00	120.00	122.00	121.00	117.00	121.00	121.00	129.00	130.00	114.00	112.00	120.00	120.00	113.00	123.00	127.00	121.00	116.00	109.00	107.00	107.00	110.00	110.00	108.00	109.00	121.00	127.00	126.00	124.00	114.00	107.00	110.00	108.00	113.00	121.00	121.00	100.00	99.00	109.00	117.00	121.00	117.00	115.00	111.00	104.00	94.00	93.00	90.00	89.00	87.00	86.00	89.00	91.00	94.00	105.00	99.00	91.00	91.00	95.00	90.00	86.00	85.00	82.00	85.00	88.00	88.00	90.00	101.00	97.00	87.00	80.00	86.00	95.00	101.00	100.00	96.00	94.00	95.00	89.00	84.00	91.00	95.00	93.00	85.00	78.00	77.00	77.00	77.00	78.00	79.00	80.00	84.00	88.00	90.00	95.00	91.00	85.00	84.00	85.00	86.00	92.00	96.00	89.00
97.00	88.00	88.00	99.00	114.00	117.00	118.00	114.00	112.00	106.00	95.00	99.00	103.00	102.00	97.00	97.00	96.00	99.00	98.00	97.00	95.00	93.00	93.00	95.00	94.00	97.00	97.00	92.00	94.00	92.00	90.00	91.00	90.00	92.00	93.00	95.00	93.00	92.00	90.00	88.00	87.00	89.00	88.00	88.00	88.00	94.00	97.00	96.00	91.00	87.00	88.00	90.00	92.00	90.00	95.00	104.00	108.00	115.00	129.00	136.00	126.00	122.00	117.00	108.00	115.00	120.00	112.00	120.00	118.00	112.00	112.00	111.00	126.00	164.00	169.00	163.00	154.00	142.00	133.00	129.00	128.00	133.00	144.00	157.00	152.00	154.00	153.00	149.00	146.00	145.00	134.00	128.00	126.00	123.00	129.00	129.00	129.00	133.00	135.00	140.00	135.00	127.00	125.00	126.00	125.00	124.00	122.00	123.00	128.00	129.00	126.00	126.00	120.00	123.00	131.00	122.00	120.00	129.00	125.00	122.00	120.00	132.00	134.00	133.00	131.00	124.00	131.00	128.00	128.00	126.00	124.00	125.00	133.00	135.00	136.00	144.00	139.00	141.00	143.00	155.00	148.00	139.00	136.00	133.00	125.00	125.00	126.00	117.00	146.00	147.00	135.00	134.00	131.00	122.00	120.00	122.00	121.00	117.00	121.00	121.00	129.00	130.00	114.00	112.00	120.00	120.00	113.00	123.00	127.00	121.00	116.00	109.00	107.00	107.00	110.00	110.00	108.00	109.00	121.00	127.00	126.00	124.00	114.00	107.00	110.00	108.00	113.00	121.00	121.00	100.00	99.00	109.00	117.00	121.00	117.00	115.00	111.00	104.00	94.00	93.00	90.00	89.00	87.00	86.00	89.00	91.00	94.00	105.00	99.00	91.00	91.00	95.00	90.00	86.00	85.00	82.00	85.00	88.00	88.00	90.00	101.00	97.00	87.00	80.00	86.00	95.00	101.00	100.00	96.00	94.00	95.00	89.00	84.00	91.00	95.00	93.00	85.00	78.00	77.00	77.00	77.00	78.00	79.00	80.00	84.00	88.00	90.00	95.00	91.00	85.00	84.00	85.00	86.00	92.00	96.00	89.00
94.00	88.00	92.00	99.00	104.00	116.00	118.00	112.00	106.00	106.00	105.00	101.00	98.00	102.00	99.00	98.00	100.00	103.00	101.00	101.00	98.00	95.00	96.00	100.00	101.00	97.00	95.00	96.00	94.00	95.00	95.00	93.00	99.00	99.00	96.00	96.00	94.00	94.00	94.00	94.00	94.00	90.00	88.00	90.00	93.00	93.00	87.00	84.00	89.00	94.00	89.00	87.00	85.00	85.00	92.00	98.00	98.00	99.00	104.00	123.00	124.00	126.00	125.00	112.00	107.00	110.00	113.00	121.00	124.00	131.00	139.00	133.00	128.00	138.00	125.00	137.00	157.00	144.00	130.00	131.00	138.00	127.00	121.00	124.00	136.00	148.00	155.00	154.00	148.00	142.00	135.00	131.00	123.00	122.00	122.00	124.00	128.00	127.00	125.00	121.00	122.00	126.00	132.00	121.00	127.00	125.00	126.00	129.00	120.00	123.00	121.00	122.00	120.00	116.00	120.00	119.00	113.00	131.00	131.00	132.00	131.00	127.00	132.00	131.00	129.00	125.00	129.00	128.00	132.00	132.00	124.00	123.00	128.00	128.00	128.00	130.00	130.00	131.00	135.00	152.00	154.00	143.00	144.00	140.00	140.00	138.00	126.00	118.00	124.00	141.00	153.00	145.00	134.00	128.00	132.00	129.00	119.00	110.00	117.00	118.00	112.00	115.00	110.00	109.00	105.00	111.00	115.00	113.00	117.00	122.00	117.00	113.00	109.00	104.00	105.00	116.00	115.00	109.00	104.00	105.00	111.00	111.00	113.00	118.00	121.00	116.00	111.00	109.00	113.00	104.00	95.00	94.00	94.00	98.00	103.00	107.00	117.00	121.00	114.00	95.00	92.00	90.00	94.00	93.00	91.00	92.00	92.00	94.00	94.00	89.00	86.00	76.00	73.00	73.00	73.00	73.00	73.00	73.00	74.00	87.00	95.00	101.00	104.00	96.00	87.00	84.00	83.00	83.00	85.00	83.00	83.00	83.00	83.00	76.00	79.00	83.00	85.00	81.00	72.00	75.00	77.00	78.00	81.00	82.00	81.00	83.00	89.00	102.00	101.00	97.00	93.00	87.00	84.00	84.00	90.00	90.00
94.00	88.00	92.00	99.00	104.00	116.00	118.00	112.00	106.00	106.00	105.00	101.00	98.00	102.00	99.00	98.00	100.00	103.00	101.00	101.00	98.00	95.00	96.00	100.00	101.00	97.00	95.00	96.00	94.00	95.00	95.00	93.00	99.00	99.00	96.00	96.00	94.00	94.00	94.00	94.00	94.00	90.00	88.00	90.00	93.00	93.00	87.00	84.00	89.00	94.00	89.00	87.00	85.00	85.00	92.00	98.00	98.00	99.00	104.00	123.00	124.00	126.00	125.00	112.00	107.00	110.00	113.00	121.00	124.00	131.00	139.00	133.00	128.00	138.00	125.00	137.00	157.00	144.00	130.00	131.00	138.00	127.00	121.00	124.00	136.00	148.00	155.00	154.00	148.00	142.00	135.00	131.00	123.00	122.00	122.00	124.00	128.00	127.00	125.00	121.00	122.00	126.00	132.00	121.00	127.00	125.00	126.00	129.00	120.00	123.00	121.00	122.00	120.00	116.00	120.00	119.00	113.00	131.00	131.00	132.00	131.00	127.00	132.00	131.00	129.00	125.00	129.00	128.00	132.00	132.00	124.00	123.00	128.00	128.00	128.00	130.00	130.00	131.00	135.00	152.00	154.00	143.00	144.00	140.00	140.00	138.00	126.00	118.00	124.00	141.00	153.00	145.00	134.00	128.00	132.00	129.00	119.00	110.00	117.00	118.00	112.00	115.00	110.00	109.00	105.00	111.00	115.00	113.00	117.00	122.00	117.00	113.00	109.00	104.00	105.00	116.00	115.00	109.00	104.00	105.00	111.00	111.00	113.00	118.00	121.00	116.00	111.00	109.00	113.00	104.00	95.00	94.00	94.00	98.00	103.00	107.00	117.00	121.00	114.00	95.00	92.00	90.00	94.00	93.00	91.00	92.00	92.00	94.00	94.00	89.00	86.00	76.00	73.00	73.00	73.00	73.00	73.00	73.00	74.00	87.00	95.00	101.00	104.00	96.00	87.00	84.00	83.00	83.00	85.00	83.00	83.00	83.00	83.00	76.00	79.00	83.00	85.00	81.00	72.00	75.00	77.00	78.00	81.00	82.00	81.00	83.00	89.00	102.00	101.00	97.00	93.00	87.00	84.00	84.00	90.00	90.00
94.00	88.00	92.00	99.00	104.00	116.00	118.00	112.00	106.00	106.00	105.00	101.00	98.00	102.00	99.00	98.00	100.00	103.00	101.00	101.00	98.00	95.00	96.00	100.00	101.00	97.00	95.00	96.00	94.00	95.00	95.00	93.00	99.00	99.00	96.00	96.00	94.00	94.00	94.00	94.00	94.00	90.00	88.00	90.00	93.00	93.00	87.00	84.00	89.00	94.00	89.00	87.00	85.00	85.00	92.00	98.00	98.00	99.00	104.00	123.00	124.00	126.00	125.00	112.00	107.00	110.00	113.00	121.00	124.00	131.00	139.00	133.00	128.00	138.00	125.00	137.00	157.00	144.00	130.00	131.00	138.00	127.00	121.00	124.00	136.00	148.00	155.00	154.00	148.00	142.00	135.00	131.00	123.00	122.00	122.00	124.00	128.00	127.00	125.00	121.00	122.00	126.00	132.00	121.00	127.00	125.00	126.00	129.00	120.00	123.00	121.00	122.00	120.00	116.00	120.00	119.00	113.00	131.00	131.00	132.00	131.00	127.00	132.00	131.00	129.00	125.00	129.00	128.00	132.00	132.00	124.00	123.00	128.00	128.00	128.00	130.00	130.00	131.00	135.00	152.00	154.00	143.00	144.00	140.00	140.00	138.00	126.00	118.00	124.00	141.00	153.00	145.00	134.00	128.00	132.00	129.00	119.00	110.00	117.00	118.00	112.00	115.00	110.00	109.00	105.00	111.00	115.00	113.00	117.00	122.00	117.00	113.00	109.00	104.00	105.00	116.00	115.00	109.00	104.00	105.00	111.00	111.00	113.00	118.00	121.00	116.00	111.00	109.00	113.00	104.00	95.00	94.00	94.00	98.00	103.00	107.00	117.00	121.00	114.00	95.00	92.00	90.00	94.00	93.00	91.00	92.00	92.00	94.00	94.00	89.00	86.00	76.00	73.00	73.00	73.00	73.00	73.00	73.00	74.00	87.00	95.00	101.00	104.00	96.00	87.00	84.00	83.00	83.00	85.00	83.00	83.00	83.00	83.00	76.00	79.00	83.00	85.00	81.00	72.00	75.00	77.00	78.00	81.00	82.00	81.00	83.00	89.00	102.00	101.00	97.00	93.00	87.00	84.00	84.00	90.00	90.00
84.00	80.00	86.00	100.00	105.00	107.00	112.00	111.00	111.00	102.00	106.00	101.00	97.00	97.00	97.00	98.00	104.00	106.00	98.00	102.00	97.00	97.00	98.00	102.00	100.00	98.00	97.00	95.00	95.00	94.00	93.00	103.00	110.00	109.00	105.00	98.00	97.00	95.00	95.00	95.00	91.00	93.00	94.00	93.00	94.00	94.00	89.00	92.00	97.00	99.00	88.00	85.00	87.00	88.00	84.00	91.00	94.00	90.00	90.00	95.00	93.00	94.00	102.00	116.00	113.00	113.00	113.00	117.00	118.00	121.00	142.00	150.00	140.00	137.00	136.00	129.00	129.00	118.00	130.00	132.00	134.00	140.00	135.00	132.00	126.00	124.00	129.00	132.00	137.00	138.00	132.00	128.00	128.00	125.00	117.00	122.00	126.00	127.00	124.00	121.00	122.00	127.00	130.00	122.00	125.00	123.00	124.00	128.00	121.00	122.00	124.00	124.00	127.00	124.00	122.00	120.00	118.00	120.00	122.00	127.00	133.00	132.00	127.00	128.00	129.00	133.00	127.00	125.00	127.00	126.00	124.00	126.00	127.00	124.00	123.00	135.00	140.00	137.00	144.00	134.00	148.00	145.00	143.00	138.00	142.00	143.00	133.00	128.00	115.00	131.00	155.00	158.00	141.00	129.00	131.00	128.00	118.00	114.00	110.00	114.00	123.00	123.00	113.00	113.00	112.00	110.00	108.00	99.00	102.00	106.00	108.00	113.00	114.00	113.00	109.00	103.00	105.00	108.00	104.00	103.00	109.00	108.00	107.00	110.00	136.00	135.00	121.00	103.00	101.00	122.00	122.00	109.00	98.00	94.00	94.00	94.00	95.00	103.00	115.00	110.00	110.00	107.00	96.00	96.00	92.00	91.00	89.00	86.00	87.00	93.00	96.00	92.00	85.00	84.00	79.00	74.00	73.00	73.00	73.00	73.00	73.00	73.00	73.00	73.00	77.00	79.00	86.00	92.00	92.00	85.00	81.00	81.00	83.00	74.00	74.00	74.00	78.00	86.00	93.00	81.00	76.00	75.00	78.00	82.00	84.00	87.00	88.00	91.00	92.00	91.00	95.00	92.00	87.00	84.00	82.00	81.00
92.00	88.00	83.00	89.00	102.00	101.00	98.00	98.00	103.00	102.00	100.00	99.00	99.00	96.00	93.00	91.00	92.00	93.00	100.00	102.00	100.00	103.00	102.00	100.00	99.00	98.00	95.00	94.00	100.00	98.00	95.00	93.00	102.00	104.00	105.00	109.00	106.00	98.00	104.00	100.00	92.00	104.00	106.00	108.00	110.00	95.00	89.00	93.00	100.00	99.00	97.00	99.00	92.00	94.00	92.00	86.00	90.00	94.00	94.00	91.00	95.00	101.00	101.00	96.00	100.00	103.00	107.00	121.00	138.00	142.00	147.00	148.00	154.00	151.00	148.00	129.00	125.00	123.00	106.00	117.00	139.00	135.00	143.00	144.00	127.00	121.00	116.00	116.00	124.00	134.00	124.00	124.00	125.00	123.00	117.00	117.00	120.00	120.00	120.00	130.00	124.00	119.00	124.00	122.00	129.00	128.00	124.00	120.00	125.00	129.00	126.00	122.00	129.00	125.00	120.00	115.00	118.00	111.00	110.00	117.00	119.00	116.00	123.00	127.00	125.00	123.00	121.00	119.00	121.00	120.00	127.00	129.00	128.00	123.00	124.00	138.00	137.00	139.00	150.00	138.00	141.00	142.00	131.00	124.00	151.00	150.00	142.00	137.00	125.00	125.00	137.00	147.00	147.00	131.00	125.00	125.00	125.00	116.00	109.00	110.00	112.00	120.00	119.00	112.00	110.00	116.00	110.00	102.00	102.00	104.00	109.00	108.00	115.00	115.00	109.00	107.00	110.00	111.00	110.00	112.00	115.00	120.00	119.00	115.00	111.00	117.00	122.00	114.00	106.00	115.00	113.00	109.00	103.00	100.00	101.00	102.00	103.00	102.00	104.00	109.00	114.00	117.00	109.00	105.00	104.00	103.00	99.00	89.00	91.00	95.00	104.00	100.00	92.00	89.00	91.00	91.00	75.00	73.00	73.00	73.00	73.00	73.00	73.00	73.00	73.00	73.00	75.00	80.00	81.00	79.00	80.00	80.00	83.00	93.00	84.00	76.00	74.00	74.00	79.00	79.00	78.00	87.00	81.00	82.00	84.00	87.00	89.00	97.00	95.00	95.00	96.00	95.00	95.00	94.00	89.00	86.00
92.00	88.00	83.00	89.00	102.00	101.00	98.00	98.00	103.00	102.00	100.00	99.00	99.00	96.00	93.00	91.00	92.00	93.00	100.00	102.00	100.00	103.00	102.00	100.00	99.00	98.00	95.00	94.00	100.00	98.00	95.00	93.00	102.00	104.00	105.00	109.00	106.00	98.00	104.00	100.00	92.00	104.00	106.00	108.00	110.00	95.00	89.00	93.00	100.00	99.00	97.00	99.00	92.00	94.00	92.00	86.00	90.00	94.00	94.00	91.00	95.00	101.00	101.00	96.00	100.00	103.00	107.00	121.00	138.00	142.00	147.00	148.00	154.00	151.00	148.00	129.00	125.00	123.00	106.00	117.00	139.00	135.00	143.00	144.00	127.00	121.00	116.00	116.00	124.00	134.00	124.00	124.00	125.00	123.00	117.00	117.00	120.00	120.00	120.00	130.00	124.00	119.00	124.00	122.00	129.00	128.00	124.00	120.00	125.00	129.00	126.00	122.00	129.00	125.00	120.00	115.00	118.00	111.00	110.00	117.00	119.00	116.00	123.00	127.00	125.00	123.00	121.00	119.00	121.00	120.00	127.00	129.00	128.00	123.00	124.00	138.00	137.00	139.00	150.00	138.00	141.00	142.00	131.00	124.00	151.00	150.00	142.00	137.00	125.00	125.00	137.00	147.00	147.00	131.00	125.00	125.00	125.00	116.00	109.00	110.00	112.00	120.00	119.00	112.00	110.00	116.00	110.00	102.00	102.00	104.00	109.00	108.00	115.00	115.00	109.00	107.00	110.00	111.00	110.00	112.00	115.00	120.00	119.00	115.00	111.00	117.00	122.00	114.00	106.00	115.00	113.00	109.00	103.00	100.00	101.00	102.00	103.00	102.00	104.00	109.00	114.00	117.00	109.00	105.00	104.00	103.00	99.00	89.00	91.00	95.00	104.00	100.00	92.00	89.00	91.00	91.00	75.00	73.00	73.00	73.00	73.00	73.00	73.00	73.00	73.00	73.00	75.00	80.00	81.00	79.00	80.00	80.00	83.00	93.00	84.00	76.00	74.00	74.00	79.00	79.00	78.00	87.00	81.00	82.00	84.00	87.00	89.00	97.00	95.00	95.00	96.00	95.00	95.00	94.00	89.00	86.00
98.00	94.00	100.00	104.00	99.00	93.00	96.00	98.00	97.00	92.00	103.00	101.00	99.00	97.00	93.00	93.00	92.00	93.00	100.00	104.00	105.00	102.00	100.00	94.00	95.00	96.00	94.00	101.00	103.00	101.00	98.00	94.00	94.00	95.00	100.00	102.00	100.00	99.00	107.00	103.00	100.00	107.00	120.00	131.00	131.00	114.00	109.00	106.00	107.00	111.00	107.00	100.00	106.00	107.00	100.00	96.00	94.00	88.00	89.00	91.00	88.00	90.00	92.00	90.00	93.00	94.00	91.00	98.00	117.00	130.00	139.00	144.00	140.00	155.00	151.00	136.00	122.00	137.00	132.00	115.00	102.00	111.00	126.00	136.00	136.00	127.00	120.00	117.00	113.00	115.00	116.00	117.00	121.00	121.00	119.00	121.00	120.00	119.00	119.00	116.00	115.00	113.00	113.00	121.00	128.00	128.00	128.00	123.00	123.00	122.00	121.00	122.00	120.00	122.00	123.00	114.00	113.00	111.00	112.00	118.00	123.00	115.00	121.00	126.00	127.00	127.00	124.00	121.00	123.00	126.00	125.00	127.00	134.00	133.00	128.00	140.00	139.00	135.00	144.00	157.00	150.00	145.00	139.00	136.00	130.00	136.00	132.00	130.00	126.00	122.00	116.00	130.00	143.00	133.00	126.00	125.00	136.00	136.00	121.00	116.00	116.00	116.00	111.00	109.00	109.00	109.00	112.00	102.00	105.00	113.00	108.00	102.00	103.00	103.00	106.00	104.00	102.00	100.00	105.00	106.00	101.00	102.00	103.00	103.00	107.00	105.00	106.00	103.00	101.00	108.00	114.00	112.00	106.00	103.00	109.00	118.00	122.00	121.00	105.00	101.00	105.00	108.00	108.00	115.00	119.00	118.00	120.00	122.00	116.00	99.00	91.00	88.00	89.00	90.00	87.00	88.00	88.00	80.00	73.00	73.00	73.00	73.00	73.00	73.00	73.00	73.00	74.00	73.00	73.00	76.00	98.00	97.00	87.00	84.00	88.00	89.00	84.00	81.00	79.00	78.00	79.00	88.00	98.00	99.00	98.00	95.00	90.00	81.00	85.00	82.00	85.00	84.00	83.00	81.00	81.00	85.00
98.00	94.00	100.00	104.00	99.00	93.00	96.00	98.00	97.00	92.00	103.00	101.00	99.00	97.00	93.00	93.00	92.00	93.00	100.00	104.00	105.00	102.00	100.00	94.00	95.00	96.00	94.00	101.00	103.00	101.00	98.00	94.00	94.00	95.00	100.00	102.00	100.00	99.00	107.00	103.00	100.00	107.00	120.00	131.00	131.00	114.00	109.00	106.00	107.00	111.00	107.00	100.00	106.00	107.00	100.00	96.00	94.00	88.00	89.00	91.00	88.00	90.00	92.00	90.00	93.00	94.00	91.00	98.00	117.00	130.00	139.00	144.00	140.00	155.00	151.00	136.00	122.00	137.00	132.00	115.00	102.00	111.00	126.00	136.00	136.00	127.00	120.00	117.00	113.00	115.00	116.00	117.00	121.00	121.00	119.00	121.00	120.00	119.00	119.00	116.00	115.00	113.00	113.00	121.00	128.00	128.00	128.00	123.00	123.00	122.00	121.00	122.00	120.00	122.00	123.00	114.00	113.00	111.00	112.00	118.00	123.00	115.00	121.00	126.00	127.00	127.00	124.00	121.00	123.00	126.00	125.00	127.00	134.00	133.00	128.00	140.00	139.00	135.00	144.00	157.00	150.00	145.00	139.00	136.00	130.00	136.00	132.00	130.00	126.00	122.00	116.00	130.00	143.00	133.00	126.00	125.00	136.00	136.00	121.00	116.00	116.00	116.00	111.00	109.00	109.00	109.00	112.00	102.00	105.00	113.00	108.00	102.00	103.00	103.00	106.00	104.00	102.00	100.00	105.00	106.00	101.00	102.00	103.00	103.00	107.00	105.00	106.00	103.00	101.00	108.00	114.00	112.00	106.00	103.00	109.00	118.00	122.00	121.00	105.00	101.00	105.00	108.00	108.00	115.00	119.00	118.00	120.00	122.00	116.00	99.00	91.00	88.00	89.00	90.00	87.00	88.00	88.00	80.00	73.00	73.00	73.00	73.00	73.00	73.00	73.00	73.00	74.00	73.00	73.00	76.00	98.00	97.00	87.00	84.00	88.00	89.00	84.00	81.00	79.00	78.00	79.00	88.00	98.00	99.00	98.00	95.00	90.00	81.00	85.00	82.00	85.00	84.00	83.00	81.00	81.00	85.00
105.00	103.00	96.00	90.00	86.00	87.00	89.00	89.00	88.00	92.00	102.00	103.00	104.00	106.00	99.00	100.00	98.00	96.00	96.00	99.00	103.00	95.00	92.00	91.00	94.00	98.00	98.00	98.00	96.00	96.00	97.00	95.00	93.00	95.00	99.00	99.00	93.00	105.00	116.00	113.00	109.00	129.00	142.00	147.00	142.00	119.00	115.00	110.00	106.00	111.00	120.00	111.00	109.00	103.00	95.00	99.00	99.00	94.00	94.00	97.00	91.00	90.00	95.00	91.00	91.00	93.00	89.00	89.00	97.00	100.00	106.00	120.00	132.00	126.00	136.00	142.00	140.00	130.00	134.00	133.00	125.00	109.00	103.00	103.00	113.00	118.00	118.00	116.00	115.00	116.00	125.00	124.00	126.00	130.00	113.00	113.00	113.00	115.00	118.00	114.00	115.00	117.00	114.00	123.00	124.00	123.00	126.00	124.00	120.00	119.00	123.00	122.00	117.00	119.00	119.00	116.00	115.00	119.00	113.00	115.00	126.00	138.00	135.00	134.00	134.00	129.00	122.00	123.00	128.00	129.00	126.00	124.00	132.00	138.00	136.00	134.00	139.00	142.00	142.00	137.00	135.00	133.00	135.00	137.00	136.00	130.00	126.00	129.00	136.00	143.00	136.00	127.00	138.00	137.00	130.00	119.00	122.00	135.00	134.00	126.00	119.00	115.00	109.00	107.00	109.00	114.00	106.00	108.00	102.00	104.00	109.00	107.00	108.00	107.00	108.00	108.00	109.00	109.00	106.00	105.00	118.00	124.00	127.00	117.00	108.00	103.00	98.00	98.00	100.00	111.00	113.00	113.00	115.00	106.00	103.00	103.00	110.00	113.00	105.00	109.00	105.00	96.00	111.00	124.00	127.00	115.00	111.00	134.00	134.00	129.00	121.00	102.00	96.00	88.00	84.00	84.00	91.00	94.00	96.00	87.00	75.00	77.00	80.00	76.00	75.00	78.00	73.00	73.00	73.00	73.00	73.00	76.00	82.00	86.00	85.00	84.00	81.00	85.00	85.00	79.00	77.00	81.00	82.00	87.00	91.00	94.00	96.00	96.00	92.00	85.00	81.00	86.00	89.00	85.00	82.00	80.00
105.00	103.00	96.00	90.00	86.00	87.00	89.00	89.00	88.00	92.00	102.00	103.00	104.00	106.00	99.00	100.00	98.00	96.00	96.00	99.00	103.00	95.00	92.00	91.00	94.00	98.00	98.00	98.00	96.00	96.00	97.00	95.00	93.00	95.00	99.00	99.00	93.00	105.00	116.00	113.00	109.00	129.00	142.00	147.00	142.00	119.00	115.00	110.00	106.00	111.00	120.00	111.00	109.00	103.00	95.00	99.00	99.00	94.00	94.00	97.00	91.00	90.00	95.00	91.00	91.00	93.00	89.00	89.00	97.00	100.00	106.00	120.00	132.00	126.00	136.00	142.00	140.00	130.00	134.00	133.00	125.00	109.00	103.00	103.00	113.00	118.00	118.00	116.00	115.00	116.00	125.00	124.00	126.00	130.00	113.00	113.00	113.00	115.00	118.00	114.00	115.00	117.00	114.00	123.00	124.00	123.00	126.00	124.00	120.00	119.00	123.00	122.00	117.00	119.00	119.00	116.00	115.00	119.00	113.00	115.00	126.00	138.00	135.00	134.00	134.00	129.00	122.00	123.00	128.00	129.00	126.00	124.00	132.00	138.00	136.00	134.00	139.00	142.00	142.00	137.00	135.00	133.00	135.00	137.00	136.00	130.00	126.00	129.00	136.00	143.00	136.00	127.00	138.00	137.00	130.00	119.00	122.00	135.00	134.00	126.00	119.00	115.00	109.00	107.00	109.00	114.00	106.00	108.00	102.00	104.00	109.00	107.00	108.00	107.00	108.00	108.00	109.00	109.00	106.00	105.00	118.00	124.00	127.00	117.00	108.00	103.00	98.00	98.00	100.00	111.00	113.00	113.00	115.00	106.00	103.00	103.00	110.00	113.00	105.00	109.00	105.00	96.00	111.00	124.00	127.00	115.00	111.00	134.00	134.00	129.00	121.00	102.00	96.00	88.00	84.00	84.00	91.00	94.00	96.00	87.00	75.00	77.00	80.00	76.00	75.00	78.00	73.00	73.00	73.00	73.00	73.00	76.00	82.00	86.00	85.00	84.00	81.00	85.00	85.00	79.00	77.00	81.00	82.00	87.00	91.00	94.00	96.00	96.00	92.00	85.00	81.00	86.00	89.00	85.00	82.00	80.00
101.00	104.00	103.00	103.00	101.00	100.00	105.00	103.00	99.00	108.00	102.00	99.00	100.00	102.00	103.00	96.00	93.00	93.00	93.00	93.00	94.00	92.00	92.00	93.00	91.00	91.00	92.00	92.00	91.00	92.00	92.00	93.00	95.00	96.00	101.00	102.00	92.00	97.00	107.00	115.00	116.00	146.00	160.00	157.00	147.00	131.00	130.00	123.00	109.00	105.00	119.00	131.00	127.00	119.00	99.00	103.00	108.00	105.00	101.00	108.00	112.00	122.00	133.00	92.00	92.00	114.00	114.00	96.00	88.00	91.00	99.00	111.00	135.00	120.00	133.00	140.00	141.00	126.00	129.00	133.00	138.00	130.00	126.00	118.00	119.00	112.00	111.00	113.00	117.00	132.00	124.00	121.00	118.00	117.00	103.00	110.00	120.00	124.00	119.00	119.00	121.00	123.00	125.00	120.00	119.00	122.00	122.00	115.00	120.00	117.00	115.00	115.00	113.00	114.00	117.00	112.00	111.00	116.00	114.00	118.00	130.00	139.00	143.00	143.00	142.00	141.00	133.00	128.00	133.00	137.00	135.00	128.00	132.00	141.00	139.00	138.00	142.00	140.00	138.00	138.00	133.00	134.00	141.00	136.00	130.00	129.00	128.00	125.00	131.00	139.00	144.00	143.00	135.00	135.00	135.00	125.00	121.00	134.00	130.00	125.00	123.00	121.00	116.00	111.00	112.00	113.00	105.00	108.00	108.00	105.00	104.00	104.00	104.00	102.00	101.00	113.00	106.00	108.00	107.00	108.00	112.00	110.00	113.00	115.00	108.00	101.00	101.00	101.00	102.00	110.00	117.00	123.00	132.00	118.00	110.00	109.00	111.00	106.00	94.00	95.00	100.00	98.00	100.00	103.00	108.00	110.00	110.00	123.00	131.00	139.00	134.00	124.00	118.00	113.00	109.00	98.00	90.00	88.00	86.00	87.00	95.00	101.00	103.00	98.00	73.00	73.00	73.00	73.00	73.00	73.00	73.00	73.00	73.00	74.00	79.00	93.00	99.00	86.00	74.00	73.00	73.00	74.00	88.00	92.00	93.00	94.00	93.00	89.00	86.00	82.00	79.00	97.00	103.00	102.00	91.00	80.00
101.00	104.00	103.00	103.00	101.00	100.00	105.00	103.00	99.00	108.00	102.00	99.00	100.00	102.00	103.00	96.00	93.00	93.00	93.00	93.00	94.00	92.00	92.00	93.00	91.00	91.00	92.00	92.00	91.00	92.00	92.00	93.00	95.00	96.00	101.00	102.00	92.00	97.00	107.00	115.00	116.00	146.00	160.00	157.00	147.00	131.00	130.00	123.00	109.00	105.00	119.00	131.00	127.00	119.00	99.00	103.00	108.00	105.00	101.00	108.00	112.00	122.00	133.00	92.00	92.00	114.00	114.00	96.00	88.00	91.00	99.00	111.00	135.00	120.00	133.00	140.00	141.00	126.00	129.00	133.00	138.00	130.00	126.00	118.00	119.00	112.00	111.00	113.00	117.00	132.00	124.00	121.00	118.00	117.00	103.00	110.00	120.00	124.00	119.00	119.00	121.00	123.00	125.00	120.00	119.00	122.00	122.00	115.00	120.00	117.00	115.00	115.00	113.00	114.00	117.00	112.00	111.00	116.00	114.00	118.00	130.00	139.00	143.00	143.00	142.00	141.00	133.00	128.00	133.00	137.00	135.00	128.00	132.00	141.00	139.00	138.00	142.00	140.00	138.00	138.00	133.00	134.00	141.00	136.00	130.00	129.00	128.00	125.00	131.00	139.00	144.00	143.00	135.00	135.00	135.00	125.00	121.00	134.00	130.00	125.00	123.00	121.00	116.00	111.00	112.00	113.00	105.00	108.00	108.00	105.00	104.00	104.00	104.00	102.00	101.00	113.00	106.00	108.00	107.00	108.00	112.00	110.00	113.00	115.00	108.00	101.00	101.00	101.00	102.00	110.00	117.00	123.00	132.00	118.00	110.00	109.00	111.00	106.00	94.00	95.00	100.00	98.00	100.00	103.00	108.00	110.00	110.00	123.00	131.00	139.00	134.00	124.00	118.00	113.00	109.00	98.00	90.00	88.00	86.00	87.00	95.00	101.00	103.00	98.00	73.00	73.00	73.00	73.00	73.00	73.00	73.00	73.00	73.00	74.00	79.00	93.00	99.00	86.00	74.00	73.00	73.00	74.00	88.00	92.00	93.00	94.00	93.00	89.00	86.00	82.00	79.00	97.00	103.00	102.00	91.00	80.00
104.00	107.00	107.00	106.00	109.00	102.00	105.00	107.00	103.00	101.00	101.00	100.00	100.00	99.00	95.00	91.00	89.00	92.00	91.00	90.00	91.00	93.00	94.00	94.00	93.00	93.00	93.00	94.00	94.00	96.00	96.00	95.00	95.00	96.00	98.00	98.00	96.00	99.00	104.00	114.00	123.00	125.00	130.00	135.00	141.00	135.00	127.00	117.00	108.00	109.00	114.00	117.00	134.00	135.00	107.00	99.00	104.00	114.00	119.00	119.00	126.00	137.00	146.00	123.00	116.00	121.00	117.00	123.00	107.00	104.00	111.00	123.00	125.00	130.00	125.00	127.00	126.00	134.00	129.00	122.00	122.00	138.00	131.00	126.00	128.00	120.00	122.00	124.00	122.00	125.00	121.00	115.00	114.00	115.00	109.00	113.00	124.00	131.00	122.00	114.00	119.00	122.00	117.00	126.00	117.00	116.00	116.00	116.00	123.00	122.00	117.00	118.00	120.00	117.00	119.00	121.00	123.00	124.00	121.00	114.00	114.00	123.00	130.00	135.00	138.00	140.00	141.00	140.00	141.00	142.00	146.00	143.00	143.00	146.00	144.00	138.00	142.00	139.00	136.00	142.00	141.00	140.00	135.00	133.00	127.00	127.00	127.00	133.00	141.00	138.00	133.00	132.00	133.00	135.00	128.00	127.00	133.00	127.00	123.00	123.00	130.00	133.00	122.00	120.00	120.00	119.00	107.00	103.00	107.00	108.00	111.00	104.00	105.00	105.00	101.00	104.00	109.00	109.00	108.00	112.00	112.00	110.00	111.00	112.00	111.00	113.00	117.00	111.00	106.00	104.00	103.00	101.00	106.00	113.00	125.00	129.00	121.00	112.00	99.00	95.00	98.00	102.00	102.00	105.00	104.00	99.00	101.00	120.00	127.00	135.00	137.00	132.00	128.00	123.00	116.00	106.00	94.00	94.00	92.00	89.00	95.00	98.00	98.00	94.00	75.00	73.00	73.00	75.00	73.00	75.00	73.00	73.00	73.00	73.00	73.00	73.00	73.00	73.00	73.00	73.00	73.00	73.00	76.00	82.00	90.00	95.00	99.00	94.00	87.00	83.00	81.00	89.00	91.00	91.00	89.00	85.00
102.00	104.00	106.00	107.00	110.00	106.00	103.00	102.00	103.00	100.00	103.00	100.00	95.00	94.00	94.00	94.00	97.00	97.00	91.00	90.00	90.00	91.00	92.00	93.00	93.00	93.00	95.00	94.00	95.00	96.00	96.00	96.00	97.00	96.00	96.00	94.00	101.00	99.00	100.00	112.00	125.00	134.00	133.00	122.00	115.00	116.00	114.00	111.00	111.00	113.00	122.00	123.00	122.00	121.00	121.00	117.00	112.00	107.00	106.00	116.00	125.00	136.00	143.00	145.00	135.00	130.00	121.00	113.00	128.00	124.00	129.00	134.00	122.00	126.00	122.00	129.00	125.00	105.00	109.00	108.00	108.00	147.00	138.00	131.00	136.00	125.00	126.00	131.00	136.00	131.00	134.00	129.00	131.00	126.00	113.00	116.00	118.00	119.00	117.00	111.00	113.00	121.00	126.00	116.00	116.00	114.00	115.00	119.00	114.00	122.00	124.00	116.00	116.00	115.00	116.00	121.00	122.00	124.00	122.00	117.00	111.00	114.00	113.00	116.00	122.00	126.00	136.00	139.00	138.00	136.00	138.00	139.00	137.00	138.00	136.00	139.00	144.00	142.00	138.00	144.00	136.00	128.00	131.00	134.00	131.00	131.00	129.00	132.00	137.00	144.00	146.00	142.00	134.00	138.00	137.00	135.00	131.00	135.00	132.00	126.00	124.00	131.00	120.00	120.00	121.00	118.00	106.00	103.00	106.00	108.00	109.00	105.00	105.00	101.00	99.00	101.00	104.00	107.00	105.00	107.00	106.00	105.00	107.00	110.00	108.00	109.00	120.00	124.00	111.00	113.00	111.00	96.00	95.00	95.00	101.00	121.00	134.00	121.00	115.00	101.00	94.00	92.00	95.00	98.00	103.00	106.00	105.00	102.00	105.00	115.00	120.00	130.00	134.00	136.00	137.00	134.00	114.00	102.00	100.00	99.00	99.00	105.00	102.00	95.00	80.00	78.00	84.00	92.00	86.00	88.00	77.00	73.00	73.00	73.00	73.00	73.00	73.00	73.00	73.00	73.00	73.00	73.00	73.00	73.00	73.00	73.00	78.00	86.00	89.00	89.00	88.00	94.00	97.00	99.00	98.00	97.00
102.00	104.00	106.00	107.00	110.00	106.00	103.00	102.00	103.00	100.00	103.00	100.00	95.00	94.00	94.00	94.00	97.00	97.00	91.00	90.00	90.00	91.00	92.00	93.00	93.00	93.00	95.00	94.00	95.00	96.00	96.00	96.00	97.00	96.00	96.00	94.00	101.00	99.00	100.00	112.00	125.00	134.00	133.00	122.00	115.00	116.00	114.00	111.00	111.00	113.00	122.00	123.00	122.00	121.00	121.00	117.00	112.00	107.00	106.00	116.00	125.00	136.00	143.00	145.00	135.00	130.00	121.00	113.00	128.00	124.00	129.00	134.00	122.00	126.00	122.00	129.00	125.00	105.00	109.00	108.00	108.00	147.00	138.00	131.00	136.00	125.00	126.00	131.00	136.00	131.00	134.00	129.00	131.00	126.00	113.00	116.00	118.00	119.00	117.00	111.00	113.00	121.00	126.00	116.00	116.00	114.00	115.00	119.00	114.00	122.00	124.00	116.00	116.00	115.00	116.00	121.00	122.00	124.00	122.00	117.00	111.00	114.00	113.00	116.00	122.00	126.00	136.00	139.00	138.00	136.00	138.00	139.00	137.00	138.00	136.00	139.00	144.00	142.00	138.00	144.00	136.00	128.00	131.00	134.00	131.00	131.00	129.00	132.00	137.00	144.00	146.00	142.00	134.00	138.00	137.00	135.00	131.00	135.00	132.00	126.00	124.00	131.00	120.00	120.00	121.00	118.00	106.00	103.00	106.00	108.00	109.00	105.00	105.00	101.00	99.00	101.00	104.00	107.00	105.00	107.00	106.00	105.00	107.00	110.00	108.00	109.00	120.00	124.00	111.00	113.00	111.00	96.00	95.00	95.00	101.00	121.00	134.00	121.00	115.00	101.00	94.00	92.00	95.00	98.00	103.00	106.00	105.00	102.00	105.00	115.00	120.00	130.00	134.00	136.00	137.00	134.00	114.00	102.00	100.00	99.00	99.00	105.00	102.00	95.00	80.00	78.00	84.00	92.00	86.00	88.00	77.00	73.00	73.00	73.00	73.00	73.00	73.00	73.00	73.00	73.00	73.00	73.00	73.00	73.00	73.00	73.00	78.00	86.00	89.00	89.00	88.00	94.00	97.00	99.00	98.00	97.00
115.00	111.00	111.00	109.00	108.00	104.00	107.00	109.00	104.00	102.00	101.00	100.00	97.00	93.00	92.00	95.00	97.00	96.00	90.00	89.00	89.00	92.00	94.00	93.00	94.00	93.00	92.00	100.00	96.00	95.00	94.00	97.00	94.00	93.00	95.00	94.00	95.00	99.00	99.00	101.00	105.00	138.00	136.00	132.00	121.00	123.00	114.00	114.00	117.00	119.00	113.00	115.00	129.00	131.00	127.00	126.00	123.00	116.00	111.00	113.00	114.00	117.00	121.00	152.00	140.00	124.00	119.00	118.00	117.00	122.00	129.00	125.00	117.00	127.00	126.00	134.00	123.00	100.00	100.00	98.00	98.00	110.00	126.00	128.00	134.00	120.00	118.00	117.00	123.00	128.00	129.00	120.00	119.00	129.00	130.00	127.00	120.00	117.00	118.00	118.00	113.00	112.00	112.00	111.00	118.00	116.00	112.00	112.00	113.00	114.00	124.00	123.00	112.00	112.00	115.00	118.00	122.00	122.00	123.00	123.00	117.00	115.00	115.00	112.00	113.00	118.00	125.00	127.00	132.00	135.00	137.00	135.00	133.00	132.00	132.00	132.00	137.00	140.00	139.00	140.00	141.00	135.00	133.00	134.00	131.00	138.00	130.00	130.00	136.00	137.00	142.00	145.00	140.00	132.00	141.00	142.00	136.00	137.00	142.00	136.00	121.00	117.00	114.00	110.00	113.00	119.00	118.00	105.00	105.00	114.00	115.00	114.00	114.00	113.00	107.00	99.00	102.00	102.00	110.00	113.00	117.00	115.00	115.00	116.00	110.00	107.00	121.00	120.00	117.00	109.00	104.00	96.00	95.00	95.00	95.00	95.00	95.00	104.00	111.00	104.00	100.00	96.00	93.00	94.00	98.00	99.00	100.00	102.00	101.00	100.00	110.00	111.00	110.00	115.00	119.00	118.00	122.00	123.00	127.00	126.00	119.00	116.00	109.00	105.00	101.00	99.00	95.00	96.00	98.00	92.00	79.00	78.00	75.00	73.00	73.00	73.00	73.00	73.00	73.00	73.00	73.00	73.00	73.00	73.00	74.00	76.00	79.00	86.00	88.00	89.00	92.00	88.00	89.00	90.00	94.00	95.00
114.00	117.00	117.00	111.00	106.00	104.00	108.00	108.00	107.00	102.00	102.00	104.00	102.00	98.00	93.00	94.00	93.00	93.00	91.00	92.00	93.00	91.00	93.00	95.00	95.00	96.00	97.00	98.00	101.00	99.00	97.00	100.00	95.00	94.00	101.00	94.00	99.00	103.00	100.00	98.00	99.00	114.00	128.00	133.00	124.00	149.00	140.00	121.00	113.00	110.00	111.00	110.00	119.00	128.00	128.00	132.00	135.00	135.00	130.00	117.00	114.00	108.00	115.00	150.00	161.00	147.00	127.00	128.00	120.00	115.00	118.00	123.00	124.00	115.00	117.00	120.00	124.00	127.00	126.00	106.00	99.00	98.00	98.00	98.00	108.00	129.00	128.00	121.00	118.00	120.00	117.00	116.00	126.00	132.00	123.00	127.00	137.00	123.00	120.00	126.00	128.00	127.00	123.00	111.00	108.00	114.00	117.00	116.00	116.00	117.00	121.00	120.00	118.00	114.00	113.00	114.00	114.00	115.00	115.00	119.00	122.00	114.00	114.00	115.00	115.00	118.00	120.00	123.00	125.00	127.00	124.00	128.00	129.00	126.00	124.00	131.00	138.00	134.00	132.00	136.00	140.00	148.00	138.00	141.00	131.00	126.00	134.00	126.00	144.00	144.00	135.00	134.00	132.00	133.00	134.00	136.00	134.00	131.00	138.00	135.00	127.00	124.00	116.00	114.00	114.00	112.00	111.00	106.00	104.00	102.00	106.00	116.00	119.00	111.00	108.00	105.00	102.00	105.00	109.00	111.00	107.00	109.00	113.00	119.00	112.00	108.00	119.00	119.00	113.00	112.00	110.00	111.00	104.00	103.00	102.00	100.00	98.00	98.00	105.00	101.00	103.00	107.00	115.00	110.00	107.00	99.00	98.00	98.00	95.00	97.00	102.00	107.00	102.00	104.00	105.00	99.00	101.00	107.00	107.00	108.00	113.00	113.00	110.00	105.00	101.00	104.00	106.00	104.00	95.00	104.00	90.00	86.00	78.00	73.00	73.00	73.00	73.00	74.00	73.00	73.00	73.00	73.00	81.00	85.00	82.00	87.00	90.00	87.00	91.00	95.00	98.00	88.00	93.00	97.00	100.00	102.00