																																																																														675.00	678.00	682.00	682.00			694.00	701.00	711.00	711.00	722.00	733.00	733.00	745.00	758.00	758.00	771.00	771.00	779.00	782.00	786.00	786.00	778.00	759.00	759.00													485.00	458.00	458.00	439.00	425.00	425.00	412.00	412.00	408.00	415.00	415.00	421.00	432.00	448.00	448.00	464.00	464.00	480.00	498.00	498.00	515.00	515.00	544.00	544.00	557.00	557.00	565.00	567.00	567.00	569.00	569.00	563.00	548.00	533.00	533.00	513.00	489.00	489.00	464.00	464.00	439.00	414.00	414.00	389.00	366.00	345.00	345.00	324.00	324.00	305.00	290.00	290.00	274.00	263.00	256.00	256.00	250.00	250.00	248.00	250.00	250.00	252.00	259.00	259.00	270.00	282.00	282.00	298.00	321.00	321.00	343.00	370.00	370.00	402.00	402.00	434.00	462.00	488.00	488.00	514.00	535.00	535.00	551.00	551.00	567.00	574.00	570.00	570.00	566.00	555.00	555.00	539.00	539.00	522.00	0.00	0.00	0.00	0.00	0.00	0.00	422.00	422.00	399.00	374.00	374.00	349.00	349.00	298.00	298.00	272.00	272.00	246.00	223.00	223.00	203.00	203.00	183.00	169.00	162.00	162.00	155.00	152.00	152.00	154.00	154.00	156.00	159.00	164.00	164.00	169.00	174.00	174.00	179.00	179.00	184.00	190.00	190.00	196.00	203.00	212.00	212.00
																																																																															628.00	628.00	628.00	630.00	635.00	635.00	639.00	645.00	645.00	653.00	662.00	662.00	672.00	684.00	684.00	696.00	696.00	707.00	716.00	726.00	726.00	728.00	723.00	723.00	718.00	718.00	706.00	688.00	670.00					600.00	600.00	577.00	556.00	535.00	535.00	516.00	501.00	501.00	486.00	486.00	475.00	466.00	466.00	458.00	452.00	447.00	447.00	443.00	443.00	442.00	442.00	442.00	443.00	443.00	446.00	446.00	449.00	449.00	451.00	454.00	454.00	458.00	458.00	455.00	448.00	440.00	440.00	430.00	418.00	418.00	406.00	406.00	393.00	379.00	379.00	366.00	353.00	340.00	340.00	327.00	327.00	317.00	309.00	309.00	302.00	298.00	299.00	299.00	300.00	300.00	305.00	316.00	316.00	326.00	342.00	342.00	364.00	385.00	385.00	412.00	445.00	445.00	478.00	512.00	512.00	546.00	546.00	581.00	608.00	629.00	629.00	650.00	665.00	665.00	675.00	675.00	685.00	684.00	673.00	673.00	661.00	642.00	642.00	617.00	617.00	591.00	563.00	563.00	531.00	500.00	472.00	472.00	448.00	448.00	424.00	404.00	404.00	387.00	387.00	355.00	355.00	340.00	340.00	325.00	309.00	309.00	292.00	292.00	276.00	261.00	247.00	247.00	233.00	226.00	226.00	225.00	225.00	223.00	225.00	231.00	231.00	236.00	237.00	237.00	235.00	235.00	232.00	228.00	228.00	222.00	216.00	210.00	210.00
																																																																															628.00	628.00	628.00	630.00	635.00	635.00	639.00	645.00	645.00	653.00	662.00	662.00	672.00	684.00	684.00	696.00	696.00	707.00	716.00	726.00	726.00	728.00	723.00	723.00	718.00	718.00	706.00	688.00	670.00					600.00	600.00	577.00	556.00	535.00	535.00	516.00	501.00	501.00	486.00	486.00	475.00	466.00	466.00	458.00	452.00	447.00	447.00	443.00	443.00	442.00	442.00	442.00	443.00	443.00	446.00	446.00	449.00	449.00	451.00	454.00	454.00	458.00	458.00	455.00	448.00	440.00	440.00	430.00	418.00	418.00	406.00	406.00	393.00	379.00	379.00	366.00	353.00	340.00	340.00	327.00	327.00	317.00	309.00	309.00	302.00	298.00	299.00	299.00	300.00	300.00	305.00	316.00	316.00	326.00	342.00	342.00	364.00	385.00	385.00	412.00	445.00	445.00	478.00	512.00	512.00	546.00	546.00	581.00	608.00	629.00	629.00	650.00	665.00	665.00	675.00	675.00	685.00	684.00	673.00	673.00	661.00	642.00	642.00	617.00	617.00	591.00	563.00	563.00	531.00	500.00	472.00	472.00	448.00	448.00	424.00	404.00	404.00	387.00	387.00	355.00	355.00	340.00	340.00	325.00	309.00	309.00	292.00	292.00	276.00	261.00	247.00	247.00	233.00	226.00	226.00	225.00	225.00	223.00	225.00	231.00	231.00	236.00	237.00	237.00	235.00	235.00	232.00	228.00	228.00	222.00	216.00	210.00	210.00
																																																																															628.00	628.00	628.00	630.00	635.00	635.00	639.00	645.00	645.00	653.00	662.00	662.00	672.00	684.00	684.00	696.00	696.00	707.00	716.00	726.00	726.00	728.00	723.00	723.00	718.00	718.00	706.00	688.00	670.00					600.00	600.00	577.00	556.00	535.00	535.00	516.00	501.00	501.00	486.00	486.00	475.00	466.00	466.00	458.00	452.00	447.00	447.00	443.00	443.00	442.00	442.00	442.00	443.00	443.00	446.00	446.00	449.00	449.00	451.00	454.00	454.00	458.00	458.00	455.00	448.00	440.00	440.00	430.00	418.00	418.00	406.00	406.00	393.00	379.00	379.00	366.00	353.00	340.00	340.00	327.00	327.00	317.00	309.00	309.00	302.00	298.00	299.00	299.00	300.00	300.00	305.00	316.00	316.00	326.00	342.00	342.00	364.00	385.00	385.00	412.00	445.00	445.00	478.00	512.00	512.00	546.00	546.00	581.00	608.00	629.00	629.00	650.00	665.00	665.00	675.00	675.00	685.00	684.00	673.00	673.00	661.00	642.00	642.00	617.00	617.00	591.00	563.00	563.00	531.00	500.00	472.00	472.00	448.00	448.00	424.00	404.00	404.00	387.00	387.00	355.00	355.00	340.00	340.00	325.00	309.00	309.00	292.00	292.00	276.00	261.00	247.00	247.00	233.00	226.00	226.00	225.00	225.00	223.00	225.00	231.00	231.00	236.00	237.00	237.00	235.00	235.00	232.00	228.00	228.00	222.00	216.00	210.00	210.00
																																																																															628.00	628.00	628.00	630.00	635.00	635.00	639.00	645.00	645.00	653.00	662.00	662.00	672.00	684.00	684.00	696.00	696.00	707.00	716.00	726.00	726.00	728.00	723.00	723.00	718.00	718.00	706.00	688.00	670.00					600.00	600.00	577.00	556.00	535.00	535.00	516.00	501.00	501.00	486.00	486.00	475.00	466.00	466.00	458.00	452.00	447.00	447.00	443.00	443.00	442.00	442.00	442.00	443.00	443.00	446.00	446.00	449.00	449.00	451.00	454.00	454.00	458.00	458.00	455.00	448.00	440.00	440.00	430.00	418.00	418.00	406.00	406.00	393.00	379.00	379.00	366.00	353.00	340.00	340.00	327.00	327.00	317.00	309.00	309.00	302.00	298.00	299.00	299.00	300.00	300.00	305.00	316.00	316.00	326.00	342.00	342.00	364.00	385.00	385.00	412.00	445.00	445.00	478.00	512.00	512.00	546.00	546.00	581.00	608.00	629.00	629.00	650.00	665.00	665.00	675.00	675.00	685.00	684.00	673.00	673.00	661.00	642.00	642.00	617.00	617.00	591.00	563.00	563.00	531.00	500.00	472.00	472.00	448.00	448.00	424.00	404.00	404.00	387.00	387.00	355.00	355.00	340.00	340.00	325.00	309.00	309.00	292.00	292.00	276.00	261.00	247.00	247.00	233.00	226.00	226.00	225.00	225.00	223.00	225.00	231.00	231.00	236.00	237.00	237.00	235.00	235.00	232.00	228.00	228.00	222.00	216.00	210.00	210.00
																																																																																	628.00	630.00	635.00	635.00	639.00	645.00	645.00	653.00	662.00							707.00	716.00	726.00	726.00	728.00	723.00	723.00	718.00	718.00	706.00	688.00					624.00	600.00	600.00	577.00	556.00	535.00	535.00	516.00	501.00	501.00	486.00	486.00	475.00	466.00	466.00	458.00	452.00	447.00	447.00	443.00	443.00	442.00	442.00	442.00	443.00	443.00	446.00	446.00	449.00	449.00	451.00	454.00	454.00	458.00	458.00	455.00	448.00	440.00	440.00	430.00	418.00	418.00	406.00	406.00	393.00	379.00	379.00	366.00	353.00	340.00	340.00	327.00	327.00	317.00	309.00	309.00	302.00	298.00	299.00	299.00	300.00	300.00	305.00	316.00	316.00	326.00	342.00	342.00	364.00	385.00	385.00	412.00	445.00	445.00	478.00	512.00	512.00	546.00	546.00	581.00	608.00	629.00	629.00	650.00	665.00	665.00	675.00	675.00	685.00	684.00	673.00	673.00	661.00	642.00	642.00	617.00	617.00	591.00	563.00	563.00	531.00	500.00	472.00	472.00	448.00	448.00	424.00	404.00	404.00	387.00	387.00	355.00	355.00	340.00	340.00	325.00	309.00	309.00	292.00	292.00	276.00	261.00	247.00	247.00	233.00	226.00	226.00	225.00	225.00	223.00	225.00	231.00	231.00	236.00	237.00	237.00	235.00	235.00	232.00	228.00	228.00	222.00	216.00	210.00	210.00
																																																																																	628.00	630.00	635.00	635.00	639.00	645.00	645.00	653.00	662.00							707.00	716.00	726.00	726.00	728.00	723.00	723.00	718.00	718.00	706.00	688.00					624.00	600.00	600.00	577.00	556.00	535.00	535.00	516.00	501.00	501.00	486.00	486.00	475.00	466.00	466.00	458.00	452.00	447.00	447.00	443.00	443.00	442.00	442.00	442.00	443.00	443.00	446.00	446.00	449.00	449.00	451.00	454.00	454.00	458.00	458.00	455.00	448.00	440.00	440.00	430.00	418.00	418.00	406.00	406.00	393.00	379.00	379.00	366.00	353.00	340.00	340.00	327.00	327.00	317.00	309.00	309.00	302.00	298.00	299.00	299.00	300.00	300.00	305.00	316.00	316.00	326.00	342.00	342.00	364.00	385.00	385.00	412.00	445.00	445.00	478.00	512.00	512.00	546.00	546.00	581.00	608.00	629.00	629.00	650.00	665.00	665.00	675.00	675.00	685.00	684.00	673.00	673.00	661.00	642.00	642.00	617.00	617.00	591.00	563.00	563.00	531.00	500.00	472.00	472.00	448.00	448.00	424.00	404.00	404.00	387.00	387.00	355.00	355.00	340.00	340.00	325.00	309.00	309.00	292.00	292.00	276.00	261.00	247.00	247.00	233.00	226.00	226.00	225.00	225.00	223.00	225.00	231.00	231.00	236.00	237.00	237.00	235.00	235.00	232.00	228.00	228.00	222.00	216.00	210.00	210.00
																																																																																	628.00	630.00	635.00	635.00	639.00	645.00	645.00	653.00	662.00							707.00	716.00	726.00	726.00	728.00	723.00	723.00	718.00	718.00	706.00	688.00					624.00	600.00	600.00	577.00	556.00	535.00	535.00	516.00	501.00	501.00	486.00	486.00	475.00	466.00	466.00	458.00	452.00	447.00	447.00	443.00	443.00	442.00	442.00	442.00	443.00	443.00	446.00	446.00	449.00	449.00	451.00	454.00	454.00	458.00	458.00	455.00	448.00	440.00	440.00	430.00	418.00	418.00	406.00	406.00	393.00	379.00	379.00	366.00	353.00	340.00	340.00	327.00	327.00	317.00	309.00	309.00	302.00	298.00	299.00	299.00	300.00	300.00	305.00	316.00	316.00	326.00	342.00	342.00	364.00	385.00	385.00	412.00	445.00	445.00	478.00	512.00	512.00	546.00	546.00	581.00	608.00	629.00	629.00	650.00	665.00	665.00	675.00	675.00	685.00	684.00	673.00	673.00	661.00	642.00	642.00	617.00	617.00	591.00	563.00	563.00	531.00	500.00	472.00	472.00	448.00	448.00	424.00	404.00	404.00	387.00	387.00	355.00	355.00	340.00	340.00	325.00	309.00	309.00	292.00	292.00	276.00	261.00	247.00	247.00	233.00	226.00	226.00	225.00	225.00	223.00	225.00	231.00	231.00	236.00	237.00	237.00	235.00	235.00	232.00	228.00	228.00	222.00	216.00	210.00	210.00
																																																																																			595.00	595.00	597.00	601.00	601.00	606.00	611.00	611.00	617.00	624.00	624.00	631.00	631.00	638.00	644.00	650.00	650.00	652.00	652.00	652.00	651.00	651.00	647.00	640.00	633.00	633.00	623.00	613.00	613.00	602.00	602.00	592.00	584.00	575.00	575.00	567.00	559.00	559.00	551.00	551.00	540.00	526.00	526.00	512.00	496.00	479.00	479.00	461.00	461.00	447.00	434.00	434.00	422.00	422.00	407.00	407.00	402.00	402.00	398.00	396.00	396.00	394.00	394.00	390.00	384.00	378.00	378.00	372.00	366.00	366.00	361.00	361.00	356.00	351.00	351.00	347.00	343.00	339.00	339.00	334.00	334.00	332.00	332.00	332.00	332.00	336.00	344.00	344.00	352.00	352.00	364.00	381.00	381.00	397.00	422.00	422.00	453.00	485.00	485.00	521.00	560.00	560.00	600.00	629.00	629.00	649.00	649.00	669.00	678.00	675.00	675.00	672.00	664.00	664.00	650.00	650.00	636.00	617.00	594.00	594.00	571.00	545.00	545.00	515.00	515.00	486.00	455.00	455.00	424.00	392.00	365.00	365.00	343.00	343.00	321.00	305.00	305.00	297.00	297.00	280.00	280.00	272.00	272.00	263.00	252.00	252.00	237.00	237.00	222.00	207.00	191.00	191.00	175.00	165.00	165.00	162.00	162.00	159.00	161.00	169.00	169.00	177.00	180.00	180.00	178.00	178.00	175.00	171.00	171.00	166.00	160.00	149.00	149.00
																																																																																			595.00	595.00	597.00	601.00	601.00	606.00	611.00	611.00	617.00	624.00	624.00	631.00	631.00	638.00	644.00	650.00	650.00	652.00	652.00	652.00	651.00	651.00	647.00	640.00	633.00	633.00	623.00	613.00	613.00	602.00	602.00	592.00	584.00	575.00	575.00	567.00	559.00	559.00	551.00	551.00	540.00	526.00	526.00	512.00	496.00	479.00	479.00	461.00	461.00	447.00	434.00	434.00	422.00	422.00	407.00	407.00	402.00	402.00	398.00	396.00	396.00	394.00	394.00	390.00	384.00	378.00	378.00	372.00	366.00	366.00	361.00	361.00	356.00	351.00	351.00	347.00	343.00	339.00	339.00	334.00	334.00	332.00	332.00	332.00	332.00	336.00	344.00	344.00	352.00	352.00	364.00	381.00	381.00	397.00	422.00	422.00	453.00	485.00	485.00	521.00	560.00	560.00	600.00	629.00	629.00	649.00	649.00	669.00	678.00	675.00	675.00	672.00	664.00	664.00	650.00	650.00	636.00	617.00	594.00	594.00	571.00	545.00	545.00	515.00	515.00	486.00	455.00	455.00	424.00	392.00	365.00	365.00	343.00	343.00	321.00	305.00	305.00	297.00	297.00	280.00	280.00	272.00	272.00	263.00	252.00	252.00	237.00	237.00	222.00	207.00	191.00	191.00	175.00	165.00	165.00	162.00	162.00	159.00	161.00	169.00	169.00	177.00	180.00	180.00	178.00	178.00	175.00	171.00	171.00	166.00	160.00	149.00	149.00
																																																																																			595.00	595.00	597.00	601.00	601.00	606.00	611.00	611.00	617.00	624.00	624.00	631.00	631.00	638.00	644.00	650.00	650.00	652.00	652.00	652.00	651.00	651.00	647.00	640.00	633.00	633.00	623.00	613.00	613.00	602.00	602.00	592.00	584.00	575.00	575.00	567.00	559.00	559.00	551.00	551.00	540.00	526.00	526.00	512.00	496.00	479.00	479.00	461.00	461.00	447.00	434.00	434.00	422.00	422.00	407.00	407.00	402.00	402.00	398.00	396.00	396.00	394.00	394.00	390.00	384.00	378.00	378.00	372.00	366.00	366.00	361.00	361.00	356.00	351.00	351.00	347.00	343.00	339.00	339.00	334.00	334.00	332.00	332.00	332.00	332.00	336.00	344.00	344.00	352.00	352.00	364.00	381.00	381.00	397.00	422.00	422.00	453.00	485.00	485.00	521.00	560.00	560.00	600.00	629.00	629.00	649.00	649.00	669.00	678.00	675.00	675.00	672.00	664.00	664.00	650.00	650.00	636.00	617.00	594.00	594.00	571.00	545.00	545.00	515.00	515.00	486.00	455.00	455.00	424.00	392.00	365.00	365.00	343.00	343.00	321.00	305.00	305.00	297.00	297.00	280.00	280.00	272.00	272.00	263.00	252.00	252.00	237.00	237.00	222.00	207.00	191.00	191.00	175.00	165.00	165.00	162.00	162.00	159.00	161.00	169.00	169.00	177.00	180.00	180.00	178.00	178.00	175.00	171.00	171.00	166.00	160.00	149.00	149.00
																																																																																			595.00	595.00	597.00	601.00	601.00	606.00	611.00	611.00	617.00	624.00	624.00	631.00	631.00	638.00	644.00	650.00	650.00	652.00	652.00	652.00	651.00	651.00	647.00	640.00	633.00	633.00	623.00	613.00	613.00	602.00	602.00	592.00	584.00	575.00	575.00	567.00	559.00	559.00	551.00	551.00	540.00	526.00	526.00	512.00	496.00	479.00	479.00	461.00	461.00	447.00	434.00	434.00	422.00	422.00	407.00	407.00	402.00	402.00	398.00	396.00	396.00	394.00	394.00	390.00	384.00	378.00	378.00	372.00	366.00	366.00	361.00	361.00	356.00	351.00	351.00	347.00	343.00	339.00	339.00	334.00	334.00	332.00	332.00	332.00	332.00	336.00	344.00	344.00	352.00	352.00	364.00	381.00	381.00	397.00	422.00	422.00	453.00	485.00	485.00	521.00	560.00	560.00	600.00	629.00	629.00	649.00	649.00	669.00	678.00	675.00	675.00	672.00	664.00	664.00	650.00	650.00	636.00	617.00	594.00	594.00	571.00	545.00	545.00	515.00	515.00	486.00	455.00	455.00	424.00	392.00	365.00	365.00	343.00	343.00	321.00	305.00	305.00	297.00	297.00	280.00	280.00	272.00	272.00	263.00	252.00	252.00	237.00	237.00	222.00	207.00	191.00	191.00	175.00	165.00	165.00	162.00	162.00	159.00	161.00	169.00	169.00	177.00	180.00	180.00	178.00	178.00	175.00	171.00	171.00	166.00	160.00	149.00	149.00
																																																																																				595.00	597.00	601.00	601.00	606.00	611.00	611.00	617.00		624.00	631.00	631.00	638.00	644.00	650.00	650.00	652.00	652.00	652.00	651.00	651.00				633.00	623.00	613.00	613.00	602.00	602.00	592.00	584.00	575.00	575.00	567.00	559.00	559.00	551.00	551.00	540.00	526.00	526.00	512.00	496.00	479.00	479.00	461.00	461.00	447.00	434.00	434.00	422.00	422.00	407.00	407.00	402.00	402.00	398.00	396.00	396.00	394.00	394.00	390.00	384.00	378.00	378.00	372.00	366.00	366.00	361.00	361.00	356.00	351.00	351.00	347.00	343.00	339.00	339.00	334.00	334.00	332.00	332.00	332.00	332.00	336.00	344.00	344.00	352.00	352.00	364.00	381.00	381.00	397.00	422.00	422.00	453.00	485.00	485.00	521.00	560.00	560.00	600.00	629.00	629.00	649.00	649.00	669.00	678.00	675.00	675.00	672.00	664.00	664.00	650.00	650.00	636.00	617.00	594.00	594.00	571.00	545.00	545.00	515.00	515.00	486.00	455.00	455.00	424.00	392.00	365.00	365.00	343.00	343.00	321.00	305.00	305.00	297.00	297.00	280.00	280.00	272.00	272.00	263.00	252.00	252.00	237.00	237.00				191.00	175.00	165.00	165.00	162.00	162.00	159.00	161.00	169.00	169.00	177.00	180.00	180.00	178.00	178.00	175.00	171.00	171.00	166.00	160.00	149.00	149.00
																																																																																				595.00	597.00	601.00	601.00	606.00	611.00	611.00	617.00		624.00	631.00	631.00	638.00	644.00	650.00	650.00	652.00	652.00	652.00	651.00	651.00				633.00	623.00	613.00	613.00	602.00	602.00	592.00	584.00	575.00	575.00	567.00	559.00	559.00	551.00	551.00	540.00	526.00	526.00	512.00	496.00	479.00	479.00	461.00	461.00	447.00	434.00	434.00	422.00	422.00	407.00	407.00	402.00	402.00	398.00	396.00	396.00	394.00	394.00	390.00	384.00	378.00	378.00	372.00	366.00	366.00	361.00	361.00	356.00	351.00	351.00	347.00	343.00	339.00	339.00	334.00	334.00	332.00	332.00	332.00	332.00	336.00	344.00	344.00	352.00	352.00	364.00	381.00	381.00	397.00	422.00	422.00	453.00	485.00	485.00	521.00	560.00	560.00	600.00	629.00	629.00	649.00	649.00	669.00	678.00	675.00	675.00	672.00	664.00	664.00	650.00	650.00	636.00	617.00	594.00	594.00	571.00	545.00	545.00	515.00	515.00	486.00	455.00	455.00	424.00	392.00	365.00	365.00	343.00	343.00	321.00	305.00	305.00	297.00	297.00	280.00	280.00	272.00	272.00	263.00	252.00	252.00	237.00	237.00				191.00	175.00	165.00	165.00	162.00	162.00	159.00	161.00	169.00	169.00	177.00	180.00	180.00	178.00	178.00	175.00	171.00	171.00	166.00	160.00	149.00	149.00
																																																																																				595.00	597.00	601.00	601.00	606.00	611.00	611.00	617.00		624.00	631.00	631.00	638.00	644.00	650.00	650.00	652.00	652.00	652.00	651.00	651.00				633.00	623.00	613.00	613.00	602.00	602.00	592.00	584.00	575.00	575.00	567.00	559.00	559.00	551.00	551.00	540.00	526.00	526.00	512.00	496.00	479.00	479.00	461.00	461.00	447.00	434.00	434.00	422.00	422.00	407.00	407.00	402.00	402.00	398.00	396.00	396.00	394.00	394.00	390.00	384.00	378.00	378.00	372.00	366.00	366.00	361.00	361.00	356.00	351.00	351.00	347.00	343.00	339.00	339.00	334.00	334.00	332.00	332.00	332.00	332.00	336.00	344.00	344.00	352.00	352.00	364.00	381.00	381.00	397.00	422.00	422.00	453.00	485.00	485.00	521.00	560.00	560.00	600.00	629.00	629.00	649.00	649.00	669.00	678.00	675.00	675.00	672.00	664.00	664.00	650.00	650.00	636.00	617.00	594.00	594.00	571.00	545.00	545.00	515.00	515.00	486.00	455.00	455.00	424.00	392.00	365.00	365.00	343.00	343.00	321.00	305.00	305.00	297.00	297.00	280.00	280.00	272.00	272.00	263.00	252.00	252.00	237.00	237.00				191.00	175.00	165.00	165.00	162.00	162.00	159.00	161.00	169.00	169.00	177.00	180.00	180.00	178.00	178.00	175.00	171.00	171.00	166.00	160.00	149.00	149.00
																																																																																				595.00	597.00	601.00	601.00	606.00	611.00	611.00	617.00		624.00	631.00	631.00	638.00	644.00	650.00	650.00	652.00	652.00	652.00	651.00	651.00				633.00	623.00	613.00	613.00	602.00	602.00	592.00	584.00	575.00	575.00	567.00	559.00	559.00	551.00	551.00	540.00	526.00	526.00	512.00	496.00	479.00	479.00	461.00	461.00	447.00	434.00	434.00	422.00	422.00	407.00	407.00	402.00	402.00	398.00	396.00	396.00	394.00	394.00	390.00	384.00	378.00	378.00	372.00	366.00	366.00	361.00	361.00	356.00	351.00	351.00	347.00	343.00	339.00	339.00	334.00	334.00	332.00	332.00	332.00	332.00	336.00	344.00	344.00	352.00	352.00	364.00	381.00	381.00	397.00	422.00	422.00	453.00	485.00	485.00	521.00	560.00	560.00	600.00	629.00	629.00	649.00	649.00	669.00	678.00	675.00	675.00	672.00	664.00	664.00	650.00	650.00	636.00	617.00	594.00	594.00	571.00	545.00	545.00	515.00	515.00	486.00	455.00	455.00	424.00	392.00	365.00	365.00	343.00	343.00	321.00	305.00	305.00	297.00	297.00	280.00	280.00	272.00	272.00	263.00	252.00	252.00	237.00	237.00				191.00	175.00	165.00	165.00	162.00	162.00	159.00	161.00	169.00	169.00	177.00	180.00	180.00	178.00	178.00	175.00	171.00	171.00	166.00	160.00	149.00	149.00
																																																																																									579.00	579.00	584.00	589.00	589.00	595.00				604.00	604.00	605.00	605.00	605.00	606.00	606.00	604.00	602.00	599.00	599.00	596.00					584.00	583.00	581.00	581.00	578.00	573.00	573.00	569.00	569.00	558.00	542.00	542.00	527.00	508.00	485.00	485.00	463.00	463.00	442.00	425.00	425.00	407.00	407.00	383.00	383.00	374.00	374.00	366.00	360.00	360.00	353.00	353.00	347.00	339.00	332.00	332.00	326.00	322.00	322.00	319.00	319.00	317.00	319.00	319.00	320.00	323.00	326.00	326.00	329.00	329.00	334.00	342.00	342.00	350.00	360.00	372.00	372.00	384.00	384.00	398.00	415.00	415.00	431.00	452.00	452.00	479.00	506.00	506.00					595.00	595.00	590.00	590.00	584.00	570.00	545.00	545.00	520.00	492.00	492.00	459.00	459.00	426.00	395.00	366.00	366.00	336.00	307.00	307.00	279.00	279.00	250.00																86.00	86.00	84.00																													
																																																																																									579.00	579.00	584.00	589.00	589.00	595.00				604.00	604.00	605.00	605.00	605.00	606.00	606.00	604.00	602.00	599.00	599.00	596.00					584.00	583.00	581.00	581.00	578.00	573.00	573.00	569.00	569.00	558.00	542.00	542.00	527.00	508.00	485.00	485.00	463.00	463.00	442.00	425.00	425.00	407.00	407.00	383.00	383.00	374.00	374.00	366.00	360.00	360.00	353.00	353.00	347.00	339.00	332.00	332.00	326.00	322.00	322.00	319.00	319.00	317.00	319.00	319.00	320.00	323.00	326.00	326.00	329.00	329.00	334.00	342.00	342.00	350.00	360.00	372.00	372.00	384.00	384.00	398.00	415.00	415.00	431.00	452.00	452.00	479.00	506.00	506.00					595.00	595.00	590.00	590.00	584.00	570.00	545.00	545.00	520.00	492.00	492.00	459.00	459.00	426.00	395.00	366.00	366.00	336.00	307.00	307.00	279.00	279.00	250.00																86.00	86.00	84.00																													
																																																																																									579.00	579.00	584.00	589.00	589.00	595.00				604.00	604.00	605.00	605.00	605.00	606.00	606.00	604.00	602.00	599.00	599.00	596.00					584.00	583.00	581.00	581.00	578.00	573.00	573.00	569.00	569.00	558.00	542.00	542.00	527.00	508.00	485.00	485.00	463.00	463.00	442.00	425.00	425.00	407.00	407.00	383.00	383.00	374.00	374.00	366.00	360.00	360.00	353.00	353.00	347.00	339.00	332.00	332.00	326.00	322.00	322.00	319.00	319.00	317.00	319.00	319.00	320.00	323.00	326.00	326.00	329.00	329.00	334.00	342.00	342.00	350.00	360.00	372.00	372.00	384.00	384.00	398.00	415.00	415.00	431.00	452.00	452.00	479.00	506.00	506.00					595.00	595.00	590.00	590.00	584.00	570.00	545.00	545.00	520.00	492.00	492.00	459.00	459.00	426.00	395.00	366.00	366.00	336.00	307.00	307.00	279.00	279.00	250.00																86.00	86.00	84.00																													
																																																																																																		604.00	604.00	605.00	605.00	605.00	606.00	606.00	604.00	602.00	599.00	599.00	596.00		591.00	587.00	587.00	584.00	583.00	581.00	581.00	578.00	573.00	573.00	569.00	569.00	558.00	542.00	542.00	527.00	508.00	485.00	485.00	463.00	463.00	442.00	425.00	425.00	407.00	407.00	383.00	383.00	374.00	374.00	366.00	360.00	360.00	353.00	353.00	347.00	339.00	332.00	332.00	326.00	322.00	322.00	319.00	319.00	317.00	319.00	319.00	320.00	323.00	326.00	326.00	329.00	329.00	334.00	342.00	342.00	350.00	360.00	372.00	372.00	384.00	384.00	398.00	415.00	415.00	431.00	452.00	452.00	479.00	506.00	506.00	532.00					595.00	590.00	590.00	584.00	570.00	545.00	545.00	520.00	492.00	492.00	459.00	459.00	426.00	395.00	366.00																					89.00	89.00	86.00																															
																																																																																																		604.00	604.00	605.00	605.00	605.00	606.00	606.00	604.00	602.00	599.00	599.00	596.00		591.00	587.00	587.00	584.00	583.00	581.00	581.00	578.00	573.00	573.00	569.00	569.00	558.00	542.00	542.00	527.00	508.00	485.00	485.00	463.00	463.00	442.00	425.00	425.00	407.00	407.00	383.00	383.00	374.00	374.00	366.00	360.00	360.00	353.00	353.00	347.00	339.00	332.00	332.00	326.00	322.00	322.00	319.00	319.00	317.00	319.00	319.00	320.00	323.00	326.00	326.00	329.00	329.00	334.00	342.00	342.00	350.00	360.00	372.00	372.00	384.00	384.00	398.00	415.00	415.00	431.00	452.00	452.00	479.00	506.00	506.00	532.00					595.00	590.00	590.00	584.00	570.00	545.00	545.00	520.00	492.00	492.00	459.00	459.00	426.00	395.00	366.00																					89.00	89.00	86.00																															
																																																																																																		604.00	604.00	605.00	605.00	605.00	606.00	606.00	604.00	602.00	599.00	599.00	596.00		591.00	587.00	587.00	584.00	583.00	581.00	581.00	578.00	573.00	573.00	569.00	569.00	558.00	542.00	542.00	527.00	508.00	485.00	485.00	463.00	463.00	442.00	425.00	425.00	407.00	407.00	383.00	383.00	374.00	374.00	366.00	360.00	360.00	353.00	353.00	347.00	339.00	332.00	332.00	326.00	322.00	322.00	319.00	319.00	317.00	319.00	319.00	320.00	323.00	326.00	326.00	329.00	329.00	334.00	342.00	342.00	350.00	360.00	372.00	372.00	384.00	384.00	398.00	415.00	415.00	431.00	452.00	452.00	479.00	506.00	506.00	532.00					595.00	590.00	590.00	584.00	570.00	545.00	545.00	520.00	492.00	492.00	459.00	459.00	426.00	395.00	366.00																					89.00	89.00	86.00																															
																																																																																																		604.00	604.00	605.00	605.00	605.00	606.00	606.00	604.00	602.00	599.00	599.00	596.00		591.00	587.00	587.00	584.00	583.00	581.00	581.00	578.00	573.00	573.00	569.00	569.00	558.00	542.00	542.00	527.00	508.00	485.00	485.00	463.00	463.00	442.00	425.00	425.00	407.00	407.00	383.00	383.00	374.00	374.00	366.00	360.00	360.00	353.00	353.00	347.00	339.00	332.00	332.00	326.00	322.00	322.00	319.00	319.00	317.00	319.00	319.00	320.00	323.00	326.00	326.00	329.00	329.00	334.00	342.00	342.00	350.00	360.00	372.00	372.00	384.00	384.00	398.00	415.00	415.00	431.00	452.00	452.00	479.00	506.00	506.00	532.00					595.00	590.00	590.00	584.00	570.00	545.00	545.00	520.00	492.00	492.00	459.00	459.00	426.00	395.00	366.00																					89.00	89.00	86.00																															
																																																																																																	584.00	587.00	587.00	588.00	588.00	588.00	587.00	587.00	587.00	587.00	587.00	587.00	586.00	585.00	585.00	584.00	584.00	583.00	582.00	581.00	581.00	577.00	571.00				551.00	533.00	533.00	515.00	494.00	469.00	469.00	445.00	445.00	423.00	403.00	403.00	383.00	383.00	356.00	356.00	344.00	344.00	334.00	325.00	325.00	316.00	316.00	307.00	298.00	288.00	288.00	281.00	276.00	276.00	271.00	271.00	270.00	272.00	272.00	275.00	280.00	287.00	287.00	295.00	295.00	305.00	318.00	318.00	331.00	343.00	355.00				376.00	385.00	385.00	393.00	401.00	401.00	409.00	417.00	417.00							395.00	395.00	373.00	346.00	316.00			253.00	253.00	220.00	220.00	186.00																																																								
																																																																																																	584.00	587.00	587.00	588.00	588.00	588.00	587.00	587.00	587.00	587.00	587.00	587.00	586.00	585.00	585.00	584.00	584.00	583.00	582.00	581.00	581.00	577.00	571.00				551.00	533.00	533.00	515.00	494.00	469.00	469.00	445.00	445.00	423.00	403.00	403.00	383.00	383.00	356.00	356.00	344.00	344.00	334.00	325.00	325.00	316.00	316.00	307.00	298.00	288.00	288.00	281.00	276.00	276.00	271.00	271.00	270.00	272.00	272.00	275.00	280.00	287.00	287.00	295.00	295.00	305.00	318.00	318.00	331.00	343.00	355.00				376.00	385.00	385.00	393.00	401.00	401.00	409.00	417.00	417.00							395.00	395.00	373.00	346.00	316.00			253.00	253.00	220.00	220.00	186.00																																																								
																																																																																																	584.00	587.00	587.00	588.00	588.00	588.00	587.00	587.00	587.00	587.00	587.00	587.00	586.00	585.00	585.00	584.00	584.00	583.00	582.00	581.00	581.00	577.00	571.00				551.00	533.00	533.00	515.00	494.00	469.00	469.00	445.00	445.00	423.00	403.00	403.00	383.00	383.00	356.00	356.00	344.00	344.00	334.00	325.00	325.00	316.00	316.00	307.00	298.00	288.00	288.00	281.00	276.00	276.00	271.00	271.00	270.00	272.00	272.00	275.00	280.00	287.00	287.00	295.00	295.00	305.00	318.00	318.00	331.00	343.00	355.00				376.00	385.00	385.00	393.00	401.00	401.00	409.00	417.00	417.00							395.00	395.00	373.00	346.00	316.00			253.00	253.00	220.00	220.00	186.00																																																								
																																																																																																	584.00	587.00	587.00	588.00	588.00	588.00	587.00	587.00	587.00	587.00	587.00	587.00	586.00	585.00	585.00	584.00	584.00	583.00	582.00	581.00	581.00	577.00	571.00				551.00	533.00	533.00	515.00	494.00	469.00	469.00	445.00	445.00	423.00	403.00	403.00	383.00	383.00	356.00	356.00	344.00	344.00	334.00	325.00	325.00	316.00	316.00	307.00	298.00	288.00	288.00	281.00	276.00	276.00	271.00	271.00	270.00	272.00	272.00	275.00	280.00	287.00	287.00	295.00	295.00	305.00	318.00	318.00	331.00	343.00	355.00				376.00	385.00	385.00	393.00	401.00	401.00	409.00	417.00	417.00							395.00	395.00	373.00	346.00	316.00			253.00	253.00	220.00	220.00	186.00																																																								
																																																																																																	584.00	587.00	587.00	588.00	588.00	588.00	587.00	587.00	587.00	587.00	587.00	587.00	586.00	585.00	585.00	584.00	584.00	583.00	582.00	581.00	581.00	577.00	571.00				551.00	533.00	533.00	515.00	494.00	469.00	469.00	445.00	445.00	423.00	403.00	403.00	383.00	383.00	356.00	356.00	344.00	344.00	334.00	325.00	325.00	316.00	316.00	307.00	298.00	288.00	288.00	281.00	276.00	276.00	271.00	271.00	270.00	272.00	272.00	275.00	280.00	287.00	287.00	295.00	295.00	305.00	318.00	318.00	331.00	343.00	355.00				376.00	385.00	385.00	393.00	401.00	401.00	409.00	417.00	417.00							395.00	395.00	373.00	346.00	316.00			253.00	253.00	220.00	220.00	186.00																																																								
																																																																																																	584.00	587.00	587.00	588.00	588.00	588.00	587.00	587.00	587.00			587.00	586.00	585.00	585.00	584.00												533.00	533.00	515.00	494.00	469.00	469.00	445.00	445.00	423.00	403.00	403.00	383.00	383.00	356.00	356.00	344.00	344.00	334.00	325.00	325.00	316.00	316.00	307.00	298.00	288.00	288.00	281.00	276.00	276.00	271.00	271.00	270.00	272.00	272.00	275.00	280.00	287.00	287.00	295.00	295.00	305.00	318.00	318.00	331.00	343.00	355.00	355.00	367.00	367.00				393.00	401.00	401.00	409.00	417.00	417.00					417.00	417.00	395.00	395.00																																																																		
																																																																																																	584.00	587.00	587.00	588.00	588.00	588.00	587.00	587.00	587.00			587.00	586.00	585.00	585.00	584.00												533.00	533.00	515.00	494.00	469.00	469.00	445.00	445.00	423.00	403.00	403.00	383.00	383.00	356.00	356.00	344.00	344.00	334.00	325.00	325.00	316.00	316.00	307.00	298.00	288.00	288.00	281.00	276.00	276.00	271.00	271.00	270.00	272.00	272.00	275.00	280.00	287.00	287.00	295.00	295.00	305.00	318.00	318.00	331.00	343.00	355.00	355.00	367.00	367.00				393.00	401.00	401.00	409.00	417.00	417.00					417.00	417.00	395.00	395.00																																																																		
																																																																																																	584.00	587.00	587.00	588.00	588.00	588.00	587.00	587.00	587.00			587.00	586.00	585.00	585.00	584.00												533.00	533.00	515.00	494.00	469.00	469.00	445.00	445.00	423.00	403.00	403.00	383.00	383.00	356.00	356.00	344.00	344.00	334.00	325.00	325.00	316.00	316.00	307.00	298.00	288.00	288.00	281.00	276.00	276.00	271.00	271.00	270.00	272.00	272.00	275.00	280.00	287.00	287.00	295.00	295.00	305.00	318.00	318.00	331.00	343.00	355.00	355.00	367.00	367.00				393.00	401.00	401.00	409.00	417.00	417.00					417.00	417.00	395.00	395.00																																																																		
																																																																																																	575.00	581.00	581.00	584.00								594.00	597.00	599.00	599.00	602.00	602.00	601.00	598.00	595.00	595.00	587.00	575.00	575.00	562.00	562.00	545.00				477.00	451.00	451.00	424.00	424.00	399.00	377.00	377.00	356.00	356.00	324.00	324.00	310.00	310.00	298.00	287.00	287.00	277.00	277.00	266.00	255.00	244.00	244.00	235.00	228.00	228.00	221.00	221.00	218.00	218.00	218.00	218.00	221.00	228.00	228.00	235.00	235.00	245.00	256.00	256.00	268.00	278.00	285.00	285.00	292.00	292.00	296.00	295.00	295.00	295.00			282.00	273.00	273.00	262.00	247.00																																																																								
																																																																																																	575.00	581.00	581.00	584.00								594.00	597.00	599.00	599.00	602.00	602.00	601.00	598.00	595.00	595.00	587.00	575.00	575.00	562.00	562.00	545.00				477.00	451.00	451.00	424.00	424.00	399.00	377.00	377.00	356.00	356.00	324.00	324.00	310.00	310.00	298.00	287.00	287.00	277.00	277.00	266.00	255.00	244.00	244.00	235.00	228.00	228.00	221.00	221.00	218.00	218.00	218.00	218.00	221.00	228.00	228.00	235.00	235.00	245.00	256.00	256.00	268.00	278.00	285.00	285.00	292.00	292.00	296.00	295.00	295.00	295.00			282.00	273.00	273.00	262.00	247.00																																																																								
																																																																																																	575.00	581.00	581.00	584.00								594.00	597.00	599.00	599.00	602.00	602.00	601.00	598.00	595.00	595.00	587.00	575.00	575.00	562.00	562.00	545.00				477.00	451.00	451.00	424.00	424.00	399.00	377.00	377.00	356.00	356.00	324.00	324.00	310.00	310.00	298.00	287.00	287.00	277.00	277.00	266.00	255.00	244.00	244.00	235.00	228.00	228.00	221.00	221.00	218.00	218.00	218.00	218.00	221.00	228.00	228.00	235.00	235.00	245.00	256.00	256.00	268.00	278.00	285.00	285.00	292.00	292.00	296.00	295.00	295.00	295.00			282.00	273.00	273.00	262.00	247.00																																																																								
																																																																																																	575.00	581.00	581.00	584.00								594.00	597.00	599.00	599.00	602.00	602.00	601.00	598.00	595.00	595.00	587.00	575.00	575.00	562.00	562.00	545.00				477.00	451.00	451.00	424.00	424.00	399.00	377.00	377.00	356.00	356.00	324.00	324.00	310.00	310.00	298.00	287.00	287.00	277.00	277.00	266.00	255.00	244.00	244.00	235.00	228.00	228.00	221.00	221.00	218.00	218.00	218.00	218.00	221.00	228.00	228.00	235.00	235.00	245.00	256.00	256.00	268.00	278.00	285.00	285.00	292.00	292.00	296.00	295.00	295.00	295.00			282.00	273.00	273.00	262.00	247.00																																																																								
																																																																																																															599.00	602.00	602.00	601.00	598.00	595.00	595.00	587.00	575.00	575.00	562.00	562.00	545.00	523.00	523.00	502.00	477.00	451.00	451.00	424.00	424.00	399.00	377.00	377.00	356.00	356.00	324.00	324.00	310.00	310.00	298.00	287.00	287.00	277.00	277.00	266.00	255.00	244.00	244.00	235.00	228.00	228.00	221.00	221.00	218.00	218.00	218.00	218.00	221.00	228.00	228.00	235.00	235.00	245.00	256.00	256.00	268.00	278.00	285.00	285.00	292.00	292.00	296.00	295.00	295.00	295.00																																																																															
																																																																																																															599.00	602.00	602.00	601.00	598.00	595.00	595.00	587.00	575.00	575.00	562.00	562.00	545.00	523.00	523.00	502.00	477.00	451.00	451.00	424.00	424.00	399.00	377.00	377.00	356.00	356.00	324.00	324.00	310.00	310.00	298.00	287.00	287.00	277.00	277.00	266.00	255.00	244.00	244.00	235.00	228.00	228.00	221.00	221.00	218.00	218.00	218.00	218.00	221.00	228.00	228.00	235.00	235.00	245.00	256.00	256.00	268.00	278.00	285.00	285.00	292.00	292.00	296.00	295.00	295.00	295.00																																																																															
																																																																																																															599.00	602.00	602.00	601.00	598.00	595.00	595.00	587.00	575.00	575.00	562.00	562.00	545.00	523.00	523.00	502.00	477.00	451.00	451.00	424.00	424.00	399.00	377.00	377.00	356.00	356.00	324.00	324.00	310.00	310.00	298.00	287.00	287.00	277.00	277.00	266.00	255.00	244.00	244.00	235.00	228.00	228.00	221.00	221.00	218.00	218.00	218.00	218.00	221.00	228.00	228.00	235.00	235.00	245.00	256.00	256.00	268.00	278.00	285.00	285.00	292.00	292.00	296.00	295.00	295.00	295.00																																																																															
																																																																																																															599.00	602.00	602.00	601.00	598.00	595.00	595.00	587.00	575.00	575.00	562.00	562.00	545.00	523.00	523.00	502.00	477.00	451.00	451.00	424.00	424.00	399.00	377.00	377.00	356.00	356.00	324.00	324.00	310.00	310.00	298.00	287.00	287.00	277.00	277.00	266.00	255.00	244.00	244.00	235.00	228.00	228.00	221.00	221.00	218.00	218.00	218.00	218.00	221.00	228.00	228.00	235.00	235.00	245.00	256.00	256.00	268.00	278.00	285.00	285.00	292.00	292.00	296.00	295.00	295.00	295.00																																																																															
																																																																																																			563.00	570.00	577.00	577.00	583.00	583.00	590.00										622.00	618.00	618.00	607.00	589.00	589.00	572.00	572.00	551.00	526.00	526.00	502.00	475.00	446.00	446.00	417.00	417.00	390.00	365.00	365.00	340.00	340.00	302.00	302.00	284.00	284.00	270.00	258.00	258.00	246.00	246.00	234.00	222.00	210.00	210.00	201.00	193.00	193.00	185.00	185.00	179.00	176.00	176.00	172.00																																			86.00	64.00	54.00	54.00	58.00	58.00	62.00	63.00	63.00																																																						
																																																																																																			563.00	570.00	577.00	577.00	583.00	583.00	590.00										622.00	618.00	618.00	607.00	589.00	589.00	572.00	572.00	551.00	526.00	526.00	502.00	475.00	446.00	446.00	417.00	417.00	390.00	365.00	365.00	340.00	340.00	302.00	302.00	284.00	284.00	270.00	258.00	258.00	246.00	246.00	234.00	222.00	210.00	210.00	201.00	193.00	193.00	185.00	185.00	179.00	176.00	176.00	172.00																																			86.00	64.00	54.00	54.00	58.00	58.00	62.00	63.00	63.00																																																						
																																																																																																			563.00	570.00	577.00	577.00	583.00	583.00	590.00										622.00	618.00	618.00	607.00	589.00	589.00	572.00	572.00	551.00	526.00	526.00	502.00	475.00	446.00	446.00	417.00	417.00	390.00	365.00	365.00	340.00	340.00	302.00	302.00	284.00	284.00	270.00	258.00	258.00	246.00	246.00	234.00	222.00	210.00	210.00	201.00	193.00	193.00	185.00	185.00	179.00	176.00	176.00	172.00																																			86.00	64.00	54.00	54.00	58.00	58.00	62.00	63.00	63.00																																																						
																																																																																																			563.00	570.00	577.00	577.00	583.00	583.00	590.00										622.00	618.00	618.00	607.00	589.00	589.00	572.00	572.00	551.00	526.00	526.00	502.00	475.00	446.00	446.00	417.00	417.00	390.00	365.00	365.00	340.00	340.00	302.00	302.00	284.00	284.00	270.00	258.00	258.00	246.00	246.00	234.00	222.00	210.00	210.00	201.00	193.00	193.00	185.00	185.00	179.00	176.00	176.00	172.00																																			86.00	64.00	54.00	54.00	58.00	58.00	62.00	63.00	63.00																																																						
																																																																																																	555.00	563.00	563.00	570.00	577.00	577.00	583.00	583.00									625.00	626.00	622.00	618.00	618.00	607.00	589.00	589.00	572.00	572.00	551.00	526.00	526.00	502.00	475.00	446.00	446.00	417.00	417.00	390.00	365.00	365.00	340.00	340.00	302.00	302.00	284.00	284.00	270.00	258.00	258.00	246.00	246.00	234.00	222.00	210.00											171.00	172.00	172.00																																				58.00	58.00	62.00	63.00	63.00	63.00	62.00	58.00	58.00				29.00	29.00	9.00																										99.00	128.00	128.00																
																																																																																																	555.00	563.00	563.00	570.00	577.00	577.00	583.00	583.00									625.00	626.00	622.00	618.00	618.00	607.00	589.00	589.00	572.00	572.00	551.00	526.00	526.00	502.00	475.00	446.00	446.00	417.00	417.00	390.00	365.00	365.00	340.00	340.00	302.00	302.00	284.00	284.00	270.00	258.00	258.00	246.00	246.00	234.00	222.00	210.00											171.00	172.00	172.00																																				58.00	58.00	62.00	63.00	63.00	63.00	62.00	58.00	58.00				29.00	29.00	9.00																										99.00	128.00	128.00																
																																																																																																	555.00	563.00	563.00	570.00	577.00	577.00	583.00	583.00									625.00	626.00	622.00	618.00	618.00	607.00	589.00	589.00	572.00	572.00	551.00	526.00	526.00	502.00	475.00	446.00	446.00	417.00	417.00	390.00	365.00	365.00	340.00	340.00	302.00	302.00	284.00	284.00	270.00	258.00	258.00	246.00	246.00	234.00	222.00	210.00											171.00	172.00	172.00																																				58.00	58.00	62.00	63.00	63.00	63.00	62.00	58.00	58.00				29.00	29.00	9.00																										99.00	128.00	128.00																
																																																																																																	555.00	563.00	563.00	570.00	577.00	577.00	583.00	583.00									625.00	626.00	622.00	618.00	618.00	607.00	589.00	589.00	572.00	572.00	551.00	526.00	526.00	502.00	475.00	446.00	446.00	417.00	417.00	390.00	365.00	365.00	340.00	340.00	302.00	302.00	284.00	284.00	270.00	258.00	258.00	246.00	246.00	234.00	222.00	210.00											171.00	172.00	172.00																																				58.00	58.00	62.00	63.00	63.00	63.00	62.00	58.00	58.00				29.00	29.00	9.00																										99.00	128.00	128.00																
																																																																																																		528.00	528.00	538.00	548.00											606.00	606.00	607.00	603.00	599.00	599.00	588.00	572.00	572.00	555.00	555.00	536.00	514.00	514.00	493.00	468.00	442.00	442.00	415.00	415.00	389.00	364.00	364.00	340.00	340.00	306.00	306.00	291.00	291.00	277.00																																																							134.00	145.00	145.00	155.00	163.00	167.00	167.00	171.00	167.00	167.00	156.00	156.00	144.00	126.00																																														
																																																																																																		528.00	528.00	538.00	548.00											606.00	606.00	607.00	603.00	599.00	599.00	588.00	572.00	572.00	555.00	555.00	536.00	514.00	514.00	493.00	468.00	442.00	442.00	415.00	415.00	389.00	364.00	364.00	340.00	340.00	306.00	306.00	291.00	291.00	277.00																																																							134.00	145.00	145.00	155.00	163.00	167.00	167.00	171.00	167.00	167.00	156.00	156.00	144.00	126.00																																														
																																																																																																		528.00	528.00	538.00	548.00											606.00	606.00	607.00	603.00	599.00	599.00	588.00	572.00	572.00	555.00	555.00	536.00	514.00	514.00	493.00	468.00	442.00	442.00	415.00	415.00	389.00	364.00	364.00	340.00	340.00	306.00	306.00	291.00	291.00	277.00																																																							134.00	145.00	145.00	155.00	163.00	167.00	167.00	171.00	167.00	167.00	156.00	156.00	144.00	126.00																																														
																																																																																																		528.00	528.00	538.00	548.00											606.00	606.00	607.00	603.00	599.00	599.00	588.00	572.00	572.00	555.00	555.00	536.00	514.00	514.00	493.00	468.00	442.00	442.00	415.00	415.00	389.00	364.00	364.00	340.00	340.00	306.00	306.00	291.00	291.00	277.00																																																							134.00	145.00	145.00	155.00	163.00	167.00	167.00	171.00	167.00	167.00	156.00	156.00	144.00	126.00																																														
																																																																																																		528.00	528.00	538.00	548.00	548.00	557.00	557.00	567.00									607.00	603.00	599.00	599.00	588.00	572.00	572.00	555.00	555.00	536.00	514.00	514.00	493.00	468.00			415.00	415.00	389.00																																																														131.00	134.00	134.00	145.00	145.00	155.00	163.00	167.00	167.00	171.00	167.00	167.00	156.00	156.00	144.00	126.00	126.00																																			344.00	344.00	343.00	343.00	342.00	337.00	337.00	327.00	318.00	310.00	310.00
																																																																																																		528.00	528.00	538.00	548.00	548.00	557.00	557.00	567.00									607.00	603.00	599.00	599.00	588.00	572.00	572.00	555.00	555.00	536.00	514.00	514.00	493.00	468.00			415.00	415.00	389.00																																																														131.00	134.00	134.00	145.00	145.00	155.00	163.00	167.00	167.00	171.00	167.00	167.00	156.00	156.00	144.00	126.00	126.00																																			344.00	344.00	343.00	343.00	342.00	337.00	337.00	327.00	318.00	310.00	310.00
																																																																																																		528.00	528.00	538.00	548.00	548.00	557.00	557.00	567.00									607.00	603.00	599.00	599.00	588.00	572.00	572.00	555.00	555.00	536.00	514.00	514.00	493.00	468.00			415.00	415.00	389.00																																																														131.00	134.00	134.00	145.00	145.00	155.00	163.00	167.00	167.00	171.00	167.00	167.00	156.00	156.00	144.00	126.00	126.00																																			344.00	344.00	343.00	343.00	342.00	337.00	337.00	327.00	318.00	310.00	310.00
																																																																																																		528.00	528.00	538.00	548.00	548.00	557.00	557.00	567.00									607.00	603.00	599.00	599.00	588.00	572.00	572.00	555.00	555.00	536.00	514.00	514.00	493.00	468.00			415.00	415.00	389.00																																																														131.00	134.00	134.00	145.00	145.00	155.00	163.00	167.00	167.00	171.00	167.00	167.00	156.00	156.00	144.00	126.00	126.00																																			344.00	344.00	343.00	343.00	342.00	337.00	337.00	327.00	318.00	310.00	310.00
																																																						553.00	553.00	552.00	552.00	552.00	547.00	547.00	538.00	529.00	529.00	516.00	501.00	485.00																															466.00	475.00	475.00	483.00	491.00	491.00	499.00	499.00	507.00								537.00	538.00	534.00	531.00	531.00	522.00	507.00	507.00	492.00	492.00	476.00	460.00	460.00	444.00	427.00	408.00	408.00																																																											197.00	197.00	203.00	209.00	215.00	215.00	221.00	232.00	232.00	248.00	248.00	264.00	275.00	279.00	279.00	284.00	276.00	276.00	254.00	254.00	232.00	204.00	204.00	170.00	135.00	108.00	108.00	90.00	90.00	72.00	55.00	55.00	41.00	41.00	29.00	29.00	48.00	48.00	67.00	96.00	96.00	137.00	137.00	178.00	220.00	263.00	263.00	306.00	341.00	341.00	367.00	367.00	393.00	410.00	418.00	418.00	425.00	426.00	426.00	419.00	419.00	413.00	407.00	407.00	401.00	396.00	391.00	391.00
																																																						553.00	553.00	552.00	552.00	552.00	547.00	547.00	538.00	529.00	529.00	516.00	501.00	485.00																															466.00	475.00	475.00	483.00	491.00	491.00	499.00	499.00	507.00								537.00	538.00	534.00	531.00	531.00	522.00	507.00	507.00	492.00	492.00	476.00	460.00	460.00	444.00	427.00	408.00	408.00																																																											197.00	197.00	203.00	209.00	215.00	215.00	221.00	232.00	232.00	248.00	248.00	264.00	275.00	279.00	279.00	284.00	276.00	276.00	254.00	254.00	232.00	204.00	204.00	170.00	135.00	108.00	108.00	90.00	90.00	72.00	55.00	55.00	41.00	41.00	29.00	29.00	48.00	48.00	67.00	96.00	96.00	137.00	137.00	178.00	220.00	263.00	263.00	306.00	341.00	341.00	367.00	367.00	393.00	410.00	418.00	418.00	425.00	426.00	426.00	419.00	419.00	413.00	407.00	407.00	401.00	396.00	391.00	391.00
																																																						553.00	553.00	552.00	552.00	552.00	547.00	547.00	538.00	529.00	529.00	516.00	501.00	485.00																															466.00	475.00	475.00	483.00	491.00	491.00	499.00	499.00	507.00								537.00	538.00	534.00	531.00	531.00	522.00	507.00	507.00	492.00	492.00	476.00	460.00	460.00	444.00	427.00	408.00	408.00																																																											197.00	197.00	203.00	209.00	215.00	215.00	221.00	232.00	232.00	248.00	248.00	264.00	275.00	279.00	279.00	284.00	276.00	276.00	254.00	254.00	232.00	204.00	204.00	170.00	135.00	108.00	108.00	90.00	90.00	72.00	55.00	55.00	41.00	41.00	29.00	29.00	48.00	48.00	67.00	96.00	96.00	137.00	137.00	178.00	220.00	263.00	263.00	306.00	341.00	341.00	367.00	367.00	393.00	410.00	418.00	418.00	425.00	426.00	426.00	419.00	419.00	413.00	407.00	407.00	401.00	396.00	391.00	391.00
																																																					554.00	553.00	553.00	552.00	552.00	552.00	547.00	547.00	538.00	529.00	529.00	516.00	501.00	485.00	485.00	473.00	473.00																												466.00	475.00	475.00	483.00	491.00	491.00	499.00	499.00	507.00	515.00	522.00								534.00	531.00	531.00	522.00	507.00	507.00	492.00	492.00	476.00	460.00	460.00	444.00	427.00																																																								184.00	184.00	186.00	190.00	190.00	197.00	197.00	203.00	209.00	215.00	215.00	221.00	232.00	232.00	248.00	248.00	264.00	275.00	279.00	279.00	284.00	276.00	276.00	254.00	254.00	232.00	204.00	204.00	170.00	135.00	108.00	108.00	90.00	90.00	72.00	55.00	55.00	41.00	41.00	29.00	29.00	48.00	48.00	67.00	96.00	96.00	137.00	137.00	178.00	220.00	263.00	263.00	306.00	341.00	341.00	367.00	367.00	393.00	410.00	418.00	418.00	425.00	426.00	426.00	419.00	419.00	413.00	407.00	407.00	401.00	396.00	391.00	391.00
																																																					554.00	553.00	553.00	552.00	552.00	552.00	547.00	547.00	538.00	529.00	529.00	516.00	501.00	485.00	485.00	473.00	473.00																												466.00	475.00	475.00	483.00	491.00	491.00	499.00	499.00	507.00	515.00	522.00								534.00	531.00	531.00	522.00	507.00	507.00	492.00	492.00	476.00	460.00	460.00	444.00	427.00																																																								184.00	184.00	186.00	190.00	190.00	197.00	197.00	203.00	209.00	215.00	215.00	221.00	232.00	232.00	248.00	248.00	264.00	275.00	279.00	279.00	284.00	276.00	276.00	254.00	254.00	232.00	204.00	204.00	170.00	135.00	108.00	108.00	90.00	90.00	72.00	55.00	55.00	41.00	41.00	29.00	29.00	48.00	48.00	67.00	96.00	96.00	137.00	137.00	178.00	220.00	263.00	263.00	306.00	341.00	341.00	367.00	367.00	393.00	410.00	418.00	418.00	425.00	426.00	426.00	419.00	419.00	413.00	407.00	407.00	401.00	396.00	391.00	391.00
																																																					554.00	553.00	553.00	552.00	552.00	552.00	547.00	547.00	538.00	529.00	529.00	516.00	501.00	485.00	485.00	473.00	473.00																												466.00	475.00	475.00	483.00	491.00	491.00	499.00	499.00	507.00	515.00	522.00								534.00	531.00	531.00	522.00	507.00	507.00	492.00	492.00	476.00	460.00	460.00	444.00	427.00																																																								184.00	184.00	186.00	190.00	190.00	197.00	197.00	203.00	209.00	215.00	215.00	221.00	232.00	232.00	248.00	248.00	264.00	275.00	279.00	279.00	284.00	276.00	276.00	254.00	254.00	232.00	204.00	204.00	170.00	135.00	108.00	108.00	90.00	90.00	72.00	55.00	55.00	41.00	41.00	29.00	29.00	48.00	48.00	67.00	96.00	96.00	137.00	137.00	178.00	220.00	263.00	263.00	306.00	341.00	341.00	367.00	367.00	393.00	410.00	418.00	418.00	425.00	426.00	426.00	419.00	419.00	413.00	407.00	407.00	401.00	396.00	391.00	391.00
																																																					554.00	553.00	553.00	552.00	552.00	552.00	547.00	547.00	538.00	529.00	529.00	516.00	501.00	485.00	485.00	473.00	473.00																												466.00	475.00	475.00	483.00	491.00	491.00	499.00	499.00	507.00	515.00	522.00								534.00	531.00	531.00	522.00	507.00	507.00	492.00	492.00	476.00	460.00	460.00	444.00	427.00																																																								184.00	184.00	186.00	190.00	190.00	197.00	197.00	203.00	209.00	215.00	215.00	221.00	232.00	232.00	248.00	248.00	264.00	275.00	279.00	279.00	284.00	276.00	276.00	254.00	254.00	232.00	204.00	204.00	170.00	135.00	108.00	108.00	90.00	90.00	72.00	55.00	55.00	41.00	41.00	29.00	29.00	48.00	48.00	67.00	96.00	96.00	137.00	137.00	178.00	220.00	263.00	263.00	306.00	341.00	341.00	367.00	367.00	393.00	410.00	418.00	418.00	425.00	426.00	426.00	419.00	419.00	413.00	407.00	407.00	401.00	396.00	391.00	391.00
																												575.00	572.00	569.00	569.00	566.00	564.00																		552.00	551.00		550.00	550.00	551.00	552.00	552.00	548.00	548.00	538.00	529.00	529.00	516.00	500.00	483.00	483.00	469.00	469.00	455.00	442.00																														426.00	426.00	432.00	432.00	437.00	442.00	447.00	447.00	451.00	454.00	454.00	457.00	457.00	458.00	456.00	454.00	454.00	448.00																																																															214.00	223.00	235.00	235.00	247.00	257.00	257.00	264.00	264.00	271.00	280.00	291.00	291.00	303.00	316.00	316.00	331.00	331.00	346.00	352.00	349.00	349.00	346.00	327.00	327.00	293.00	293.00	258.00	219.00	219.00	174.00	129.00	96.00	96.00	75.00	75.00	53.00	43.00	43.00	44.00	44.00	63.00	63.00	98.00	98.00	134.00	175.00	175.00	223.00	223.00	270.00	314.00	355.00	355.00	396.00	426.00	426.00	446.00	446.00	465.00	475.00	476.00	476.00	477.00	476.00	476.00	471.00	471.00	466.00	463.00	463.00	461.00	460.00	458.00	458.00
																												575.00	572.00	569.00	569.00	566.00	564.00																		552.00	551.00		550.00	550.00	551.00	552.00	552.00	548.00	548.00	538.00	529.00	529.00	516.00	500.00	483.00	483.00	469.00	469.00	455.00	442.00																														426.00	426.00	432.00	432.00	437.00	442.00	447.00	447.00	451.00	454.00	454.00	457.00	457.00	458.00	456.00	454.00	454.00	448.00																																																															214.00	223.00	235.00	235.00	247.00	257.00	257.00	264.00	264.00	271.00	280.00	291.00	291.00	303.00	316.00	316.00	331.00	331.00	346.00	352.00	349.00	349.00	346.00	327.00	327.00	293.00	293.00	258.00	219.00	219.00	174.00	129.00	96.00	96.00	75.00	75.00	53.00	43.00	43.00	44.00	44.00	63.00	63.00	98.00	98.00	134.00	175.00	175.00	223.00	223.00	270.00	314.00	355.00	355.00	396.00	426.00	426.00	446.00	446.00	465.00	475.00	476.00	476.00	477.00	476.00	476.00	471.00	471.00	466.00	463.00	463.00	461.00	460.00	458.00	458.00
																												575.00	572.00	569.00	569.00	566.00	564.00																		552.00	551.00		550.00	550.00	551.00	552.00	552.00	548.00	548.00	538.00	529.00	529.00	516.00	500.00	483.00	483.00	469.00	469.00	455.00	442.00																														426.00	426.00	432.00	432.00	437.00	442.00	447.00	447.00	451.00	454.00	454.00	457.00	457.00	458.00	456.00	454.00	454.00	448.00																																																															214.00	223.00	235.00	235.00	247.00	257.00	257.00	264.00	264.00	271.00	280.00	291.00	291.00	303.00	316.00	316.00	331.00	331.00	346.00	352.00	349.00	349.00	346.00	327.00	327.00	293.00	293.00	258.00	219.00	219.00	174.00	129.00	96.00	96.00	75.00	75.00	53.00	43.00	43.00	44.00	44.00	63.00	63.00	98.00	98.00	134.00	175.00	175.00	223.00	223.00	270.00	314.00	355.00	355.00	396.00	426.00	426.00	446.00	446.00	465.00	475.00	476.00	476.00	477.00	476.00	476.00	471.00	471.00	466.00	463.00	463.00	461.00	460.00	458.00	458.00
																												575.00	572.00	569.00	569.00	566.00	564.00																		552.00	551.00		550.00	550.00	551.00	552.00	552.00	548.00	548.00	538.00	529.00	529.00	516.00	500.00	483.00	483.00	469.00	469.00	455.00	442.00																														426.00	426.00	432.00	432.00	437.00	442.00	447.00	447.00	451.00	454.00	454.00	457.00	457.00	458.00	456.00	454.00	454.00	448.00																																																															214.00	223.00	235.00	235.00	247.00	257.00	257.00	264.00	264.00	271.00	280.00	291.00	291.00	303.00	316.00	316.00	331.00	331.00	346.00	352.00	349.00	349.00	346.00	327.00	327.00	293.00	293.00	258.00	219.00	219.00	174.00	129.00	96.00	96.00	75.00	75.00	53.00	43.00	43.00	44.00	44.00	63.00	63.00	98.00	98.00	134.00	175.00	175.00	223.00	223.00	270.00	314.00	355.00	355.00	396.00	426.00	426.00	446.00	446.00	465.00	475.00	476.00	476.00	477.00	476.00	476.00	471.00	471.00	466.00	463.00	463.00	461.00	460.00	458.00	458.00
																												575.00	572.00	569.00	569.00	566.00	564.00																		552.00	551.00		550.00	550.00	551.00	552.00	552.00	548.00	548.00	538.00	529.00	529.00	516.00	500.00	483.00	483.00	469.00	469.00	455.00	442.00																														426.00	426.00	432.00	432.00	437.00	442.00	447.00	447.00	451.00	454.00	454.00	457.00	457.00	458.00	456.00	454.00	454.00	448.00																																																															214.00	223.00	235.00	235.00	247.00	257.00	257.00	264.00	264.00	271.00	280.00	291.00	291.00	303.00	316.00	316.00	331.00	331.00	346.00	352.00	349.00	349.00	346.00	327.00	327.00	293.00	293.00	258.00	219.00	219.00	174.00	129.00	96.00	96.00	75.00	75.00	53.00	43.00	43.00	44.00	44.00	63.00	63.00	98.00	98.00	134.00	175.00	175.00	223.00	223.00	270.00	314.00	355.00	355.00	396.00	426.00	426.00	446.00	446.00	465.00	475.00	476.00	476.00	477.00	476.00	476.00	471.00	471.00	466.00	463.00	463.00	461.00	460.00	458.00	458.00
																											575.00	575.00	572.00	569.00	569.00	566.00	564.00	562.00	562.00	559.00	559.00	557.00	555.00	555.00	554.00	554.00										551.00	550.00	550.00	550.00	551.00	552.00	552.00	548.00	548.00	538.00	529.00	529.00	516.00	500.00	483.00	483.00	469.00	469.00	455.00	442.00	442.00	429.00																		384.00	389.00	389.00	395.00	395.00	401.00	407.00	414.00	414.00	420.00	426.00	426.00	432.00	432.00	437.00	442.00	447.00	447.00	451.00	454.00	454.00	457.00	457.00	458.00	456.00	454.00																																																														205.00	210.00	214.00	214.00	223.00	235.00	235.00	247.00	257.00	257.00	264.00	264.00	271.00	280.00	291.00	291.00	303.00	316.00	316.00	331.00	331.00	346.00	352.00	349.00	349.00	346.00	327.00	327.00	293.00	293.00	258.00	219.00	219.00	174.00	129.00	96.00	96.00	75.00	75.00	53.00	43.00	43.00	44.00	44.00	63.00	63.00	98.00	98.00	134.00	175.00	175.00	223.00	223.00	270.00	314.00	355.00	355.00	396.00	426.00	426.00	446.00	446.00	465.00	475.00	476.00	476.00	477.00	476.00	476.00	471.00	471.00	466.00	463.00	463.00	461.00	460.00	458.00	458.00
																											575.00	575.00	572.00	569.00	569.00	566.00	564.00	562.00	562.00	559.00	559.00	557.00	555.00	555.00	554.00	554.00										551.00	550.00	550.00	550.00	551.00	552.00	552.00	548.00	548.00	538.00	529.00	529.00	516.00	500.00	483.00	483.00	469.00	469.00	455.00	442.00	442.00	429.00																		384.00	389.00	389.00	395.00	395.00	401.00	407.00	414.00	414.00	420.00	426.00	426.00	432.00	432.00	437.00	442.00	447.00	447.00	451.00	454.00	454.00	457.00	457.00	458.00	456.00	454.00																																																														205.00	210.00	214.00	214.00	223.00	235.00	235.00	247.00	257.00	257.00	264.00	264.00	271.00	280.00	291.00	291.00	303.00	316.00	316.00	331.00	331.00	346.00	352.00	349.00	349.00	346.00	327.00	327.00	293.00	293.00	258.00	219.00	219.00	174.00	129.00	96.00	96.00	75.00	75.00	53.00	43.00	43.00	44.00	44.00	63.00	63.00	98.00	98.00	134.00	175.00	175.00	223.00	223.00	270.00	314.00	355.00	355.00	396.00	426.00	426.00	446.00	446.00	465.00	475.00	476.00	476.00	477.00	476.00	476.00	471.00	471.00	466.00	463.00	463.00	461.00	460.00	458.00	458.00
																											575.00	575.00	572.00	569.00	569.00	566.00	564.00	562.00	562.00	559.00	559.00	557.00	555.00	555.00	554.00	554.00										551.00	550.00	550.00	550.00	551.00	552.00	552.00	548.00	548.00	538.00	529.00	529.00	516.00	500.00	483.00	483.00	469.00	469.00	455.00	442.00	442.00	429.00																		384.00	389.00	389.00	395.00	395.00	401.00	407.00	414.00	414.00	420.00	426.00	426.00	432.00	432.00	437.00	442.00	447.00	447.00	451.00	454.00	454.00	457.00	457.00	458.00	456.00	454.00																																																														205.00	210.00	214.00	214.00	223.00	235.00	235.00	247.00	257.00	257.00	264.00	264.00	271.00	280.00	291.00	291.00	303.00	316.00	316.00	331.00	331.00	346.00	352.00	349.00	349.00	346.00	327.00	327.00	293.00	293.00	258.00	219.00	219.00	174.00	129.00	96.00	96.00	75.00	75.00	53.00	43.00	43.00	44.00	44.00	63.00	63.00	98.00	98.00	134.00	175.00	175.00	223.00	223.00	270.00	314.00	355.00	355.00	396.00	426.00	426.00	446.00	446.00	465.00	475.00	476.00	476.00	477.00	476.00	476.00	471.00	471.00	466.00	463.00	463.00	461.00	460.00	458.00	458.00
																															561.00	558.00	556.00	553.00	553.00	551.00	551.00	548.00	545.00	545.00	543.00	543.00	539.00	539.00	538.00	538.00	537.00	537.00	537.00	536.00	536.00	536.00	536.00	536.00	536.00	536.00	537.00	537.00	533.00	533.00	526.00	518.00	518.00	507.00	493.00	479.00	479.00	464.00	464.00	449.00	434.00	434.00															349.00	350.00	350.00	350.00	351.00	353.00	353.00	355.00	355.00	359.00			368.00	372.00	375.00	375.00	377.00	377.00	380.00	381.00	383.00	383.00	385.00	387.00	387.00	389.00	389.00	390.00	389.00																																																									213.00	216.00	220.00	220.00	223.00	228.00	228.00				247.00	261.00	261.00	274.00	286.00	286.00	294.00	294.00	303.00	313.00	325.00	325.00	337.00	347.00	347.00	356.00	356.00	364.00	360.00	344.00	344.00	328.00	300.00	300.00	259.00	259.00	218.00	177.00	177.00	134.00	91.00	64.00	64.00	52.00	52.00	39.00	41.00	41.00	58.00	58.00	105.00	105.00	151.00	151.00	197.00	244.00	244.00	293.00	293.00	341.00	382.00	417.00	417.00	452.00	475.00	475.00	486.00	486.00	497.00	502.00	499.00	499.00	496.00	494.00	494.00	492.00	492.00	490.00	489.00	489.00	489.00	488.00	488.00	488.00
																															561.00	558.00	556.00	553.00	553.00	551.00	551.00	548.00	545.00	545.00	543.00	543.00	539.00	539.00	538.00	538.00	537.00	537.00	537.00	536.00	536.00	536.00	536.00	536.00	536.00	536.00	537.00	537.00	533.00	533.00	526.00	518.00	518.00	507.00	493.00	479.00	479.00	464.00	464.00	449.00	434.00	434.00															349.00	350.00	350.00	350.00	351.00	353.00	353.00	355.00	355.00	359.00			368.00	372.00	375.00	375.00	377.00	377.00	380.00	381.00	383.00	383.00	385.00	387.00	387.00	389.00	389.00	390.00	389.00																																																									213.00	216.00	220.00	220.00	223.00	228.00	228.00				247.00	261.00	261.00	274.00	286.00	286.00	294.00	294.00	303.00	313.00	325.00	325.00	337.00	347.00	347.00	356.00	356.00	364.00	360.00	344.00	344.00	328.00	300.00	300.00	259.00	259.00	218.00	177.00	177.00	134.00	91.00	64.00	64.00	52.00	52.00	39.00	41.00	41.00	58.00	58.00	105.00	105.00	151.00	151.00	197.00	244.00	244.00	293.00	293.00	341.00	382.00	417.00	417.00	452.00	475.00	475.00	486.00	486.00	497.00	502.00	499.00	499.00	496.00	494.00	494.00	492.00	492.00	490.00	489.00	489.00	489.00	488.00	488.00	488.00
																															561.00	558.00	556.00	553.00	553.00	551.00	551.00	548.00	545.00	545.00	543.00	543.00	539.00	539.00	538.00	538.00	537.00	537.00	537.00	536.00	536.00	536.00	536.00	536.00	536.00	536.00	537.00	537.00	533.00	533.00	526.00	518.00	518.00	507.00	493.00	479.00	479.00	464.00	464.00	449.00	434.00	434.00															349.00	350.00	350.00	350.00	351.00	353.00	353.00	355.00	355.00	359.00			368.00	372.00	375.00	375.00	377.00	377.00	380.00	381.00	383.00	383.00	385.00	387.00	387.00	389.00	389.00	390.00	389.00																																																									213.00	216.00	220.00	220.00	223.00	228.00	228.00				247.00	261.00	261.00	274.00	286.00	286.00	294.00	294.00	303.00	313.00	325.00	325.00	337.00	347.00	347.00	356.00	356.00	364.00	360.00	344.00	344.00	328.00	300.00	300.00	259.00	259.00	218.00	177.00	177.00	134.00	91.00	64.00	64.00	52.00	52.00	39.00	41.00	41.00	58.00	58.00	105.00	105.00	151.00	151.00	197.00	244.00	244.00	293.00	293.00	341.00	382.00	417.00	417.00	452.00	475.00	475.00	486.00	486.00	497.00	502.00	499.00	499.00	496.00	494.00	494.00	492.00	492.00	490.00	489.00	489.00	489.00	488.00	488.00	488.00
																															561.00	558.00	556.00	553.00	553.00	551.00	551.00	548.00	545.00	545.00	543.00	543.00	539.00	539.00	538.00	538.00	537.00	537.00	537.00	536.00	536.00	536.00	536.00	536.00	536.00	536.00	537.00	537.00	533.00	533.00	526.00	518.00	518.00	507.00	493.00	479.00	479.00	464.00	464.00	449.00	434.00	434.00															349.00	350.00	350.00	350.00	351.00	353.00	353.00	355.00	355.00	359.00			368.00	372.00	375.00	375.00	377.00	377.00	380.00	381.00	383.00	383.00	385.00	387.00	387.00	389.00	389.00	390.00	389.00																																																									213.00	216.00	220.00	220.00	223.00	228.00	228.00				247.00	261.00	261.00	274.00	286.00	286.00	294.00	294.00	303.00	313.00	325.00	325.00	337.00	347.00	347.00	356.00	356.00	364.00	360.00	344.00	344.00	328.00	300.00	300.00	259.00	259.00	218.00	177.00	177.00	134.00	91.00	64.00	64.00	52.00	52.00	39.00	41.00	41.00	58.00	58.00	105.00	105.00	151.00	151.00	197.00	244.00	244.00	293.00	293.00	341.00	382.00	417.00	417.00	452.00	475.00	475.00	486.00	486.00	497.00	502.00	499.00	499.00	496.00	494.00	494.00	492.00	492.00	490.00	489.00	489.00	489.00	488.00	488.00	488.00
																																		553.00	553.00	551.00	551.00	548.00	545.00	545.00	543.00	543.00	539.00	539.00	538.00	538.00	537.00	537.00	537.00	536.00	536.00	536.00	536.00	536.00	536.00	536.00	537.00	537.00	533.00	533.00	526.00	518.00	518.00	507.00					464.00	449.00	434.00	434.00	420.00															350.00	350.00	350.00	351.00	353.00	353.00	355.00	355.00	359.00	363.00	368.00	368.00	372.00	375.00	375.00	377.00	377.00	380.00	381.00	383.00	383.00	385.00																																																											209.00	211.00	211.00	213.00	213.00	216.00	220.00	220.00	223.00	228.00	228.00	233.00	238.00	238.00	247.00	261.00	261.00	274.00	286.00	286.00	294.00	294.00	303.00	313.00	325.00	325.00	337.00	347.00	347.00	356.00	356.00	364.00	360.00	344.00	344.00	328.00	300.00	300.00	259.00	259.00	218.00	177.00	177.00	134.00	91.00	64.00	64.00	52.00	52.00	39.00	41.00	41.00	58.00	58.00	105.00	105.00	151.00	151.00	197.00	244.00	244.00	293.00	293.00	341.00	382.00	417.00	417.00	452.00	475.00	475.00	486.00	486.00	497.00	502.00	499.00	499.00	496.00	494.00	494.00	492.00	492.00	490.00	489.00	489.00	489.00	488.00	488.00	488.00
																																		553.00	553.00	551.00	551.00	548.00	545.00	545.00	543.00	543.00	539.00	539.00	538.00	538.00	537.00	537.00	537.00	536.00	536.00	536.00	536.00	536.00	536.00	536.00	537.00	537.00	533.00	533.00	526.00	518.00	518.00	507.00					464.00	449.00	434.00	434.00	420.00															350.00	350.00	350.00	351.00	353.00	353.00	355.00	355.00	359.00	363.00	368.00	368.00	372.00	375.00	375.00	377.00	377.00	380.00	381.00	383.00	383.00	385.00																																																											209.00	211.00	211.00	213.00	213.00	216.00	220.00	220.00	223.00	228.00	228.00	233.00	238.00	238.00	247.00	261.00	261.00	274.00	286.00	286.00	294.00	294.00	303.00	313.00	325.00	325.00	337.00	347.00	347.00	356.00	356.00	364.00	360.00	344.00	344.00	328.00	300.00	300.00	259.00	259.00	218.00	177.00	177.00	134.00	91.00	64.00	64.00	52.00	52.00	39.00	41.00	41.00	58.00	58.00	105.00	105.00	151.00	151.00	197.00	244.00	244.00	293.00	293.00	341.00	382.00	417.00	417.00	452.00	475.00	475.00	486.00	486.00	497.00	502.00	499.00	499.00	496.00	494.00	494.00	492.00	492.00	490.00	489.00	489.00	489.00	488.00	488.00	488.00
																																		553.00	553.00	551.00	551.00	548.00	545.00	545.00	543.00	543.00	539.00	539.00	538.00	538.00	537.00	537.00	537.00	536.00	536.00	536.00	536.00	536.00	536.00	536.00	537.00	537.00	533.00	533.00	526.00	518.00	518.00	507.00					464.00	449.00	434.00	434.00	420.00															350.00	350.00	350.00	351.00	353.00	353.00	355.00	355.00	359.00	363.00	368.00	368.00	372.00	375.00	375.00	377.00	377.00	380.00	381.00	383.00	383.00	385.00																																																											209.00	211.00	211.00	213.00	213.00	216.00	220.00	220.00	223.00	228.00	228.00	233.00	238.00	238.00	247.00	261.00	261.00	274.00	286.00	286.00	294.00	294.00	303.00	313.00	325.00	325.00	337.00	347.00	347.00	356.00	356.00	364.00	360.00	344.00	344.00	328.00	300.00	300.00	259.00	259.00	218.00	177.00	177.00	134.00	91.00	64.00	64.00	52.00	52.00	39.00	41.00	41.00	58.00	58.00	105.00	105.00	151.00	151.00	197.00	244.00	244.00	293.00	293.00	341.00	382.00	417.00	417.00	452.00	475.00	475.00	486.00	486.00	497.00	502.00	499.00	499.00	496.00	494.00	494.00	492.00	492.00	490.00	489.00	489.00	489.00	488.00	488.00	488.00
																																		553.00	553.00	551.00	551.00	548.00	545.00	545.00	543.00	543.00	539.00	539.00	538.00	538.00	537.00	537.00	537.00	536.00	536.00	536.00	536.00	536.00	536.00	536.00	537.00	537.00	533.00	533.00	526.00	518.00	518.00	507.00					464.00	449.00	434.00	434.00	420.00															350.00	350.00	350.00	351.00	353.00	353.00	355.00	355.00	359.00	363.00	368.00	368.00	372.00	375.00	375.00	377.00	377.00	380.00	381.00	383.00	383.00	385.00																																																											209.00	211.00	211.00	213.00	213.00	216.00	220.00	220.00	223.00	228.00	228.00	233.00	238.00	238.00	247.00	261.00	261.00	274.00	286.00	286.00	294.00	294.00	303.00	313.00	325.00	325.00	337.00	347.00	347.00	356.00	356.00	364.00	360.00	344.00	344.00	328.00	300.00	300.00	259.00	259.00	218.00	177.00	177.00	134.00	91.00	64.00	64.00	52.00	52.00	39.00	41.00	41.00	58.00	58.00	105.00	105.00	151.00	151.00	197.00	244.00	244.00	293.00	293.00	341.00	382.00	417.00	417.00	452.00	475.00	475.00	486.00	486.00	497.00	502.00	499.00	499.00	496.00	494.00	494.00	492.00	492.00	490.00	489.00	489.00	489.00	488.00	488.00	488.00
																																548.00	546.00	543.00	543.00	540.00	540.00	536.00	531.00	531.00	528.00	528.00	520.00	520.00	517.00	517.00	515.00	513.00	513.00	512.00	512.00	511.00	511.00	510.00	510.00	510.00	510.00	510.00	507.00	507.00	502.00	498.00	498.00	490.00	478.00	467.00	467.00	455.00	455.00	442.00	429.00	429.00	416.00	403.00													340.00	338.00	336.00	336.00	335.00	336.00	336.00	336.00	336.00	338.00	341.00	343.00	343.00	345.00	345.00	345.00	345.00	345.00																																																												234.00	232.00	232.00	230.00	229.00	230.00	230.00	230.00	230.00	230.00	231.00	231.00	232.00	234.00	234.00	238.00	241.00	241.00	246.00	252.00	252.00	258.00	266.00	266.00	277.00	277.00	288.00	298.00	307.00	307.00	315.00	320.00	320.00				306.00	281.00	281.00	255.00	224.00	224.00	187.00	187.00	150.00	118.00	118.00	89.00	61.00	47.00	47.00	47.00	47.00	48.00	61.00	61.00	87.00	87.00	150.00	150.00	198.00	198.00	247.00	293.00	293.00	338.00	338.00	383.00	420.00	447.00	447.00	474.00	490.00	490.00	494.00	494.00	499.00	499.00	494.00	494.00	0.00	0.00	0.00	0.00	0.00	0.00	0.00	0.00	0.00	0.00	0.00	0.00
																																548.00	546.00	543.00	543.00	540.00	540.00	536.00	531.00	531.00	528.00	528.00	520.00	520.00	517.00	517.00	515.00	513.00	513.00	512.00	512.00	511.00	511.00	510.00	510.00	510.00	510.00	510.00	507.00	507.00	502.00	498.00	498.00	490.00	478.00	467.00	467.00	455.00	455.00	442.00	429.00	429.00	416.00	403.00													340.00	338.00	336.00	336.00	335.00	336.00	336.00	336.00	336.00	338.00	341.00	343.00	343.00	345.00	345.00	345.00	345.00	345.00																																																												234.00	232.00	232.00	230.00	229.00	230.00	230.00	230.00	230.00	230.00	231.00	231.00	232.00	234.00	234.00	238.00	241.00	241.00	246.00	252.00	252.00	258.00	266.00	266.00	277.00	277.00	288.00	298.00	307.00	307.00	315.00	320.00	320.00				306.00	281.00	281.00	255.00	224.00	224.00	187.00	187.00	150.00	118.00	118.00	89.00	61.00	47.00	47.00	47.00	47.00	48.00	61.00	61.00	87.00	87.00	150.00	150.00	198.00	198.00	247.00	293.00	293.00	338.00	338.00	383.00	420.00	447.00	447.00	474.00	490.00	490.00	494.00	494.00	499.00	499.00	494.00	494.00	0.00	0.00	0.00	0.00	0.00	0.00	0.00	0.00	0.00	0.00	0.00	0.00
																																548.00	546.00	543.00	543.00	540.00	540.00	536.00	531.00	531.00	528.00	528.00	520.00	520.00	517.00	517.00	515.00	513.00	513.00	512.00	512.00	511.00	511.00	510.00	510.00	510.00	510.00	510.00	507.00	507.00	502.00	498.00	498.00	490.00	478.00	467.00	467.00	455.00	455.00	442.00	429.00	429.00	416.00	403.00													340.00	338.00	336.00	336.00	335.00	336.00	336.00	336.00	336.00	338.00	341.00	343.00	343.00	345.00	345.00	345.00	345.00	345.00																																																												234.00	232.00	232.00	230.00	229.00	230.00	230.00	230.00	230.00	230.00	231.00	231.00	232.00	234.00	234.00	238.00	241.00	241.00	246.00	252.00	252.00	258.00	266.00	266.00	277.00	277.00	288.00	298.00	307.00	307.00	315.00	320.00	320.00				306.00	281.00	281.00	255.00	224.00	224.00	187.00	187.00	150.00	118.00	118.00	89.00	61.00	47.00	47.00	47.00	47.00	48.00	61.00	61.00	87.00	87.00	150.00	150.00	198.00	198.00	247.00	293.00	293.00	338.00	338.00	383.00	420.00	447.00	447.00	474.00	490.00	490.00	494.00	494.00	499.00	499.00	494.00	494.00	0.00	0.00	0.00	0.00	0.00	0.00	0.00	0.00	0.00	0.00	0.00	0.00
																																									528.00	528.00	520.00	520.00	517.00	517.00	515.00	513.00	513.00	512.00	512.00	511.00	511.00	510.00	510.00	510.00	510.00	510.00	507.00	507.00	502.00	498.00	498.00	490.00	478.00	467.00	467.00	455.00	455.00	442.00	429.00	429.00	416.00	403.00	389.00	389.00	378.00	378.00	370.00	362.00																																																																																			235.00	234.00	232.00	232.00	230.00	229.00	230.00	230.00	230.00	230.00	230.00	231.00	231.00	232.00	234.00	234.00	238.00	241.00	241.00	246.00	252.00	252.00	258.00	266.00	266.00	277.00	277.00	288.00	298.00	307.00	307.00	315.00	320.00	320.00	319.00	319.00	319.00	306.00	281.00	281.00	255.00	224.00	224.00	187.00	187.00	150.00	118.00	118.00	89.00	61.00	47.00	47.00	47.00	47.00	48.00	61.00	61.00	87.00	87.00	150.00	150.00	198.00	198.00	247.00	293.00	293.00	338.00	338.00	383.00	420.00	447.00	447.00	474.00	490.00	490.00	494.00	494.00	499.00	499.00	494.00	494.00	0.00	0.00	0.00	0.00	0.00	0.00	0.00	0.00	0.00	0.00	0.00	0.00
																																									528.00	528.00	520.00	520.00	517.00	517.00	515.00	513.00	513.00	512.00	512.00	511.00	511.00	510.00	510.00	510.00	510.00	510.00	507.00	507.00	502.00	498.00	498.00	490.00	478.00	467.00	467.00	455.00	455.00	442.00	429.00	429.00	416.00	403.00	389.00	389.00	378.00	378.00	370.00	362.00																																																																																			235.00	234.00	232.00	232.00	230.00	229.00	230.00	230.00	230.00	230.00	230.00	231.00	231.00	232.00	234.00	234.00	238.00	241.00	241.00	246.00	252.00	252.00	258.00	266.00	266.00	277.00	277.00	288.00	298.00	307.00	307.00	315.00	320.00	320.00	319.00	319.00	319.00	306.00	281.00	281.00	255.00	224.00	224.00	187.00	187.00	150.00	118.00	118.00	89.00	61.00	47.00	47.00	47.00	47.00	48.00	61.00	61.00	87.00	87.00	150.00	150.00	198.00	198.00	247.00	293.00	293.00	338.00	338.00	383.00	420.00	447.00	447.00	474.00	490.00	490.00	494.00	494.00	499.00	499.00	494.00	494.00	0.00	0.00	0.00	0.00	0.00	0.00	0.00	0.00	0.00	0.00	0.00	0.00
																																									528.00	528.00	520.00	520.00	517.00	517.00	515.00	513.00	513.00	512.00	512.00	511.00	511.00	510.00	510.00	510.00	510.00	510.00	507.00	507.00	502.00	498.00	498.00	490.00	478.00	467.00	467.00	455.00	455.00	442.00	429.00	429.00	416.00	403.00	389.00	389.00	378.00	378.00	370.00	362.00																																																																																			235.00	234.00	232.00	232.00	230.00	229.00	230.00	230.00	230.00	230.00	230.00	231.00	231.00	232.00	234.00	234.00	238.00	241.00	241.00	246.00	252.00	252.00	258.00	266.00	266.00	277.00	277.00	288.00	298.00	307.00	307.00	315.00	320.00	320.00	319.00	319.00	319.00	306.00	281.00	281.00	255.00	224.00	224.00	187.00	187.00	150.00	118.00	118.00	89.00	61.00	47.00	47.00	47.00	47.00	48.00	61.00	61.00	87.00	87.00	150.00	150.00	198.00	198.00	247.00	293.00	293.00	338.00	338.00	383.00	420.00	447.00	447.00	474.00	490.00	490.00	494.00	494.00	499.00	499.00	494.00	494.00	0.00	0.00	0.00	0.00	0.00	0.00	0.00	0.00	0.00	0.00	0.00	0.00
																																									528.00	528.00	520.00	520.00	517.00	517.00	515.00	513.00	513.00	512.00	512.00	511.00	511.00	510.00	510.00	510.00	510.00	510.00	507.00	507.00	502.00	498.00	498.00	490.00	478.00	467.00	467.00	455.00	455.00	442.00	429.00	429.00	416.00	403.00	389.00	389.00	378.00	378.00	370.00	362.00																																																																																			235.00	234.00	232.00	232.00	230.00	229.00	230.00	230.00	230.00	230.00	230.00	231.00	231.00	232.00	234.00	234.00	238.00	241.00	241.00	246.00	252.00	252.00	258.00	266.00	266.00	277.00	277.00	288.00	298.00	307.00	307.00	315.00	320.00	320.00	319.00	319.00	319.00	306.00	281.00	281.00	255.00	224.00	224.00	187.00	187.00	150.00	118.00	118.00	89.00	61.00	47.00	47.00	47.00	47.00	48.00	61.00	61.00	87.00	87.00	150.00	150.00	198.00	198.00	247.00	293.00	293.00	338.00	338.00	383.00	420.00	447.00	447.00	474.00	490.00	490.00	494.00	494.00	499.00	499.00	494.00	494.00	0.00	0.00	0.00	0.00	0.00	0.00	0.00	0.00	0.00	0.00	0.00	0.00
																																									528.00	528.00	520.00	520.00	517.00	517.00	515.00	513.00	513.00	512.00	512.00	511.00	511.00	510.00	510.00	510.00	510.00	510.00	507.00	507.00	502.00	498.00	498.00	490.00	478.00	467.00	467.00	455.00	455.00	442.00	429.00	429.00	416.00	403.00	389.00																																																																																					237.00	237.00	235.00	235.00	234.00	232.00	232.00	230.00	229.00	230.00	230.00	230.00	230.00	230.00			232.00	234.00	234.00	238.00	241.00	241.00	246.00	252.00	252.00	258.00	266.00	266.00	277.00	277.00	288.00	298.00	307.00	307.00	315.00	320.00	320.00	319.00	319.00	319.00	306.00	281.00	281.00	255.00	224.00	224.00	187.00	187.00	150.00	118.00	118.00	89.00	61.00	47.00	47.00	47.00	47.00	48.00	61.00	61.00	87.00	87.00	150.00	150.00	198.00	198.00	247.00	293.00	293.00	338.00	338.00	383.00	420.00	447.00	447.00	474.00	490.00	490.00	494.00	494.00	499.00	499.00	494.00	494.00	0.00	0.00	0.00	0.00	0.00	0.00	0.00	0.00	0.00	0.00	0.00	0.00
																																									528.00	528.00	520.00	520.00	517.00	517.00	515.00	513.00	513.00	512.00	512.00	511.00	511.00	510.00	510.00	510.00	510.00	510.00	507.00	507.00	502.00	498.00	498.00	490.00	478.00	467.00	467.00	455.00	455.00	442.00	429.00	429.00	416.00	403.00	389.00																																																																																					237.00	237.00	235.00	235.00	234.00	232.00	232.00	230.00	229.00	230.00	230.00	230.00	230.00	230.00			232.00	234.00	234.00	238.00	241.00	241.00	246.00	252.00	252.00	258.00	266.00	266.00	277.00	277.00	288.00	298.00	307.00	307.00	315.00	320.00	320.00	319.00	319.00	319.00	306.00	281.00	281.00	255.00	224.00	224.00	187.00	187.00	150.00	118.00	118.00	89.00	61.00	47.00	47.00	47.00	47.00	48.00	61.00	61.00	87.00	87.00	150.00	150.00	198.00	198.00	247.00	293.00	293.00	338.00	338.00	383.00	420.00	447.00	447.00	474.00	490.00	490.00	494.00	494.00	499.00	499.00	494.00	494.00	0.00	0.00	0.00	0.00	0.00	0.00	0.00	0.00	0.00	0.00	0.00	0.00
																																									528.00	528.00	520.00	520.00	517.00	517.00	515.00	513.00	513.00	512.00	512.00	511.00	511.00	510.00	510.00	510.00	510.00	510.00	507.00	507.00	502.00	498.00	498.00	490.00	478.00	467.00	467.00	455.00	455.00	442.00	429.00	429.00	416.00	403.00	389.00																																																																																					237.00	237.00	235.00	235.00	234.00	232.00	232.00	230.00	229.00	230.00	230.00	230.00	230.00	230.00			232.00	234.00	234.00	238.00	241.00	241.00	246.00	252.00	252.00	258.00	266.00	266.00	277.00	277.00	288.00	298.00	307.00	307.00	315.00	320.00	320.00	319.00	319.00	319.00	306.00	281.00	281.00	255.00	224.00	224.00	187.00	187.00	150.00	118.00	118.00	89.00	61.00	47.00	47.00	47.00	47.00	48.00	61.00	61.00	87.00	87.00	150.00	150.00	198.00	198.00	247.00	293.00	293.00	338.00	338.00	383.00	420.00	447.00	447.00	474.00	490.00	490.00	494.00	494.00	499.00	499.00	494.00	494.00	0.00	0.00	0.00	0.00	0.00	0.00	0.00	0.00	0.00	0.00	0.00	0.00
																																									528.00	528.00	520.00	520.00	517.00	517.00	515.00	513.00	513.00	512.00	512.00	511.00	511.00	510.00	510.00	510.00	510.00	510.00	507.00	507.00	502.00	498.00	498.00	490.00	478.00	467.00	467.00	455.00	455.00	442.00	429.00	429.00	416.00	403.00	389.00																																																																																					237.00	237.00	235.00	235.00	234.00	232.00	232.00	230.00	229.00	230.00	230.00	230.00	230.00	230.00			232.00	234.00	234.00	238.00	241.00	241.00	246.00	252.00	252.00	258.00	266.00	266.00	277.00	277.00	288.00	298.00	307.00	307.00	315.00	320.00	320.00	319.00	319.00	319.00	306.00	281.00	281.00	255.00	224.00	224.00	187.00	187.00	150.00	118.00	118.00	89.00	61.00	47.00	47.00	47.00	47.00	48.00	61.00	61.00	87.00	87.00	150.00	150.00	198.00	198.00	247.00	293.00	293.00	338.00	338.00	383.00	420.00	447.00	447.00	474.00	490.00	490.00	494.00	494.00	499.00	499.00	494.00	494.00	0.00	0.00	0.00	0.00	0.00	0.00	0.00	0.00	0.00	0.00	0.00	0.00
																																											520.00	520.00	517.00	517.00	515.00	513.00	513.00	512.00	512.00	511.00	511.00		510.00	510.00	510.00	510.00	507.00	507.00	502.00	498.00	498.00	490.00	478.00	467.00	467.00	455.00	455.00																																																																																										238.00	237.00	237.00	235.00	235.00	234.00	232.00	232.00	230.00	229.00	230.00	230.00	230.00	230.00	230.00	231.00	231.00	232.00	234.00	234.00	238.00	241.00	241.00	246.00	252.00	252.00	258.00	266.00	266.00	277.00	277.00	288.00	298.00	307.00	307.00	315.00	320.00	320.00	319.00	319.00	319.00	306.00	281.00	281.00	255.00	224.00	224.00	187.00	187.00	150.00	118.00	118.00	89.00	61.00	47.00	47.00	47.00	47.00	48.00	61.00	61.00	87.00	87.00	150.00	150.00	198.00	198.00	247.00	293.00	293.00	338.00	338.00	383.00	420.00	447.00	447.00	474.00	490.00	490.00	494.00	494.00	499.00	499.00	494.00	494.00	0.00	0.00	0.00	0.00	0.00	0.00	0.00	0.00	0.00	0.00	0.00	0.00
																																											520.00	520.00	517.00	517.00	515.00	513.00	513.00	512.00	512.00	511.00	511.00		510.00	510.00	510.00	510.00	507.00	507.00	502.00	498.00	498.00	490.00	478.00	467.00	467.00	455.00	455.00																																																																																										238.00	237.00	237.00	235.00	235.00	234.00	232.00	232.00	230.00	229.00	230.00	230.00	230.00	230.00	230.00	231.00	231.00	232.00	234.00	234.00	238.00	241.00	241.00	246.00	252.00	252.00	258.00	266.00	266.00	277.00	277.00	288.00	298.00	307.00	307.00	315.00	320.00	320.00	319.00	319.00	319.00	306.00	281.00	281.00	255.00	224.00	224.00	187.00	187.00	150.00	118.00	118.00	89.00	61.00	47.00	47.00	47.00	47.00	48.00	61.00	61.00	87.00	87.00	150.00	150.00	198.00	198.00	247.00	293.00	293.00	338.00	338.00	383.00	420.00	447.00	447.00	474.00	490.00	490.00	494.00	494.00	499.00	499.00	494.00	494.00	0.00	0.00	0.00	0.00	0.00	0.00	0.00	0.00	0.00	0.00	0.00	0.00
																																											520.00	520.00	517.00	517.00	515.00	513.00	513.00	512.00	512.00	511.00	511.00		510.00	510.00	510.00	510.00	507.00	507.00	502.00	498.00	498.00	490.00	478.00	467.00	467.00	455.00	455.00																																																																																										238.00	237.00	237.00	235.00	235.00	234.00	232.00	232.00	230.00	229.00	230.00	230.00	230.00	230.00	230.00	231.00	231.00	232.00	234.00	234.00	238.00	241.00	241.00	246.00	252.00	252.00	258.00	266.00	266.00	277.00	277.00	288.00	298.00	307.00	307.00	315.00	320.00	320.00	319.00	319.00	319.00	306.00	281.00	281.00	255.00	224.00	224.00	187.00	187.00	150.00	118.00	118.00	89.00	61.00	47.00	47.00	47.00	47.00	48.00	61.00	61.00	87.00	87.00	150.00	150.00	198.00	198.00	247.00	293.00	293.00	338.00	338.00	383.00	420.00	447.00	447.00	474.00	490.00	490.00	494.00	494.00	499.00	499.00	494.00	494.00	0.00	0.00	0.00	0.00	0.00	0.00	0.00	0.00	0.00	0.00	0.00	0.00
																																																																																																																																																																	272.00	271.00	271.00	268.00	262.00	262.00	257.00	254.00	252.00	252.00	251.00	251.00	248.00	244.00	244.00	240.00	236.00	236.00	234.00					235.00	237.00	243.00	243.00	251.00	251.00	260.00	266.00	269.00	269.00	273.00	271.00	271.00	265.00	265.00	258.00	243.00	219.00	219.00	195.00	170.00	170.00	143.00	143.00	116.00	96.00	96.00	82.00	68.00	64.00	64.00	70.00	70.00	76.00	94.00	94.00	122.00	122.00	188.00	188.00	233.00	233.00	279.00	321.00	321.00	360.00	360.00	399.00	429.00	450.00	450.00	470.00	481.00	481.00	482.00	482.00	484.00	481.00	473.00	473.00	466.00	0.00	0.00	0.00	0.00	0.00	0.00	0.00	0.00	0.00	0.00	0.00
																																																																																																																																																																	272.00	271.00	271.00	268.00	262.00	262.00	257.00	254.00	252.00	252.00	251.00	251.00	248.00	244.00	244.00	240.00	236.00	236.00	234.00					235.00	237.00	243.00	243.00	251.00	251.00	260.00	266.00	269.00	269.00	273.00	271.00	271.00	265.00	265.00	258.00	243.00	219.00	219.00	195.00	170.00	170.00	143.00	143.00	116.00	96.00	96.00	82.00	68.00	64.00	64.00	70.00	70.00	76.00	94.00	94.00	122.00	122.00	188.00	188.00	233.00	233.00	279.00	321.00	321.00	360.00	360.00	399.00	429.00	450.00	450.00	470.00	481.00	481.00	482.00	482.00	484.00	481.00	473.00	473.00	466.00	0.00	0.00	0.00	0.00	0.00	0.00	0.00	0.00	0.00	0.00	0.00
																																																																																																																																																																	272.00	271.00	271.00	268.00	262.00	262.00	257.00	254.00	252.00	252.00	251.00	251.00	248.00	244.00	244.00	240.00	236.00	236.00	234.00					235.00	237.00	243.00	243.00	251.00	251.00	260.00	266.00	269.00	269.00	273.00	271.00	271.00	265.00	265.00	258.00	243.00	219.00	219.00	195.00	170.00	170.00	143.00	143.00	116.00	96.00	96.00	82.00	68.00	64.00	64.00	70.00	70.00	76.00	94.00	94.00	122.00	122.00	188.00	188.00	233.00	233.00	279.00	321.00	321.00	360.00	360.00	399.00	429.00	450.00	450.00	470.00	481.00	481.00	482.00	482.00	484.00	481.00	473.00	473.00	466.00	0.00	0.00	0.00	0.00	0.00	0.00	0.00	0.00	0.00	0.00	0.00
																																																																																																																																																																	272.00	271.00	271.00	268.00	262.00	262.00	257.00	254.00	252.00	252.00	251.00	251.00	248.00	244.00	244.00	240.00	236.00	236.00	234.00					235.00	237.00	243.00	243.00	251.00	251.00	260.00	266.00	269.00	269.00	273.00	271.00	271.00	265.00	265.00	258.00	243.00	219.00	219.00	195.00	170.00	170.00	143.00	143.00	116.00	96.00	96.00	82.00	68.00	64.00	64.00	70.00	70.00	76.00	94.00	94.00	122.00	122.00	188.00	188.00	233.00	233.00	279.00	321.00	321.00	360.00	360.00	399.00	429.00	450.00	450.00	470.00	481.00	481.00	482.00	482.00	484.00	481.00	473.00	473.00	466.00	0.00	0.00	0.00	0.00	0.00	0.00	0.00	0.00	0.00	0.00	0.00
																																																																																																																																																																	272.00	271.00	271.00	268.00	262.00	262.00	257.00	254.00	252.00	252.00	251.00	251.00	248.00	244.00	244.00	240.00	236.00	236.00	234.00					235.00	237.00	243.00	243.00	251.00	251.00	260.00	266.00	269.00	269.00	273.00	271.00	271.00	265.00	265.00	258.00	243.00	219.00	219.00	195.00	170.00	170.00	143.00	143.00	116.00	96.00	96.00	82.00	68.00	64.00	64.00	70.00	70.00	76.00	94.00	94.00	122.00	122.00	188.00	188.00	233.00	233.00	279.00	321.00	321.00	360.00	360.00	399.00	429.00	450.00	450.00	470.00	481.00	481.00	482.00	482.00	484.00	481.00	473.00	473.00	466.00	0.00	0.00	0.00	0.00	0.00	0.00	0.00	0.00	0.00	0.00	0.00
																																																																																																																																																															272.00	272.00	272.00	271.00	271.00	268.00	262.00	262.00	257.00	254.00	252.00	252.00	251.00	251.00	248.00	244.00	244.00	240.00	236.00	236.00	234.00	231.00	231.00	232.00	235.00	235.00	237.00	243.00	243.00	251.00	251.00	260.00	266.00	269.00	269.00	273.00	271.00	271.00	265.00	265.00	258.00	243.00	219.00	219.00	195.00	170.00	170.00	143.00	143.00	116.00	96.00	96.00	82.00	68.00	64.00	64.00	70.00	70.00	76.00	94.00	94.00	122.00	122.00	188.00	188.00	233.00	233.00	279.00	321.00	321.00	360.00	360.00	399.00	429.00	450.00	450.00	470.00	481.00	481.00	482.00	482.00	484.00	481.00	473.00	473.00	466.00	0.00	0.00	0.00	0.00	0.00	0.00	0.00	0.00	0.00	0.00	0.00
																																																																																																																																																															272.00	272.00	272.00	271.00	271.00	268.00	262.00	262.00	257.00	254.00	252.00	252.00	251.00	251.00	248.00	244.00	244.00	240.00	236.00	236.00	234.00	231.00	231.00	232.00	235.00	235.00	237.00	243.00	243.00	251.00	251.00	260.00	266.00	269.00	269.00	273.00	271.00	271.00	265.00	265.00	258.00	243.00	219.00	219.00	195.00	170.00	170.00	143.00	143.00	116.00	96.00	96.00	82.00	68.00	64.00	64.00	70.00	70.00	76.00	94.00	94.00	122.00	122.00	188.00	188.00	233.00	233.00	279.00	321.00	321.00	360.00	360.00	399.00	429.00	450.00	450.00	470.00	481.00	481.00	482.00	482.00	484.00	481.00	473.00	473.00	466.00	0.00	0.00	0.00	0.00	0.00	0.00	0.00	0.00	0.00	0.00	0.00
																																																																																																																																																															272.00	272.00	272.00	271.00	271.00	268.00	262.00	262.00	257.00	254.00	252.00	252.00	251.00	251.00	248.00	244.00	244.00	240.00	236.00	236.00	234.00	231.00	231.00	232.00	235.00	235.00	237.00	243.00	243.00	251.00	251.00	260.00	266.00	269.00	269.00	273.00	271.00	271.00	265.00	265.00	258.00	243.00	219.00	219.00	195.00	170.00	170.00	143.00	143.00	116.00	96.00	96.00	82.00	68.00	64.00	64.00	70.00	70.00	76.00	94.00	94.00	122.00	122.00	188.00	188.00	233.00	233.00	279.00	321.00	321.00	360.00	360.00	399.00	429.00	450.00	450.00	470.00	481.00	481.00	482.00	482.00	484.00	481.00	473.00	473.00	466.00	0.00	0.00	0.00	0.00	0.00	0.00	0.00	0.00	0.00	0.00	0.00
																																																																																																																																																															272.00	272.00	272.00	271.00	271.00	268.00	262.00	262.00	257.00	254.00	252.00	252.00	251.00	251.00	248.00	244.00	244.00	240.00	236.00	236.00	234.00	231.00	231.00	232.00	235.00	235.00	237.00	243.00	243.00	251.00	251.00	260.00	266.00	269.00	269.00	273.00	271.00	271.00	265.00	265.00	258.00	243.00	219.00	219.00	195.00	170.00	170.00	143.00	143.00	116.00	96.00	96.00	82.00	68.00	64.00	64.00	70.00	70.00	76.00	94.00	94.00	122.00	122.00	188.00	188.00	233.00	233.00	279.00	321.00	321.00	360.00	360.00	399.00	429.00	450.00	450.00	470.00	481.00	481.00	482.00	482.00	484.00	481.00	473.00	473.00	466.00	0.00	0.00	0.00	0.00	0.00	0.00	0.00	0.00	0.00	0.00	0.00
																																																																																																																																																															318.00	320.00	320.00	322.00	322.00	324.00	327.00	327.00	331.00	331.00	329.00	329.00	327.00	327.00	323.00	317.00	317.00	311.00	307.00	307.00	304.00	300.00	300.00	299.00	301.00	301.00	302.00	303.00	303.00	303.00	303.00	303.00	302.00	301.00	301.00	300.00	293.00	293.00	283.00	283.00	272.00	257.00	237.00	237.00	218.00	197.00	197.00	173.00	173.00	149.00	133.00	133.00	124.00	114.00	113.00	113.00	119.00	119.00	125.00	139.00	139.00	162.00	162.00	215.00	215.00	254.00	254.00	292.00	327.00	327.00	357.00	357.00	387.00	409.00	423.00	423.00	436.00	443.00	443.00	443.00	443.00	442.00	437.00	429.00	429.00	420.00	410.00	410.00	399.00	399.00	389.00	379.00	379.00	0.00	0.00	0.00	0.00
																																																																																																																																																															318.00	320.00	320.00	322.00	322.00	324.00	327.00	327.00	331.00	331.00	329.00	329.00	327.00	327.00	323.00	317.00	317.00	311.00	307.00	307.00	304.00	300.00	300.00	299.00	301.00	301.00	302.00	303.00	303.00	303.00	303.00	303.00	302.00	301.00	301.00	300.00	293.00	293.00	283.00	283.00	272.00	257.00	237.00	237.00	218.00	197.00	197.00	173.00	173.00	149.00	133.00	133.00	124.00	114.00	113.00	113.00	119.00	119.00	125.00	139.00	139.00	162.00	162.00	215.00	215.00	254.00	254.00	292.00	327.00	327.00	357.00	357.00	387.00	409.00	423.00	423.00	436.00	443.00	443.00	443.00	443.00	442.00	437.00	429.00	429.00	420.00	410.00	410.00	399.00	399.00	389.00	379.00	379.00	0.00	0.00	0.00	0.00
																																																																																																																																																															318.00	320.00	320.00	322.00	322.00	324.00	327.00	327.00	331.00	331.00	329.00	329.00	327.00	327.00	323.00	317.00	317.00	311.00	307.00	307.00	304.00	300.00	300.00	299.00	301.00	301.00	302.00	303.00	303.00	303.00	303.00	303.00	302.00	301.00	301.00	300.00	293.00	293.00	283.00	283.00	272.00	257.00	237.00	237.00	218.00	197.00	197.00	173.00	173.00	149.00	133.00	133.00	124.00	114.00	113.00	113.00	119.00	119.00	125.00	139.00	139.00	162.00	162.00	215.00	215.00	254.00	254.00	292.00	327.00	327.00	357.00	357.00	387.00	409.00	423.00	423.00	436.00	443.00	443.00	443.00	443.00	442.00	437.00	429.00	429.00	420.00	410.00	410.00	399.00	399.00	389.00	379.00	379.00	0.00	0.00	0.00	0.00
																																																																																																																																																															318.00	320.00	320.00	322.00	322.00	324.00	327.00	327.00	331.00	331.00	329.00	329.00	327.00	327.00	323.00	317.00	317.00	311.00	307.00	307.00	304.00	300.00	300.00	299.00	301.00	301.00	302.00	303.00	303.00	303.00	303.00	303.00	302.00	301.00	301.00	300.00	293.00	293.00	283.00	283.00	272.00	257.00	237.00	237.00	218.00	197.00	197.00	173.00	173.00	149.00	133.00	133.00	124.00	114.00	113.00	113.00	119.00	119.00	125.00	139.00	139.00	162.00	162.00	215.00	215.00	254.00	254.00	292.00	327.00	327.00	357.00	357.00	387.00	409.00	423.00	423.00	436.00	443.00	443.00	443.00	443.00	442.00	437.00	429.00	429.00	420.00	410.00	410.00	399.00	399.00	389.00	379.00	379.00	0.00	0.00	0.00	0.00
																																																																																																																																																															318.00	320.00	320.00	322.00	322.00	324.00	327.00	327.00	331.00	331.00	329.00	329.00	327.00	327.00	323.00	317.00	317.00	311.00	307.00	307.00	304.00	300.00	300.00	299.00	301.00	301.00	302.00	303.00	303.00	303.00	303.00	303.00	302.00	301.00	301.00	300.00	293.00	293.00	283.00	283.00	272.00	257.00	237.00	237.00	218.00	197.00	197.00	173.00	173.00	149.00	133.00	133.00	124.00	114.00	113.00	113.00	119.00	119.00	125.00	139.00	139.00	162.00	162.00	215.00	215.00	254.00	254.00	292.00	327.00	327.00	357.00	357.00	387.00	409.00	423.00	423.00	436.00	443.00	443.00	443.00	443.00	442.00	437.00	429.00	429.00	420.00	410.00	410.00	399.00	399.00	389.00	379.00	379.00	0.00	0.00	0.00	0.00
																																																																																																																																																															318.00	320.00	320.00	322.00	322.00	324.00	327.00	327.00	331.00	331.00	329.00	329.00	327.00	327.00	323.00	317.00	317.00	311.00	307.00	307.00	304.00	300.00	300.00	299.00	301.00	301.00	302.00	303.00	303.00	303.00	303.00	303.00	302.00	301.00	301.00	300.00	293.00	293.00	283.00	283.00	272.00	257.00	237.00	237.00	218.00	197.00	197.00	173.00	173.00	149.00	133.00	133.00	124.00	114.00	113.00	113.00	119.00	119.00	125.00	139.00	139.00	162.00	162.00	215.00	215.00	254.00	254.00	292.00	327.00	327.00	357.00	357.00	387.00	409.00	423.00	423.00	436.00	443.00	443.00	443.00	443.00	442.00	437.00	429.00	429.00	420.00	410.00	410.00	399.00	399.00	389.00	379.00	379.00	0.00	0.00	0.00	0.00
																																																																																																																																																															318.00	320.00	320.00	322.00	322.00	324.00	327.00	327.00	331.00	331.00	329.00	329.00	327.00	327.00	323.00	317.00	317.00	311.00	307.00	307.00	304.00	300.00	300.00	299.00	301.00	301.00	302.00	303.00	303.00	303.00	303.00	303.00	302.00	301.00	301.00	300.00	293.00	293.00	283.00	283.00	272.00	257.00	237.00	237.00	218.00	197.00	197.00	173.00	173.00	149.00	133.00	133.00	124.00	114.00	113.00	113.00	119.00	119.00	125.00	139.00	139.00	162.00	162.00	215.00	215.00	254.00	254.00	292.00	327.00	327.00	357.00	357.00	387.00	409.00	423.00	423.00	436.00	443.00	443.00	443.00	443.00	442.00	437.00	429.00	429.00	420.00	410.00	410.00	399.00	399.00	389.00	379.00	379.00	0.00	0.00	0.00	0.00
																																																																																																																																																														357.00	361.00	365.00	365.00	369.00	369.00	377.00	390.00	390.00	402.00	407.00	404.00	404.00	402.00	402.00	397.00	391.00	391.00	385.00	381.00	381.00	379.00	376.00	376.00	376.00	377.00	377.00	379.00	378.00	378.00	375.00	375.00	371.00	366.00	358.00	358.00	350.00	339.00	339.00	325.00	325.00	312.00	296.00	278.00	278.00	260.00	241.00	241.00	223.00	223.00	204.00	189.00	189.00							170.00	179.00	179.00	195.00	195.00	231.00	231.00	255.00	255.00	279.00	299.00	299.00	317.00	317.00	334.00	346.00	353.00	353.00	361.00	363.00	363.00	360.00	360.00	357.00	352.00	345.00	345.00	337.00	329.00	329.00	321.00	321.00	313.00	304.00	304.00	0.00	0.00	0.00	0.00
																																																																																																																																																														357.00	361.00	365.00	365.00	369.00	369.00	377.00	390.00	390.00	402.00	407.00	404.00	404.00	402.00	402.00	397.00	391.00	391.00	385.00	381.00	381.00	379.00	376.00	376.00	376.00	377.00	377.00	379.00	378.00	378.00	375.00	375.00	371.00	366.00	358.00	358.00	350.00	339.00	339.00	325.00	325.00	312.00	296.00	278.00	278.00	260.00	241.00	241.00	223.00	223.00	204.00	189.00	189.00							170.00	179.00	179.00	195.00	195.00	231.00	231.00	255.00	255.00	279.00	299.00	299.00	317.00	317.00	334.00	346.00	353.00	353.00	361.00	363.00	363.00	360.00	360.00	357.00	352.00	345.00	345.00	337.00	329.00	329.00	321.00	321.00	313.00	304.00	304.00	0.00	0.00	0.00	0.00
																																																																																																																																																														357.00	361.00	365.00	365.00	369.00	369.00	377.00	390.00	390.00	402.00	407.00	404.00	404.00	402.00	402.00	397.00	391.00	391.00	385.00	381.00	381.00	379.00	376.00	376.00	376.00	377.00	377.00	379.00	378.00	378.00	375.00	375.00	371.00	366.00	358.00	358.00	350.00	339.00	339.00	325.00	325.00	312.00	296.00	278.00	278.00	260.00	241.00	241.00	223.00	223.00	204.00	189.00	189.00							170.00	179.00	179.00	195.00	195.00	231.00	231.00	255.00	255.00	279.00	299.00	299.00	317.00	317.00	334.00	346.00	353.00	353.00	361.00	363.00	363.00	360.00	360.00	357.00	352.00	345.00	345.00	337.00	329.00	329.00	321.00	321.00	313.00	304.00	304.00	0.00	0.00	0.00	0.00
																																																																																																																																																														357.00	361.00	365.00	365.00	369.00	369.00	377.00	390.00	390.00	402.00	407.00	404.00	404.00	402.00	402.00	397.00	391.00	391.00	385.00	381.00	381.00	379.00	376.00	376.00	376.00	377.00	377.00	379.00	378.00	378.00	375.00	375.00	371.00	366.00	358.00	358.00	350.00	339.00	339.00	325.00	325.00	312.00	296.00	278.00	278.00	260.00	241.00	241.00	223.00	223.00	204.00	189.00	189.00							170.00	179.00	179.00	195.00	195.00	231.00	231.00	255.00	255.00	279.00	299.00	299.00	317.00	317.00	334.00	346.00	353.00	353.00	361.00	363.00	363.00	360.00	360.00	357.00	352.00	345.00	345.00	337.00	329.00	329.00	321.00	321.00	313.00	304.00	304.00	0.00	0.00	0.00	0.00
																																																																																																																																																													353.00	357.00	361.00	365.00	365.00	369.00	369.00	377.00	390.00	390.00	402.00	407.00	404.00	404.00	402.00	402.00	397.00	391.00	391.00	385.00	381.00	381.00	379.00	376.00	376.00	376.00	377.00	377.00	379.00	378.00	378.00	375.00	375.00	371.00	366.00	358.00	358.00	350.00	339.00	339.00	325.00	325.00	312.00	296.00	278.00	278.00	260.00	241.00	241.00	223.00												179.00	179.00	195.00	195.00	231.00	231.00	255.00	255.00	279.00	299.00	299.00	317.00	317.00	334.00	346.00	353.00	353.00	361.00	363.00	363.00	360.00	360.00	357.00	352.00	345.00	345.00	337.00	329.00	329.00	321.00	321.00	313.00	304.00	304.00	0.00	0.00	0.00	0.00
																																																																																																																																																													353.00	357.00	361.00	365.00	365.00	369.00	369.00	377.00	390.00	390.00	402.00	407.00	404.00	404.00	402.00	402.00	397.00	391.00	391.00	385.00	381.00	381.00	379.00	376.00	376.00	376.00	377.00	377.00	379.00	378.00	378.00	375.00	375.00	371.00	366.00	358.00	358.00	350.00	339.00	339.00	325.00	325.00	312.00	296.00	278.00	278.00	260.00	241.00	241.00	223.00												179.00	179.00	195.00	195.00	231.00	231.00	255.00	255.00	279.00	299.00	299.00	317.00	317.00	334.00	346.00	353.00	353.00	361.00	363.00	363.00	360.00	360.00	357.00	352.00	345.00	345.00	337.00	329.00	329.00	321.00	321.00	313.00	304.00	304.00	0.00	0.00	0.00	0.00
																																																																																																																																																													353.00	357.00	361.00	365.00	365.00	369.00	369.00	377.00	390.00	390.00	402.00	407.00	404.00	404.00	402.00	402.00	397.00	391.00	391.00	385.00	381.00	381.00	379.00	376.00	376.00	376.00	377.00	377.00	379.00	378.00	378.00	375.00	375.00	371.00	366.00	358.00	358.00	350.00	339.00	339.00	325.00	325.00	312.00	296.00	278.00	278.00	260.00	241.00	241.00	223.00												179.00	179.00	195.00	195.00	231.00	231.00	255.00	255.00	279.00	299.00	299.00	317.00	317.00	334.00	346.00	353.00	353.00	361.00	363.00	363.00	360.00	360.00	357.00	352.00	345.00	345.00	337.00	329.00	329.00	321.00	321.00	313.00	304.00	304.00	0.00	0.00	0.00	0.00
																																																																																																																																																													382.00	387.00	391.00	394.00	394.00	397.00	397.00	404.00	413.00	413.00	423.00	425.00	420.00	420.00	415.00	415.00	409.00	402.00	402.00	395.00	391.00	391.00	390.00	388.00	388.00	387.00	386.00	386.00	384.00	382.00	382.00	378.00	378.00	375.00	369.00	362.00	362.00	355.00	346.00	346.00	333.00	333.00	321.00																			212.00	212.00	220.00	220.00	238.00	238.00	248.00	248.00	258.00	265.00	265.00	269.00	269.00	274.00	275.00	274.00	274.00	272.00	267.00	267.00	261.00	261.00	254.00	247.00	240.00	240.00	233.00	226.00	226.00	219.00	219.00	212.00	0.00	0.00	0.00	0.00	0.00	0.00
																																																																																																																																																													382.00	387.00	391.00	394.00	394.00	397.00	397.00	404.00	413.00	413.00	423.00	425.00	420.00	420.00	415.00	415.00	409.00	402.00	402.00	395.00	391.00	391.00	390.00	388.00	388.00	387.00	386.00	386.00	384.00	382.00	382.00	378.00	378.00	375.00	369.00	362.00	362.00	355.00	346.00	346.00	333.00	333.00	321.00																			212.00	212.00	220.00	220.00	238.00	238.00	248.00	248.00	258.00	265.00	265.00	269.00	269.00	274.00	275.00	274.00	274.00	272.00	267.00	267.00	261.00	261.00	254.00	247.00	240.00	240.00	233.00	226.00	226.00	219.00	219.00	212.00	0.00	0.00	0.00	0.00	0.00	0.00
																																																																																																																																																													382.00	387.00	391.00	394.00	394.00	397.00	397.00	404.00	413.00	413.00	423.00	425.00	420.00	420.00	415.00	415.00	409.00	402.00	402.00	395.00	391.00	391.00	390.00	388.00	388.00	387.00	386.00	386.00	384.00	382.00	382.00	378.00	378.00	375.00	369.00	362.00	362.00	355.00	346.00	346.00	333.00	333.00	321.00																			212.00	212.00	220.00	220.00	238.00	238.00	248.00	248.00	258.00	265.00	265.00	269.00	269.00	274.00	275.00	274.00	274.00	272.00	267.00	267.00	261.00	261.00	254.00	247.00	240.00	240.00	233.00	226.00	226.00	219.00	219.00	212.00	0.00	0.00	0.00	0.00	0.00	0.00
																																																																																																																																																													382.00	387.00	391.00	394.00	394.00	397.00	397.00	404.00	413.00	413.00	423.00	425.00	420.00	420.00	415.00	415.00	409.00	402.00	402.00	395.00	391.00	391.00	390.00	388.00	388.00	387.00	386.00	386.00	384.00	382.00	382.00	378.00	378.00	375.00	369.00	362.00	362.00	355.00	346.00	346.00	333.00	333.00	321.00																			212.00	212.00	220.00	220.00	238.00	238.00	248.00	248.00	258.00	265.00	265.00	269.00	269.00	274.00	275.00	274.00	274.00	272.00	267.00	267.00	261.00	261.00	254.00	247.00	240.00	240.00	233.00	226.00	226.00	219.00	219.00	212.00	0.00	0.00	0.00	0.00	0.00	0.00
																																																																																																																																																															391.00	394.00	394.00	397.00	397.00	404.00	413.00	413.00	423.00	425.00	420.00	420.00	415.00	415.00							390.00	388.00	388.00	387.00	386.00	386.00	384.00	382.00	382.00	378.00	378.00	375.00	369.00	362.00	362.00	355.00	346.00	346.00	333.00	333.00	321.00	307.00																					220.00	238.00	238.00	248.00	248.00	258.00	265.00	265.00	269.00	269.00	274.00	275.00	274.00	274.00												226.00	219.00	219.00	212.00	0.00	0.00	0.00	0.00	0.00	0.00
																																																																																																																																																															391.00	394.00	394.00	397.00	397.00	404.00	413.00	413.00	423.00	425.00	420.00	420.00	415.00	415.00							390.00	388.00	388.00	387.00	386.00	386.00	384.00	382.00	382.00	378.00	378.00	375.00	369.00	362.00	362.00	355.00	346.00	346.00	333.00	333.00	321.00	307.00																					220.00	238.00	238.00	248.00	248.00	258.00	265.00	265.00	269.00	269.00	274.00	275.00	274.00	274.00												226.00	219.00	219.00	212.00	0.00	0.00	0.00	0.00	0.00	0.00
																																																																																																																																																															391.00	394.00	394.00	397.00	397.00	404.00	413.00	413.00	423.00	425.00	420.00	420.00	415.00	415.00							390.00	388.00	388.00	387.00	386.00	386.00	384.00	382.00	382.00	378.00	378.00	375.00	369.00	362.00	362.00	355.00	346.00	346.00	333.00	333.00	321.00	307.00																					220.00	238.00	238.00	248.00	248.00	258.00	265.00	265.00	269.00	269.00	274.00	275.00	274.00	274.00												226.00	219.00	219.00	212.00	0.00	0.00	0.00	0.00	0.00	0.00
																																																																																																																																																															391.00	394.00	394.00	397.00	397.00	404.00	413.00	413.00	423.00	425.00	420.00	420.00	415.00	415.00							390.00	388.00	388.00	387.00	386.00	386.00	384.00	382.00	382.00	378.00	378.00	375.00	369.00	362.00	362.00	355.00	346.00	346.00	333.00	333.00	321.00	307.00																					220.00	238.00	238.00	248.00	248.00	258.00	265.00	265.00	269.00	269.00	274.00	275.00	274.00	274.00												226.00	219.00	219.00	212.00	0.00	0.00	0.00	0.00	0.00	0.00
												586.00	583.00	583.00	578.00																																																																																																																																																		405.00	406.00	406.00	407.00	410.00	410.00	412.00	411.00	405.00	405.00	400.00	400.00								375.00	375.00	372.00	369.00	369.00	366.00	363.00	363.00	359.00	359.00	355.00	351.00	347.00	347.00	342.00	335.00	335.00	326.00	326.00	318.00																							240.00	240.00	240.00	240.00	239.00	237.00	237.00	232.00	232.00	228.00	220.00	210.00	210.00	199.00	188.00	188.00	177.00	177.00	166.00	156.00	147.00	147.00									0.00	0.00	0.00	0.00
												586.00	583.00	583.00	578.00																																																																																																																																																		405.00	406.00	406.00	407.00	410.00	410.00	412.00	411.00	405.00	405.00	400.00	400.00								375.00	375.00	372.00	369.00	369.00	366.00	363.00	363.00	359.00	359.00	355.00	351.00	347.00	347.00	342.00	335.00	335.00	326.00	326.00	318.00																							240.00	240.00	240.00	240.00	239.00	237.00	237.00	232.00	232.00	228.00	220.00	210.00	210.00	199.00	188.00	188.00	177.00	177.00	166.00	156.00	147.00	147.00									0.00	0.00	0.00	0.00
												586.00	583.00	583.00	578.00																																																																																																																																																		405.00	406.00	406.00	407.00	410.00	410.00	412.00	411.00	405.00	405.00	400.00	400.00								375.00	375.00	372.00	369.00	369.00	366.00	363.00	363.00	359.00	359.00	355.00	351.00	347.00	347.00	342.00	335.00	335.00	326.00	326.00	318.00																							240.00	240.00	240.00	240.00	239.00	237.00	237.00	232.00	232.00	228.00	220.00	210.00	210.00	199.00	188.00	188.00	177.00	177.00	166.00	156.00	147.00	147.00									0.00	0.00	0.00	0.00
												586.00	583.00	583.00	578.00																																																																																																																																																		405.00	406.00	406.00	407.00	410.00	410.00	412.00	411.00	405.00	405.00	400.00	400.00								375.00	375.00	372.00	369.00	369.00	366.00	363.00	363.00	359.00	359.00	355.00	351.00	347.00	347.00	342.00	335.00	335.00	326.00	326.00	318.00																							240.00	240.00	240.00	240.00	239.00	237.00	237.00	232.00	232.00	228.00	220.00	210.00	210.00	199.00	188.00	188.00	177.00	177.00	166.00	156.00	147.00	147.00									0.00	0.00	0.00	0.00
											586.00	586.00	583.00	583.00	578.00	573.00	573.00	569.00	569.00																		542.00	540.00	538.00	538.00																																																																																																																											406.00				412.00	411.00	405.00																																																						240.00	240.00	240.00	239.00	237.00	237.00	232.00	232.00	228.00	220.00	210.00	210.00	199.00	188.00	188.00	177.00	177.00	166.00	156.00	147.00	147.00	138.00	131.00	131.00	0.00	0.00	0.00	0.00	0.00	0.00	0.00	0.00	0.00
											586.00	586.00	583.00	583.00	578.00	573.00	573.00	569.00	569.00																		542.00	540.00	538.00	538.00																																																																																																																											406.00				412.00	411.00	405.00																																																						240.00	240.00	240.00	239.00	237.00	237.00	232.00	232.00	228.00	220.00	210.00	210.00	199.00	188.00	188.00	177.00	177.00	166.00	156.00	147.00	147.00	138.00	131.00	131.00	0.00	0.00	0.00	0.00	0.00	0.00	0.00	0.00	0.00
											586.00	586.00	583.00	583.00	578.00	573.00	573.00	569.00	569.00																		542.00	540.00	538.00	538.00																																																																																																																											406.00				412.00	411.00	405.00																																																						240.00	240.00	240.00	239.00	237.00	237.00	232.00	232.00	228.00	220.00	210.00	210.00	199.00	188.00	188.00	177.00	177.00	166.00	156.00	147.00	147.00	138.00	131.00	131.00	0.00	0.00	0.00	0.00	0.00	0.00	0.00	0.00	0.00
											586.00	586.00	583.00	583.00	578.00	573.00	573.00	569.00	569.00																		542.00	540.00	538.00	538.00																																																																																																																											406.00				412.00	411.00	405.00																																																						240.00	240.00	240.00	239.00	237.00	237.00	232.00	232.00	228.00	220.00	210.00	210.00	199.00	188.00	188.00	177.00	177.00	166.00	156.00	147.00	147.00	138.00	131.00	131.00	0.00	0.00	0.00	0.00	0.00	0.00	0.00	0.00	0.00
														609.00	601.00	594.00	594.00			580.00	573.00	568.00	568.00	564.00	560.00	560.00	558.00	558.00	557.00	557.00	557.00	557.00	558.00	559.00	559.00	558.00	558.00	556.00	554.00	554.00	550.00	550.00	537.00	537.00	531.00	531.00	524.00	517.00	517.00																		486.00	488.00	488.00	488.00	487.00	487.00	488.00											471.00	464.00	455.00	455.00	445.00	434.00																																																																																																																																												217.00	217.00	208.00	196.00	182.00	182.00	167.00	154.00	154.00	141.00	141.00	128.00	116.00														
														609.00	601.00	594.00	594.00			580.00	573.00	568.00	568.00	564.00	560.00	560.00	558.00	558.00	557.00	557.00	557.00	557.00	558.00	559.00	559.00	558.00	558.00	556.00	554.00	554.00	550.00	550.00	537.00	537.00	531.00	531.00	524.00	517.00	517.00																		486.00	488.00	488.00	488.00	487.00	487.00	488.00											471.00	464.00	455.00	455.00	445.00	434.00																																																																																																																																												217.00	217.00	208.00	196.00	182.00	182.00	167.00	154.00	154.00	141.00	141.00	128.00	116.00														
														609.00	601.00	594.00	594.00			580.00	573.00	568.00	568.00	564.00	560.00	560.00	558.00	558.00	557.00	557.00	557.00	557.00	558.00	559.00	559.00	558.00	558.00	556.00	554.00	554.00	550.00	550.00	537.00	537.00	531.00	531.00	524.00	517.00	517.00																		486.00	488.00	488.00	488.00	487.00	487.00	488.00											471.00	464.00	455.00	455.00	445.00	434.00																																																																																																																																												217.00	217.00	208.00	196.00	182.00	182.00	167.00	154.00	154.00	141.00	141.00	128.00	116.00														
582.00	590.00	590.00	599.00	605.00	605.00	610.00	614.00	614.00	615.00	615.00	614.00	614.00	609.00	609.00	601.00	594.00	594.00	586.00	586.00	580.00	573.00	568.00	568.00	564.00	560.00	560.00	558.00	558.00	557.00	557.00	557.00	557.00	558.00	559.00	559.00	558.00	558.00	556.00	554.00	554.00	550.00	550.00	537.00	537.00	531.00	531.00	524.00	517.00	517.00	510.00	510.00												480.00	481.00	484.00	486.00	486.00	488.00	488.00	488.00	487.00	487.00	488.00	489.00	490.00	490.00	489.00	489.00	486.00	483.00	483.00	478.00	471.00	471.00	464.00	455.00	455.00	445.00	434.00	434.00	424.00	414.00																																																																																																																																																		141.00	141.00								0.00	0.00							
582.00	590.00	590.00	599.00	605.00	605.00	610.00	614.00	614.00	615.00	615.00	614.00	614.00	609.00	609.00	601.00	594.00	594.00	586.00	586.00	580.00	573.00	568.00	568.00	564.00	560.00	560.00	558.00	558.00	557.00	557.00	557.00	557.00	558.00	559.00	559.00	558.00	558.00	556.00	554.00	554.00	550.00	550.00	537.00	537.00	531.00	531.00	524.00	517.00	517.00	510.00	510.00												480.00	481.00	484.00	486.00	486.00	488.00	488.00	488.00	487.00	487.00	488.00	489.00	490.00	490.00	489.00	489.00	486.00	483.00	483.00	478.00	471.00	471.00	464.00	455.00	455.00	445.00	434.00	434.00	424.00	414.00																																																																																																																																																		141.00	141.00								0.00	0.00							
582.00	590.00	590.00	599.00	605.00	605.00	610.00	614.00	614.00	615.00	615.00	614.00	614.00	609.00	609.00	601.00	594.00	594.00	586.00	586.00	580.00	573.00	568.00	568.00	564.00	560.00	560.00	558.00	558.00	557.00	557.00	557.00	557.00	558.00	559.00	559.00	558.00	558.00	556.00	554.00	554.00	550.00	550.00	537.00	537.00	531.00	531.00	524.00	517.00	517.00	510.00	510.00												480.00	481.00	484.00	486.00	486.00	488.00	488.00	488.00	487.00	487.00	488.00	489.00	490.00	490.00	489.00	489.00	486.00	483.00	483.00	478.00	471.00	471.00	464.00	455.00	455.00	445.00	434.00	434.00	424.00	414.00																																																																																																																																																		141.00	141.00								0.00	0.00							
582.00	590.00	590.00	599.00	605.00	605.00	610.00	614.00	614.00	615.00	615.00	614.00	614.00	609.00	609.00	601.00	594.00	594.00	586.00	586.00	580.00	573.00	568.00	568.00	564.00	560.00	560.00	558.00	558.00	557.00	557.00	557.00	557.00	558.00	559.00	559.00	558.00	558.00	556.00	554.00	554.00	550.00	550.00	537.00	537.00	531.00	531.00	524.00	517.00	517.00	510.00	510.00												480.00	481.00	484.00	486.00	486.00	488.00	488.00	488.00	487.00	487.00	488.00	489.00	490.00	490.00	489.00	489.00	486.00	483.00	483.00	478.00	471.00	471.00	464.00	455.00	455.00	445.00	434.00	434.00	424.00	414.00																																																																																																																																																		141.00	141.00								0.00	0.00							
582.00	590.00	590.00	599.00	605.00	605.00	610.00	614.00	614.00	615.00	615.00	614.00	614.00	609.00	609.00	601.00	594.00	594.00	586.00	586.00	580.00	573.00	568.00	568.00	564.00	560.00	560.00	558.00	558.00	557.00	557.00	557.00	557.00	558.00	559.00	559.00	558.00	558.00	556.00	554.00	554.00	550.00	550.00	537.00	537.00	531.00	531.00	524.00	517.00	517.00	510.00	510.00												480.00	481.00	484.00	486.00	486.00	488.00	488.00	488.00	487.00	487.00	488.00	489.00	490.00	490.00	489.00	489.00	486.00	483.00	483.00	478.00	471.00	471.00	464.00	455.00	455.00	445.00	434.00	434.00	424.00	414.00																																																																																																																																																		141.00	141.00								0.00	0.00							
584.00	601.00	601.00	618.00	632.00	632.00	642.00	653.00	653.00	657.00	657.00	655.00	655.00	648.00	648.00	634.00	620.00	620.00	609.00	609.00	601.00	593.00	586.00	586.00	580.00	573.00	573.00	570.00	570.00	570.00	570.00	570.00	571.00	575.00	578.00	578.00	579.00	579.00			576.00	573.00		563.00	563.00	556.00	556.00	545.00	535.00	535.00	526.00	526.00	517.00							513.00	513.00	514.00	515.00	515.00	516.00	516.00	517.00	517.00	519.00	519.00	522.00	526.00	526.00	529.00	533.00	537.00	537.00	539.00	539.00	538.00	538.00	538.00	533.00	526.00	526.00	518.00	506.00	506.00	490.00	474.00	474.00	460.00	447.00	447.00	434.00																																																																																																																																																				147.00	147.00	143.00	0.00	0.00	0.00	0.00	0.00	0.00	0.00	0.00			
584.00	601.00	601.00	618.00	632.00	632.00	642.00	653.00	653.00	657.00	657.00	655.00	655.00	648.00	648.00	634.00	620.00	620.00	609.00	609.00	601.00	593.00	586.00	586.00	580.00	573.00	573.00	570.00	570.00	570.00	570.00	570.00	571.00	575.00	578.00	578.00	579.00	579.00			576.00	573.00		563.00	563.00	556.00	556.00	545.00	535.00	535.00	526.00	526.00	517.00							513.00	513.00	514.00	515.00	515.00	516.00	516.00	517.00	517.00	519.00	519.00	522.00	526.00	526.00	529.00	533.00	537.00	537.00	539.00	539.00	538.00	538.00	538.00	533.00	526.00	526.00	518.00	506.00	506.00	490.00	474.00	474.00	460.00	447.00	447.00	434.00																																																																																																																																																				147.00	147.00	143.00	0.00	0.00	0.00	0.00	0.00	0.00	0.00	0.00			
584.00	601.00	601.00	618.00	632.00	632.00	642.00	653.00	653.00	657.00	657.00	655.00	655.00	648.00	648.00	634.00	620.00	620.00	609.00	609.00	601.00	593.00	586.00	586.00	580.00	573.00	573.00	570.00	570.00	570.00	570.00	570.00	571.00	575.00	578.00	578.00	579.00	579.00			576.00	573.00		563.00	563.00	556.00	556.00	545.00	535.00	535.00	526.00	526.00	517.00							513.00	513.00	514.00	515.00	515.00	516.00	516.00	517.00	517.00	519.00	519.00	522.00	526.00	526.00	529.00	533.00	537.00	537.00	539.00	539.00	538.00	538.00	538.00	533.00	526.00	526.00	518.00	506.00	506.00	490.00	474.00	474.00	460.00	447.00	447.00	434.00																																																																																																																																																				147.00	147.00	143.00	0.00	0.00	0.00	0.00	0.00	0.00	0.00	0.00			
584.00	601.00	601.00	618.00	632.00	632.00	642.00	653.00	653.00	657.00	657.00	655.00	655.00	648.00	648.00	634.00	620.00	620.00	609.00	609.00	601.00	593.00	586.00	586.00	580.00	573.00	573.00	570.00	570.00	570.00	570.00	570.00	571.00	575.00	578.00	578.00	579.00	579.00			576.00	573.00		563.00	563.00	556.00	556.00	545.00	535.00	535.00	526.00	526.00	517.00							513.00	513.00	514.00	515.00	515.00	516.00	516.00	517.00	517.00	519.00	519.00	522.00	526.00	526.00	529.00	533.00	537.00	537.00	539.00	539.00	538.00	538.00	538.00	533.00	526.00	526.00	518.00	506.00	506.00	490.00	474.00	474.00	460.00	447.00	447.00	434.00																																																																																																																																																				147.00	147.00	143.00	0.00	0.00	0.00	0.00	0.00	0.00	0.00	0.00			
584.00	601.00	601.00	618.00	632.00	632.00	642.00	653.00	653.00	657.00	657.00	655.00	655.00	648.00	648.00	634.00	620.00	620.00	609.00	609.00	601.00	593.00	586.00	586.00	580.00	573.00	573.00	570.00	570.00	570.00	570.00	570.00	571.00	575.00	578.00									563.00	563.00	556.00	556.00	545.00	535.00	535.00	526.00	526.00	517.00	509.00	506.00	506.00	509.00	511.00	511.00	513.00	513.00	514.00	515.00	515.00	516.00	516.00	517.00	517.00	519.00	519.00	522.00	526.00	526.00	529.00	533.00	537.00	537.00	539.00	539.00	538.00	538.00	538.00	533.00	526.00	526.00	518.00	506.00	506.00	490.00	474.00	474.00	460.00	447.00	447.00	434.00																																																																																																																																							228.00	228.00	219.00									159.00	152.00	147.00	147.00	143.00	0.00	0.00	0.00	0.00	0.00	0.00	0.00	0.00	0.00		
584.00	601.00	601.00	618.00	632.00	632.00	642.00	653.00	653.00	657.00	657.00	655.00	655.00	648.00	648.00	634.00	620.00	620.00	609.00	609.00	601.00	593.00	586.00	586.00	580.00	573.00	573.00	570.00	570.00	570.00	570.00	570.00	571.00	575.00	578.00									563.00	563.00	556.00	556.00	545.00	535.00	535.00	526.00	526.00	517.00	509.00	506.00	506.00	509.00	511.00	511.00	513.00	513.00	514.00	515.00	515.00	516.00	516.00	517.00	517.00	519.00	519.00	522.00	526.00	526.00	529.00	533.00	537.00	537.00	539.00	539.00	538.00	538.00	538.00	533.00	526.00	526.00	518.00	506.00	506.00	490.00	474.00	474.00	460.00	447.00	447.00	434.00																																																																																																																																							228.00	228.00	219.00									159.00	152.00	147.00	147.00	143.00	0.00	0.00	0.00	0.00	0.00	0.00	0.00	0.00	0.00		
584.00	601.00	601.00	618.00	632.00	632.00	642.00	653.00	653.00	657.00	657.00	655.00	655.00	648.00	648.00	634.00	620.00	620.00	609.00	609.00	601.00	593.00	586.00	586.00	580.00	573.00	573.00	570.00	570.00	570.00	570.00	570.00	571.00	575.00	578.00									563.00	563.00	556.00	556.00	545.00	535.00	535.00	526.00	526.00	517.00	509.00	506.00	506.00	509.00	511.00	511.00	513.00	513.00	514.00	515.00	515.00	516.00	516.00	517.00	517.00	519.00	519.00	522.00	526.00	526.00	529.00	533.00	537.00	537.00	539.00	539.00	538.00	538.00	538.00	533.00	526.00	526.00	518.00	506.00	506.00	490.00	474.00	474.00	460.00	447.00	447.00	434.00																																																																																																																																							228.00	228.00	219.00									159.00	152.00	147.00	147.00	143.00	0.00	0.00	0.00	0.00	0.00	0.00	0.00	0.00	0.00		
562.00	581.00	581.00	601.00	618.00	618.00	633.00	648.00	648.00	656.00	656.00	659.00	659.00	655.00	655.00	646.00	637.00	637.00	627.00	627.00	615.00	604.00	593.00	593.00	584.00	575.00	575.00	570.00	570.00	568.00	567.00	567.00	568.00	571.00	574.00	574.00	576.00	576.00	579.00	582.00	582.00	582.00	582.00	578.00	578.00	573.00	573.00	567.00	561.00	561.00	554.00	554.00	547.00	539.00	536.00	536.00	535.00	535.00	535.00	536.00	536.00	540.00	544.00	544.00	548.00	552.00	556.00	556.00	560.00	560.00	562.00	564.00	564.00	566.00	568.00	570.00	570.00	570.00	570.00	570.00	570.00	570.00	567.00	563.00	563.00	558.00	548.00	548.00	531.00	515.00	515.00	497.00	476.00	476.00																																																																																																																																	295.00	295.00	286.00	286.00	276.00	268.00	268.00	260.00	260.00	252.00	243.00	233.00	233.00	223.00	215.00	215.00	209.00	209.00	204.00	198.00	0.00	0.00	0.00	0.00	0.00	0.00	0.00	0.00	0.00	0.00	0.00			
562.00	581.00	581.00	601.00	618.00	618.00	633.00	648.00	648.00	656.00	656.00	659.00	659.00	655.00	655.00	646.00	637.00	637.00	627.00	627.00	615.00	604.00	593.00	593.00	584.00	575.00	575.00	570.00	570.00	568.00	567.00	567.00	568.00	571.00	574.00	574.00	576.00	576.00	579.00	582.00	582.00	582.00	582.00	578.00	578.00	573.00	573.00	567.00	561.00	561.00	554.00	554.00	547.00	539.00	536.00	536.00	535.00	535.00	535.00	536.00	536.00	540.00	544.00	544.00	548.00	552.00	556.00	556.00	560.00	560.00	562.00	564.00	564.00	566.00	568.00	570.00	570.00	570.00	570.00	570.00	570.00	570.00	567.00	563.00	563.00	558.00	548.00	548.00	531.00	515.00	515.00	497.00	476.00	476.00																																																																																																																																	295.00	295.00	286.00	286.00	276.00	268.00	268.00	260.00	260.00	252.00	243.00	233.00	233.00	223.00	215.00	215.00	209.00	209.00	204.00	198.00	0.00	0.00	0.00	0.00	0.00	0.00	0.00	0.00	0.00	0.00	0.00			
562.00	581.00	581.00	601.00	618.00	618.00	633.00	648.00	648.00	656.00	656.00	659.00	659.00	655.00	655.00	646.00	637.00	637.00	627.00	627.00	615.00	604.00	593.00	593.00	584.00	575.00	575.00	570.00	570.00	568.00	567.00	567.00	568.00	571.00	574.00	574.00	576.00	576.00	579.00	582.00	582.00	582.00	582.00	578.00	578.00	573.00	573.00	567.00	561.00	561.00	554.00	554.00	547.00	539.00	536.00	536.00	535.00	535.00	535.00	536.00	536.00	540.00	544.00	544.00	548.00	552.00	556.00	556.00	560.00	560.00	562.00	564.00	564.00	566.00	568.00	570.00	570.00	570.00	570.00	570.00	570.00	570.00	567.00	563.00	563.00	558.00	548.00	548.00	531.00	515.00	515.00	497.00	476.00	476.00																																																																																																																																	295.00	295.00	286.00	286.00	276.00	268.00	268.00	260.00	260.00	252.00	243.00	233.00	233.00	223.00	215.00	215.00	209.00	209.00	204.00	198.00	0.00	0.00	0.00	0.00	0.00	0.00	0.00	0.00	0.00	0.00	0.00			
562.00	581.00	581.00	601.00	618.00	618.00	633.00	648.00	648.00	656.00	656.00	659.00	659.00	655.00	655.00	646.00	637.00	637.00	627.00	627.00	615.00	604.00	593.00	593.00	584.00	575.00	575.00	570.00	570.00	568.00	567.00	567.00	568.00	571.00	574.00	574.00	576.00	576.00	579.00	582.00	582.00	582.00	582.00	578.00	578.00	573.00	573.00	567.00	561.00	561.00	554.00	554.00	547.00	539.00	536.00	536.00	535.00	535.00	535.00	536.00	536.00	540.00	544.00	544.00	548.00	552.00	556.00	556.00	560.00	560.00	562.00	564.00	564.00	566.00	568.00	570.00	570.00	570.00	570.00	570.00	570.00	570.00	567.00	563.00	563.00	558.00	548.00	548.00	531.00	515.00	515.00	497.00	476.00	476.00																																																																																																																																	295.00	295.00	286.00	286.00	276.00	268.00	268.00	260.00	260.00	252.00	243.00	233.00	233.00	223.00	215.00	215.00	209.00	209.00	204.00	198.00	0.00	0.00	0.00	0.00	0.00	0.00	0.00	0.00	0.00	0.00	0.00			
	581.00	581.00	601.00	618.00	618.00	633.00	648.00	648.00	656.00	656.00	659.00	659.00	655.00	655.00	646.00	637.00	637.00	627.00	627.00	615.00	604.00	593.00	593.00	584.00	575.00	575.00	570.00	570.00	568.00	567.00	567.00	568.00	571.00	574.00	574.00	576.00	576.00	579.00	582.00	582.00	582.00	582.00	578.00	578.00	573.00	573.00	567.00	561.00	561.00	554.00	554.00	547.00	539.00	536.00	536.00	535.00	535.00	535.00	536.00	536.00	540.00	544.00	544.00	548.00	552.00	556.00	556.00	560.00	560.00	562.00	564.00	564.00	566.00	568.00	570.00	570.00	570.00	570.00	570.00	570.00	570.00	567.00	563.00	563.00	558.00	548.00	548.00	531.00	515.00	515.00	497.00	476.00																																																																																																																																	308.00	295.00	295.00	286.00	286.00	276.00	268.00	268.00	260.00	260.00	252.00	243.00	233.00	233.00	223.00	215.00	215.00	209.00	209.00	204.00	198.00	0.00	0.00	0.00	0.00	0.00	0.00	0.00	0.00	0.00	0.00	0.00	0.00		
	581.00	581.00	601.00	618.00	618.00	633.00	648.00	648.00	656.00	656.00	659.00	659.00	655.00	655.00	646.00	637.00	637.00	627.00	627.00	615.00	604.00	593.00	593.00	584.00	575.00	575.00	570.00	570.00	568.00	567.00	567.00	568.00	571.00	574.00	574.00	576.00	576.00	579.00	582.00	582.00	582.00	582.00	578.00	578.00	573.00	573.00	567.00	561.00	561.00	554.00	554.00	547.00	539.00	536.00	536.00	535.00	535.00	535.00	536.00	536.00	540.00	544.00	544.00	548.00	552.00	556.00	556.00	560.00	560.00	562.00	564.00	564.00	566.00	568.00	570.00	570.00	570.00	570.00	570.00	570.00	570.00	567.00	563.00	563.00	558.00	548.00	548.00	531.00	515.00	515.00	497.00	476.00																																																																																																																																	308.00	295.00	295.00	286.00	286.00	276.00	268.00	268.00	260.00	260.00	252.00	243.00	233.00	233.00	223.00	215.00	215.00	209.00	209.00	204.00	198.00	0.00	0.00	0.00	0.00	0.00	0.00	0.00	0.00	0.00	0.00	0.00	0.00		
	581.00	581.00	601.00	618.00	618.00	633.00	648.00	648.00	656.00	656.00	659.00	659.00	655.00	655.00	646.00	637.00	637.00	627.00	627.00	615.00	604.00	593.00	593.00	584.00	575.00	575.00	570.00	570.00	568.00	567.00	567.00	568.00	571.00	574.00	574.00	576.00	576.00	579.00	582.00	582.00	582.00	582.00	578.00	578.00	573.00	573.00	567.00	561.00	561.00	554.00	554.00	547.00	539.00	536.00	536.00	535.00	535.00	535.00	536.00	536.00	540.00	544.00	544.00	548.00	552.00	556.00	556.00	560.00	560.00	562.00	564.00	564.00	566.00	568.00	570.00	570.00	570.00	570.00	570.00	570.00	570.00	567.00	563.00	563.00	558.00	548.00	548.00	531.00	515.00	515.00	497.00	476.00																																																																																																																																	308.00	295.00	295.00	286.00	286.00	276.00	268.00	268.00	260.00	260.00	252.00	243.00	233.00	233.00	223.00	215.00	215.00	209.00	209.00	204.00	198.00	0.00	0.00	0.00	0.00	0.00	0.00	0.00	0.00	0.00	0.00	0.00	0.00		
	581.00	581.00	601.00	618.00	618.00	633.00	648.00	648.00	656.00	656.00	659.00	659.00	655.00	655.00	646.00	637.00	637.00	627.00	627.00	615.00	604.00	593.00	593.00	584.00	575.00	575.00	570.00	570.00	568.00	567.00	567.00	568.00	571.00	574.00	574.00	576.00	576.00	579.00	582.00	582.00	582.00	582.00	578.00	578.00	573.00	573.00	567.00	561.00	561.00	554.00	554.00	547.00	539.00	536.00	536.00	535.00	535.00	535.00	536.00	536.00	540.00	544.00	544.00	548.00	552.00	556.00	556.00	560.00	560.00	562.00	564.00	564.00	566.00	568.00	570.00	570.00	570.00	570.00	570.00	570.00	570.00	567.00	563.00	563.00	558.00	548.00	548.00	531.00	515.00	515.00	497.00	476.00																																																																																																																																	308.00	295.00	295.00	286.00	286.00	276.00	268.00	268.00	260.00	260.00	252.00	243.00	233.00	233.00	223.00	215.00	215.00	209.00	209.00	204.00	198.00	0.00	0.00	0.00	0.00	0.00	0.00	0.00	0.00	0.00	0.00	0.00	0.00		
						578.00	587.00	587.00	593.00	593.00	599.00	599.00	598.00	598.00	592.00	587.00	587.00	580.00	580.00	573.00	565.00	558.00	558.00	552.00	546.00	546.00	543.00	543.00	542.00	541.00	541.00	543.00	548.00	553.00	553.00	559.00	559.00	565.00	572.00	572.00	577.00	577.00	588.00	588.00	589.00	589.00	588.00	587.00	587.00	585.00	585.00	583.00	581.00	580.00	580.00	579.00	578.00	578.00	578.00	578.00	579.00	579.00	579.00	579.00	577.00	576.00	576.00	574.00	574.00	572.00	570.00	570.00	566.00	562.00	558.00	558.00	555.00	555.00	553.00	551.00	551.00	547.00	543.00	543.00	538.00	530.00	530.00	518.00	506.00	506.00	492.00	476.00	476.00	460.00	460.00	448.00	441.00																																																																																																																									347.00	347.00	345.00	345.00	337.00	337.00	327.00	327.00	317.00	308.00	308.00	300.00	300.00	293.00	287.00	283.00	283.00	280.00	276.00	276.00	274.00	274.00	271.00	267.00	262.00	262.00	0.00	0.00	0.00	0.00	0.00	0.00	0.00	0.00	0.00	0.00	0.00	0.00
						578.00	587.00	587.00	593.00	593.00	599.00	599.00	598.00	598.00	592.00	587.00	587.00	580.00	580.00	573.00	565.00	558.00	558.00	552.00	546.00	546.00	543.00	543.00	542.00	541.00	541.00	543.00	548.00	553.00	553.00	559.00	559.00	565.00	572.00	572.00	577.00	577.00	588.00	588.00	589.00	589.00	588.00	587.00	587.00	585.00	585.00	583.00	581.00	580.00	580.00	579.00	578.00	578.00	578.00	578.00	579.00	579.00	579.00	579.00	577.00	576.00	576.00	574.00	574.00	572.00	570.00	570.00	566.00	562.00	558.00	558.00	555.00	555.00	553.00	551.00	551.00	547.00	543.00	543.00	538.00	530.00	530.00	518.00	506.00	506.00	492.00	476.00	476.00	460.00	460.00	448.00	441.00																																																																																																																									347.00	347.00	345.00	345.00	337.00	337.00	327.00	327.00	317.00	308.00	308.00	300.00	300.00	293.00	287.00	283.00	283.00	280.00	276.00	276.00	274.00	274.00	271.00	267.00	262.00	262.00	0.00	0.00	0.00	0.00	0.00	0.00	0.00	0.00	0.00	0.00	0.00	0.00
						578.00	587.00	587.00	593.00	593.00	599.00	599.00	598.00	598.00	592.00	587.00	587.00	580.00	580.00	573.00	565.00	558.00	558.00	552.00	546.00	546.00	543.00	543.00	542.00	541.00	541.00	543.00	548.00	553.00	553.00	559.00	559.00	565.00	572.00	572.00	577.00	577.00	588.00	588.00	589.00	589.00	588.00	587.00	587.00	585.00	585.00	583.00	581.00	580.00	580.00	579.00	578.00	578.00	578.00	578.00	579.00	579.00	579.00	579.00	577.00	576.00	576.00	574.00	574.00	572.00	570.00	570.00	566.00	562.00	558.00	558.00	555.00	555.00	553.00	551.00	551.00	547.00	543.00	543.00	538.00	530.00	530.00	518.00	506.00	506.00	492.00	476.00	476.00	460.00	460.00	448.00	441.00																																																																																																																									347.00	347.00	345.00	345.00	337.00	337.00	327.00	327.00	317.00	308.00	308.00	300.00	300.00	293.00	287.00	283.00	283.00	280.00	276.00	276.00	274.00	274.00	271.00	267.00	262.00	262.00	0.00	0.00	0.00	0.00	0.00	0.00	0.00	0.00	0.00	0.00	0.00	0.00
					569.00	578.00	587.00	587.00	593.00	593.00	599.00	599.00	598.00	598.00	592.00	587.00	587.00	580.00	580.00	573.00	565.00	558.00	558.00							541.00	541.00	543.00	548.00	553.00	553.00	559.00	559.00	565.00	572.00	572.00	577.00	577.00	588.00	588.00	589.00	589.00	588.00	587.00	587.00	585.00	585.00	583.00	581.00	580.00	580.00	579.00	578.00	578.00	578.00	578.00	579.00	579.00	579.00	579.00	577.00	576.00	576.00	574.00	574.00	572.00	570.00	570.00	566.00	562.00	558.00	558.00	555.00	555.00	553.00	551.00	551.00	547.00	543.00	543.00	538.00	530.00	530.00	518.00	506.00	506.00	492.00	476.00	476.00	460.00	460.00	448.00	441.00	434.00	434.00																																																																																																															351.00	352.00	353.00	352.00	352.00	351.00	351.00	349.00	347.00	347.00	345.00	345.00	337.00	337.00	327.00	327.00	317.00	308.00	308.00	300.00	300.00	293.00	287.00	283.00	283.00	280.00	276.00	276.00	274.00	274.00	271.00	267.00	262.00	262.00	0.00	0.00	0.00	0.00	0.00	0.00	0.00	0.00	0.00	0.00	0.00	0.00
					569.00	578.00	587.00	587.00	593.00	593.00	599.00	599.00	598.00	598.00	592.00	587.00	587.00	580.00	580.00	573.00	565.00	558.00	558.00							541.00	541.00	543.00	548.00	553.00	553.00	559.00	559.00	565.00	572.00	572.00	577.00	577.00	588.00	588.00	589.00	589.00	588.00	587.00	587.00	585.00	585.00	583.00	581.00	580.00	580.00	579.00	578.00	578.00	578.00	578.00	579.00	579.00	579.00	579.00	577.00	576.00	576.00	574.00	574.00	572.00	570.00	570.00	566.00	562.00	558.00	558.00	555.00	555.00	553.00	551.00	551.00	547.00	543.00	543.00	538.00	530.00	530.00	518.00	506.00	506.00	492.00	476.00	476.00	460.00	460.00	448.00	441.00	434.00	434.00																																																																																																															351.00	352.00	353.00	352.00	352.00	351.00	351.00	349.00	347.00	347.00	345.00	345.00	337.00	337.00	327.00	327.00	317.00	308.00	308.00	300.00	300.00	293.00	287.00	283.00	283.00	280.00	276.00	276.00	274.00	274.00	271.00	267.00	262.00	262.00	0.00	0.00	0.00	0.00	0.00	0.00	0.00	0.00	0.00	0.00	0.00	0.00
					569.00	578.00	587.00	587.00	593.00	593.00	599.00	599.00	598.00	598.00	592.00	587.00	587.00	580.00	580.00	573.00	565.00	558.00	558.00							541.00	541.00	543.00	548.00	553.00	553.00	559.00	559.00	565.00	572.00	572.00	577.00	577.00	588.00	588.00	589.00	589.00	588.00	587.00	587.00	585.00	585.00	583.00	581.00	580.00	580.00	579.00	578.00	578.00	578.00	578.00	579.00	579.00	579.00	579.00	577.00	576.00	576.00	574.00	574.00	572.00	570.00	570.00	566.00	562.00	558.00	558.00	555.00	555.00	553.00	551.00	551.00	547.00	543.00	543.00	538.00	530.00	530.00	518.00	506.00	506.00	492.00	476.00	476.00	460.00	460.00	448.00	441.00	434.00	434.00																																																																																																															351.00	352.00	353.00	352.00	352.00	351.00	351.00	349.00	347.00	347.00	345.00	345.00	337.00	337.00	327.00	327.00	317.00	308.00	308.00	300.00	300.00	293.00	287.00	283.00	283.00	280.00	276.00	276.00	274.00	274.00	271.00	267.00	262.00	262.00	0.00	0.00	0.00	0.00	0.00	0.00	0.00	0.00	0.00	0.00	0.00	0.00
					569.00	578.00	587.00	587.00	593.00	593.00	599.00	599.00	598.00	598.00	592.00	587.00	587.00	580.00	580.00	573.00	565.00	558.00	558.00							541.00	541.00	543.00	548.00	553.00	553.00	559.00	559.00	565.00	572.00	572.00	577.00	577.00	588.00	588.00	589.00	589.00	588.00	587.00	587.00	585.00	585.00	583.00	581.00	580.00	580.00	579.00	578.00	578.00	578.00	578.00	579.00	579.00	579.00	579.00	577.00	576.00	576.00	574.00	574.00	572.00	570.00	570.00	566.00	562.00	558.00	558.00	555.00	555.00	553.00	551.00	551.00	547.00	543.00	543.00	538.00	530.00	530.00	518.00	506.00	506.00	492.00	476.00	476.00	460.00	460.00	448.00	441.00	434.00	434.00																																																																																																															351.00	352.00	353.00	352.00	352.00	351.00	351.00	349.00	347.00	347.00	345.00	345.00	337.00	337.00	327.00	327.00	317.00	308.00	308.00	300.00	300.00	293.00	287.00	283.00	283.00	280.00	276.00	276.00	274.00	274.00	271.00	267.00	262.00	262.00	0.00	0.00	0.00	0.00	0.00	0.00	0.00	0.00	0.00	0.00	0.00	0.00
												550.00	549.00																								537.00	546.00	555.00	555.00	564.00	564.00	581.00	581.00	587.00	587.00	592.00	596.00	596.00	600.00	600.00	604.00	608.00	610.00	610.00	611.00	612.00	612.00	611.00	611.00	610.00	608.00	608.00	604.00	598.00	592.00	592.00	584.00	584.00	574.00	565.00	565.00	554.00	542.00	529.00	529.00	520.00	520.00	513.00	506.00	506.00	500.00	496.00	496.00	491.00	486.00	486.00	481.00	476.00	476.00	470.00	463.00	463.00	456.00	456.00	452.00	450.00	447.00	447.00																																																																																																													366.00	372.00	372.00	379.00	387.00	391.00	391.00	391.00	391.00	391.00	389.00	389.00	385.00	385.00	374.00	374.00	364.00	364.00	354.00	346.00	346.00	341.00	341.00	337.00	336.00	339.00	339.00	342.00	343.00	343.00	343.00	343.00	344.00	342.00	0.00	0.00	0.00	0.00	0.00	0.00	0.00	0.00	0.00	0.00	0.00	0.00	0.00	0.00
												550.00	549.00																								537.00	546.00	555.00	555.00	564.00	564.00	581.00	581.00	587.00	587.00	592.00	596.00	596.00	600.00	600.00	604.00	608.00	610.00	610.00	611.00	612.00	612.00	611.00	611.00	610.00	608.00	608.00	604.00	598.00	592.00	592.00	584.00	584.00	574.00	565.00	565.00	554.00	542.00	529.00	529.00	520.00	520.00	513.00	506.00	506.00	500.00	496.00	496.00	491.00	486.00	486.00	481.00	476.00	476.00	470.00	463.00	463.00	456.00	456.00	452.00	450.00	447.00	447.00																																																																																																													366.00	372.00	372.00	379.00	387.00	391.00	391.00	391.00	391.00	391.00	389.00	389.00	385.00	385.00	374.00	374.00	364.00	364.00	354.00	346.00	346.00	341.00	341.00	337.00	336.00	339.00	339.00	342.00	343.00	343.00	343.00	343.00	344.00	342.00	0.00	0.00	0.00	0.00	0.00	0.00	0.00	0.00	0.00	0.00	0.00	0.00	0.00	0.00
												550.00	549.00																								537.00	546.00	555.00	555.00	564.00	564.00	581.00	581.00	587.00	587.00	592.00	596.00	596.00	600.00	600.00	604.00	608.00	610.00	610.00	611.00	612.00	612.00	611.00	611.00	610.00	608.00	608.00	604.00	598.00	592.00	592.00	584.00	584.00	574.00	565.00	565.00	554.00	542.00	529.00	529.00	520.00	520.00	513.00	506.00	506.00	500.00	496.00	496.00	491.00	486.00	486.00	481.00	476.00	476.00	470.00	463.00	463.00	456.00	456.00	452.00	450.00	447.00	447.00																																																																																																													366.00	372.00	372.00	379.00	387.00	391.00	391.00	391.00	391.00	391.00	389.00	389.00	385.00	385.00	374.00	374.00	364.00	364.00	354.00	346.00	346.00	341.00	341.00	337.00	336.00	339.00	339.00	342.00	343.00	343.00	343.00	343.00	344.00	342.00	0.00	0.00	0.00	0.00	0.00	0.00	0.00	0.00	0.00	0.00	0.00	0.00	0.00	0.00
												550.00	549.00																								537.00	546.00	555.00	555.00	564.00	564.00	581.00	581.00	587.00	587.00	592.00	596.00	596.00	600.00	600.00	604.00	608.00	610.00	610.00	611.00	612.00	612.00	611.00	611.00	610.00	608.00	608.00	604.00	598.00	592.00	592.00	584.00	584.00	574.00	565.00	565.00	554.00	542.00	529.00	529.00	520.00	520.00	513.00	506.00	506.00	500.00	496.00	496.00	491.00	486.00	486.00	481.00	476.00	476.00	470.00	463.00	463.00	456.00	456.00	452.00	450.00	447.00	447.00																																																																																																													366.00	372.00	372.00	379.00	387.00	391.00	391.00	391.00	391.00	391.00	389.00	389.00	385.00	385.00	374.00	374.00	364.00	364.00	354.00	346.00	346.00	341.00	341.00	337.00	336.00	339.00	339.00	342.00	343.00	343.00	343.00	343.00	344.00	342.00	0.00	0.00	0.00	0.00	0.00	0.00	0.00	0.00	0.00	0.00	0.00	0.00	0.00	0.00
																																						546.00	555.00	555.00	564.00	564.00	581.00	581.00	587.00	587.00	592.00	596.00	596.00	600.00	600.00	604.00	608.00	610.00	610.00	611.00	612.00	612.00	611.00	611.00	610.00	608.00	608.00	604.00	598.00	592.00	592.00	584.00	584.00	574.00	565.00	565.00	554.00	542.00	529.00	529.00	520.00	520.00	513.00	506.00	506.00	500.00	496.00	496.00	491.00	486.00	486.00	481.00	476.00	476.00	470.00	463.00	463.00	456.00	456.00	452.00	450.00	447.00																																																																																																									356.00	359.00	359.00	362.00	362.00	366.00	372.00	372.00	379.00	387.00	391.00	391.00	391.00	391.00	391.00	389.00	389.00	385.00	385.00	374.00	374.00	364.00	364.00	354.00	346.00	346.00	341.00	341.00	337.00	336.00	339.00	339.00	342.00	343.00	343.00	343.00	343.00	344.00	342.00	0.00	0.00	0.00	0.00	0.00	0.00	0.00	0.00	0.00	0.00	0.00	0.00	0.00	0.00
																																						546.00	555.00	555.00	564.00	564.00	581.00	581.00	587.00	587.00	592.00	596.00	596.00	600.00	600.00	604.00	608.00	610.00	610.00	611.00	612.00	612.00	611.00	611.00	610.00	608.00	608.00	604.00	598.00	592.00	592.00	584.00	584.00	574.00	565.00	565.00	554.00	542.00	529.00	529.00	520.00	520.00	513.00	506.00	506.00	500.00	496.00	496.00	491.00	486.00	486.00	481.00	476.00	476.00	470.00	463.00	463.00	456.00	456.00	452.00	450.00	447.00																																																																																																									356.00	359.00	359.00	362.00	362.00	366.00	372.00	372.00	379.00	387.00	391.00	391.00	391.00	391.00	391.00	389.00	389.00	385.00	385.00	374.00	374.00	364.00	364.00	354.00	346.00	346.00	341.00	341.00	337.00	336.00	339.00	339.00	342.00	343.00	343.00	343.00	343.00	344.00	342.00	0.00	0.00	0.00	0.00	0.00	0.00	0.00	0.00	0.00	0.00	0.00	0.00	0.00	0.00
																																						546.00	555.00	555.00	564.00	564.00	581.00	581.00	587.00	587.00	592.00	596.00	596.00	600.00	600.00	604.00	608.00	610.00	610.00	611.00	612.00	612.00	611.00	611.00	610.00	608.00	608.00	604.00	598.00	592.00	592.00	584.00	584.00	574.00	565.00	565.00	554.00	542.00	529.00	529.00	520.00	520.00	513.00	506.00	506.00	500.00	496.00	496.00	491.00	486.00	486.00	481.00	476.00	476.00	470.00	463.00	463.00	456.00	456.00	452.00	450.00	447.00																																																																																																									356.00	359.00	359.00	362.00	362.00	366.00	372.00	372.00	379.00	387.00	391.00	391.00	391.00	391.00	391.00	389.00	389.00	385.00	385.00	374.00	374.00	364.00	364.00	354.00	346.00	346.00	341.00	341.00	337.00	336.00	339.00	339.00	342.00	343.00	343.00	343.00	343.00	344.00	342.00	0.00	0.00	0.00	0.00	0.00	0.00	0.00	0.00	0.00	0.00	0.00	0.00	0.00	0.00
																																								534.00	543.00	543.00	559.00	559.00	567.00	567.00	575.00	583.00	583.00	590.00	590.00	597.00	604.00	610.00	610.00	614.00	619.00	619.00	620.00	620.00	619.00	617.00	617.00	612.00	604.00	596.00	596.00	584.00	584.00	570.00	556.00	556.00	540.00	522.00	504.00	504.00	490.00	490.00	479.00	467.00	467.00	460.00	455.00	455.00	451.00	450.00	450.00	451.00	453.00	453.00	454.00	457.00	457.00	459.00	459.00	461.00	462.00																																																																																																							349.00	351.00	351.00	354.00	358.00	358.00	362.00	362.00	366.00	374.00	374.00	387.00	400.00	407.00	407.00	409.00	409.00	411.00	409.00	409.00	404.00	404.00	392.00	392.00	383.00	383.00	374.00	369.00	369.00	368.00	368.00	368.00	371.00	378.00	378.00	385.00	0.00	0.00	0.00	0.00	0.00	0.00	0.00	0.00	0.00	0.00	0.00	0.00	0.00	0.00	0.00	0.00	0.00	0.00	0.00	0.00
																																								534.00	543.00	543.00	559.00	559.00	567.00	567.00	575.00	583.00	583.00	590.00	590.00	597.00	604.00	610.00	610.00	614.00	619.00	619.00	620.00	620.00	619.00	617.00	617.00	612.00	604.00	596.00	596.00	584.00	584.00	570.00	556.00	556.00	540.00	522.00	504.00	504.00	490.00	490.00	479.00	467.00	467.00	460.00	455.00	455.00	451.00	450.00	450.00	451.00	453.00	453.00	454.00	457.00	457.00	459.00	459.00	461.00	462.00																																																																																																							349.00	351.00	351.00	354.00	358.00	358.00	362.00	362.00	366.00	374.00	374.00	387.00	400.00	407.00	407.00	409.00	409.00	411.00	409.00	409.00	404.00	404.00	392.00	392.00	383.00	383.00	374.00	369.00	369.00	368.00	368.00	368.00	371.00	378.00	378.00	385.00	0.00	0.00	0.00	0.00	0.00	0.00	0.00	0.00	0.00	0.00	0.00	0.00	0.00	0.00	0.00	0.00	0.00	0.00	0.00	0.00
																																								534.00	543.00	543.00	559.00	559.00	567.00	567.00	575.00	583.00	583.00	590.00	590.00	597.00	604.00	610.00	610.00	614.00	619.00	619.00	620.00	620.00	619.00	617.00	617.00	612.00	604.00	596.00	596.00	584.00	584.00	570.00	556.00	556.00	540.00	522.00	504.00	504.00	490.00	490.00	479.00	467.00	467.00	460.00	455.00	455.00	451.00	450.00	450.00	451.00	453.00	453.00	454.00	457.00	457.00	459.00	459.00	461.00	462.00																																																																																																							349.00	351.00	351.00	354.00	358.00	358.00	362.00	362.00	366.00	374.00	374.00	387.00	400.00	407.00	407.00	409.00	409.00	411.00	409.00	409.00	404.00	404.00	392.00	392.00	383.00	383.00	374.00	369.00	369.00	368.00	368.00	368.00	371.00	378.00	378.00	385.00	0.00	0.00	0.00	0.00	0.00	0.00	0.00	0.00	0.00	0.00	0.00	0.00	0.00	0.00	0.00	0.00	0.00	0.00	0.00	0.00
																																								534.00	543.00	543.00	559.00	559.00	567.00	567.00	575.00	583.00	583.00	590.00	590.00	597.00	604.00	610.00	610.00	614.00	619.00	619.00	620.00	620.00	619.00	617.00	617.00	612.00	604.00	596.00	596.00	584.00	584.00	570.00	556.00	556.00	540.00	522.00	504.00	504.00	490.00	490.00	479.00	467.00	467.00	460.00	455.00	455.00	451.00	450.00	450.00	451.00	453.00	453.00	454.00	457.00	457.00	459.00	459.00	461.00	462.00																																																																																																							349.00	351.00	351.00	354.00	358.00	358.00	362.00	362.00	366.00	374.00	374.00	387.00	400.00	407.00	407.00	409.00	409.00	411.00	409.00	409.00	404.00	404.00	392.00	392.00	383.00	383.00	374.00	369.00	369.00	368.00	368.00	368.00	371.00	378.00	378.00	385.00	0.00	0.00	0.00	0.00	0.00	0.00	0.00	0.00	0.00	0.00	0.00	0.00	0.00	0.00	0.00	0.00	0.00	0.00	0.00	0.00
																																													567.00	567.00	575.00	583.00	583.00	590.00	590.00	597.00	604.00	610.00	610.00	614.00	619.00	619.00	620.00	620.00	619.00	617.00	617.00	612.00	604.00	596.00	596.00	584.00	584.00	570.00	556.00	556.00	540.00	522.00	504.00	504.00	490.00	490.00	479.00	467.00	467.00	460.00	455.00	455.00	451.00	450.00	450.00	451.00	453.00	453.00	454.00	457.00	457.00	459.00	459.00																																																																																																					345.00	346.00	346.00	347.00	349.00	351.00	351.00	354.00	358.00	358.00	362.00	362.00	366.00	374.00	374.00	387.00	400.00	407.00	407.00	409.00	409.00	411.00	409.00	409.00	404.00	404.00	392.00	392.00	383.00	383.00	374.00	369.00	369.00	368.00	368.00	368.00	371.00	378.00	378.00	385.00	0.00	0.00	0.00	0.00	0.00	0.00	0.00	0.00	0.00	0.00	0.00	0.00	0.00	0.00	0.00	0.00	0.00	0.00	0.00	0.00
																																													567.00	567.00	575.00	583.00	583.00	590.00	590.00	597.00	604.00	610.00	610.00	614.00	619.00	619.00	620.00	620.00	619.00	617.00	617.00	612.00	604.00	596.00	596.00	584.00	584.00	570.00	556.00	556.00	540.00	522.00	504.00	504.00	490.00	490.00	479.00	467.00	467.00	460.00	455.00	455.00	451.00	450.00	450.00	451.00	453.00	453.00	454.00	457.00	457.00	459.00	459.00																																																																																																					345.00	346.00	346.00	347.00	349.00	351.00	351.00	354.00	358.00	358.00	362.00	362.00	366.00	374.00	374.00	387.00	400.00	407.00	407.00	409.00	409.00	411.00	409.00	409.00	404.00	404.00	392.00	392.00	383.00	383.00	374.00	369.00	369.00	368.00	368.00	368.00	371.00	378.00	378.00	385.00	0.00	0.00	0.00	0.00	0.00	0.00	0.00	0.00	0.00	0.00	0.00	0.00	0.00	0.00	0.00	0.00	0.00	0.00	0.00	0.00
																																													567.00	567.00	575.00	583.00	583.00	590.00	590.00	597.00	604.00	610.00	610.00	614.00	619.00	619.00	620.00	620.00	619.00	617.00	617.00	612.00	604.00	596.00	596.00	584.00	584.00	570.00	556.00	556.00	540.00	522.00	504.00	504.00	490.00	490.00	479.00	467.00	467.00	460.00	455.00	455.00	451.00	450.00	450.00	451.00	453.00	453.00	454.00	457.00	457.00	459.00	459.00																																																																																																					345.00	346.00	346.00	347.00	349.00	351.00	351.00	354.00	358.00	358.00	362.00	362.00	366.00	374.00	374.00	387.00	400.00	407.00	407.00	409.00	409.00	411.00	409.00	409.00	404.00	404.00	392.00	392.00	383.00	383.00	374.00	369.00	369.00	368.00	368.00	368.00	371.00	378.00	378.00	385.00	0.00	0.00	0.00	0.00	0.00	0.00	0.00	0.00	0.00	0.00	0.00	0.00	0.00	0.00	0.00	0.00	0.00	0.00	0.00	0.00
																																															550.00	556.00	556.00	563.00	563.00	570.00	576.00	583.00	583.00	590.00	597.00	597.00	600.00	600.00	600.00	600.00	600.00	596.00	589.00	581.00	581.00	571.00	571.00	557.00	542.00	542.00	527.00	509.00	492.00	492.00	477.00	477.00	465.00	453.00	453.00	446.00	443.00	443.00		441.00	441.00	446.00	452.00	452.00	457.00																																																																																						378.00	378.00	371.00	364.00	364.00	358.00	352.00	352.00	347.00	343.00	343.00	340.00		337.00	335.00	334.00	334.00	332.00	332.00	332.00	332.00	332.00	332.00	334.00	335.00	335.00	337.00	340.00	340.00	342.00	342.00	345.00	352.00	352.00	364.00	375.00	382.00	382.00	385.00	385.00	387.00	388.00	388.00	386.00	386.00	380.00	380.00	376.00	376.00	371.00	370.00	370.00	373.00	373.00	376.00	382.00	390.00	390.00	399.00	0.00	0.00	0.00	0.00	0.00	0.00	0.00	0.00	0.00	0.00	0.00	0.00	0.00	0.00	0.00	0.00	0.00	0.00	0.00	0.00
																																															550.00	556.00	556.00	563.00	563.00	570.00	576.00	583.00	583.00	590.00	597.00	597.00	600.00	600.00	600.00	600.00	600.00	596.00	589.00	581.00	581.00	571.00	571.00	557.00	542.00	542.00	527.00	509.00	492.00	492.00	477.00	477.00	465.00	453.00	453.00	446.00	443.00	443.00		441.00	441.00	446.00	452.00	452.00	457.00																																																																																						378.00	378.00	371.00	364.00	364.00	358.00	352.00	352.00	347.00	343.00	343.00	340.00		337.00	335.00	334.00	334.00	332.00	332.00	332.00	332.00	332.00	332.00	334.00	335.00	335.00	337.00	340.00	340.00	342.00	342.00	345.00	352.00	352.00	364.00	375.00	382.00	382.00	385.00	385.00	387.00	388.00	388.00	386.00	386.00	380.00	380.00	376.00	376.00	371.00	370.00	370.00	373.00	373.00	376.00	382.00	390.00	390.00	399.00	0.00	0.00	0.00	0.00	0.00	0.00	0.00	0.00	0.00	0.00	0.00	0.00	0.00	0.00	0.00	0.00	0.00	0.00	0.00	0.00
																																															550.00	556.00	556.00	563.00	563.00	570.00	576.00	583.00	583.00	590.00	597.00	597.00	600.00	600.00	600.00	600.00	600.00	596.00	589.00	581.00	581.00	571.00	571.00	557.00	542.00	542.00	527.00	509.00	492.00	492.00	477.00	477.00	465.00	453.00	453.00	446.00	443.00	443.00		441.00	441.00	446.00	452.00	452.00	457.00																																																																																						378.00	378.00	371.00	364.00	364.00	358.00	352.00	352.00	347.00	343.00	343.00	340.00		337.00	335.00	334.00	334.00	332.00	332.00	332.00	332.00	332.00	332.00	334.00	335.00	335.00	337.00	340.00	340.00	342.00	342.00	345.00	352.00	352.00	364.00	375.00	382.00	382.00	385.00	385.00	387.00	388.00	388.00	386.00	386.00	380.00	380.00	376.00	376.00	371.00	370.00	370.00	373.00	373.00	376.00	382.00	390.00	390.00	399.00	0.00	0.00	0.00	0.00	0.00	0.00	0.00	0.00	0.00	0.00	0.00	0.00	0.00	0.00	0.00	0.00	0.00	0.00	0.00	0.00
																																															550.00	556.00	556.00	563.00	563.00	570.00	576.00	583.00	583.00	590.00	597.00	597.00	600.00	600.00	600.00	600.00	600.00	596.00	589.00	581.00	581.00	571.00	571.00	557.00	542.00	542.00	527.00	509.00	492.00	492.00	477.00	477.00	465.00	453.00	453.00	446.00	443.00	443.00		441.00	441.00	446.00	452.00	452.00	457.00																																																																																						378.00	378.00	371.00	364.00	364.00	358.00	352.00	352.00	347.00	343.00	343.00	340.00		337.00	335.00	334.00	334.00	332.00	332.00	332.00	332.00	332.00	332.00	334.00	335.00	335.00	337.00	340.00	340.00	342.00	342.00	345.00	352.00	352.00	364.00	375.00	382.00	382.00	385.00	385.00	387.00	388.00	388.00	386.00	386.00	380.00	380.00	376.00	376.00	371.00	370.00	370.00	373.00	373.00	376.00	382.00	390.00	390.00	399.00	0.00	0.00	0.00	0.00	0.00	0.00	0.00	0.00	0.00	0.00	0.00	0.00	0.00	0.00	0.00	0.00	0.00	0.00	0.00	0.00
																																															550.00	556.00	556.00	563.00	563.00	570.00	576.00	583.00	583.00	590.00	597.00	597.00	600.00	600.00	600.00	600.00	600.00	596.00	589.00	581.00	581.00	571.00	571.00	557.00	542.00	542.00	527.00	509.00	492.00	492.00	477.00	477.00	465.00	453.00	453.00	446.00	443.00	443.00		441.00	441.00	446.00	452.00	452.00	457.00																																																																																						378.00	378.00	371.00	364.00	364.00	358.00	352.00	352.00	347.00	343.00	343.00	340.00		337.00	335.00	334.00	334.00	332.00	332.00	332.00	332.00	332.00	332.00	334.00	335.00	335.00	337.00	340.00	340.00	342.00	342.00	345.00	352.00	352.00	364.00	375.00	382.00	382.00	385.00	385.00	387.00	388.00	388.00	386.00	386.00	380.00	380.00	376.00	376.00	371.00	370.00	370.00	373.00	373.00	376.00	382.00	390.00	390.00	399.00	0.00	0.00	0.00	0.00	0.00	0.00	0.00	0.00	0.00	0.00	0.00	0.00	0.00	0.00	0.00	0.00	0.00	0.00	0.00	0.00
																																														543.00	550.00	556.00	556.00	563.00	563.00	570.00	576.00	583.00	583.00	590.00	597.00	597.00	600.00	600.00	600.00	600.00	600.00	596.00	589.00	581.00	581.00	571.00	571.00	557.00	542.00	542.00	527.00	509.00	492.00	492.00	477.00	477.00	465.00	453.00	453.00																																																																																																378.00	378.00	371.00	364.00	364.00	358.00	352.00	352.00	347.00	343.00	343.00	340.00	340.00	337.00	335.00	334.00	334.00	332.00	332.00	332.00	332.00	332.00	332.00	334.00	335.00	335.00	337.00	340.00	340.00	342.00	342.00	345.00	352.00	352.00	364.00	375.00	382.00	382.00	385.00	385.00	387.00	388.00	388.00	386.00	386.00	380.00	380.00	376.00	376.00	371.00	370.00	370.00	373.00	373.00	376.00	382.00	390.00	390.00	399.00	0.00	0.00	0.00	0.00	0.00	0.00	0.00	0.00	0.00	0.00	0.00	0.00	0.00	0.00	0.00	0.00	0.00	0.00	0.00	0.00
																																														543.00	550.00	556.00	556.00	563.00	563.00	570.00	576.00	583.00	583.00	590.00	597.00	597.00	600.00	600.00	600.00	600.00	600.00	596.00	589.00	581.00	581.00	571.00	571.00	557.00	542.00	542.00	527.00	509.00	492.00	492.00	477.00	477.00	465.00	453.00	453.00																																																																																																378.00	378.00	371.00	364.00	364.00	358.00	352.00	352.00	347.00	343.00	343.00	340.00	340.00	337.00	335.00	334.00	334.00	332.00	332.00	332.00	332.00	332.00	332.00	334.00	335.00	335.00	337.00	340.00	340.00	342.00	342.00	345.00	352.00	352.00	364.00	375.00	382.00	382.00	385.00	385.00	387.00	388.00	388.00	386.00	386.00	380.00	380.00	376.00	376.00	371.00	370.00	370.00	373.00	373.00	376.00	382.00	390.00	390.00	399.00	0.00	0.00	0.00	0.00	0.00	0.00	0.00	0.00	0.00	0.00	0.00	0.00	0.00	0.00	0.00	0.00	0.00	0.00	0.00	0.00
																																														543.00	550.00	556.00	556.00	563.00	563.00	570.00	576.00	583.00	583.00	590.00	597.00	597.00	600.00	600.00	600.00	600.00	600.00	596.00	589.00	581.00	581.00	571.00	571.00	557.00	542.00	542.00	527.00	509.00	492.00	492.00	477.00	477.00	465.00	453.00	453.00																																																																																																378.00	378.00	371.00	364.00	364.00	358.00	352.00	352.00	347.00	343.00	343.00	340.00	340.00	337.00	335.00	334.00	334.00	332.00	332.00	332.00	332.00	332.00	332.00	334.00	335.00	335.00	337.00	340.00	340.00	342.00	342.00	345.00	352.00	352.00	364.00	375.00	382.00	382.00	385.00	385.00	387.00	388.00	388.00	386.00	386.00	380.00	380.00	376.00	376.00	371.00	370.00	370.00	373.00	373.00	376.00	382.00	390.00	390.00	399.00	0.00	0.00	0.00	0.00	0.00	0.00	0.00	0.00	0.00	0.00	0.00	0.00	0.00	0.00	0.00	0.00	0.00	0.00	0.00	0.00
																																														543.00	550.00	556.00	556.00	563.00	563.00	570.00	576.00	583.00	583.00	590.00	597.00	597.00	600.00	600.00	600.00	600.00	600.00	596.00	589.00	581.00	581.00	571.00	571.00	557.00	542.00	542.00	527.00	509.00	492.00	492.00	477.00	477.00	465.00	453.00	453.00																																																																																																378.00	378.00	371.00	364.00	364.00	358.00	352.00	352.00	347.00	343.00	343.00	340.00	340.00	337.00	335.00	334.00	334.00	332.00	332.00	332.00	332.00	332.00	332.00	334.00	335.00	335.00	337.00	340.00	340.00	342.00	342.00	345.00	352.00	352.00	364.00	375.00	382.00	382.00	385.00	385.00	387.00	388.00	388.00	386.00	386.00	380.00	380.00	376.00	376.00	371.00	370.00	370.00	373.00	373.00	376.00	382.00	390.00	390.00	399.00	0.00	0.00	0.00	0.00	0.00	0.00	0.00	0.00	0.00	0.00	0.00	0.00	0.00	0.00	0.00	0.00	0.00	0.00	0.00	0.00
																															531.00	533.00	534.00	535.00	535.00	535.00	535.00	535.00	535.00				533.00	533.00	534.00	534.00	536.00	537.00	537.00	540.00	540.00	543.00	546.00	550.00	550.00	554.00	559.00	559.00	562.00	562.00	562.00	563.00	563.00	561.00	556.00	551.00	551.00	543.00	543.00	532.00	522.00	522.00	511.00	500.00	490.00	490.00	481.00	481.00	472.00	464.00	464.00																																																																																															380.00	373.00	373.00	365.00	357.00	357.00	350.00	343.00	343.00	336.00	331.00	331.00	327.00	327.00	322.00	319.00	318.00	318.00	316.00	314.00	314.00	313.00	313.00	312.00	310.00	308.00	308.00	306.00	306.00	306.00	307.00	307.00	307.00	309.00	309.00	312.00	315.00	318.00	318.00	321.00	321.00	324.00	328.00	328.00	332.00	332.00	339.00	339.00	343.00	343.00	346.00	351.00	351.00	358.00	358.00	365.00	373.00	382.00	382.00	391.00	0.00	0.00	0.00	0.00	0.00	0.00	0.00	0.00	0.00	0.00	0.00	0.00	0.00	0.00	0.00	0.00	0.00	0.00	0.00	0.00
																															531.00	533.00	534.00	535.00	535.00	535.00	535.00	535.00	535.00				533.00	533.00	534.00	534.00	536.00	537.00	537.00	540.00	540.00	543.00	546.00	550.00	550.00	554.00	559.00	559.00	562.00	562.00	562.00	563.00	563.00	561.00	556.00	551.00	551.00	543.00	543.00	532.00	522.00	522.00	511.00	500.00	490.00	490.00	481.00	481.00	472.00	464.00	464.00																																																																																															380.00	373.00	373.00	365.00	357.00	357.00	350.00	343.00	343.00	336.00	331.00	331.00	327.00	327.00	322.00	319.00	318.00	318.00	316.00	314.00	314.00	313.00	313.00	312.00	310.00	308.00	308.00	306.00	306.00	306.00	307.00	307.00	307.00	309.00	309.00	312.00	315.00	318.00	318.00	321.00	321.00	324.00	328.00	328.00	332.00	332.00	339.00	339.00	343.00	343.00	346.00	351.00	351.00	358.00	358.00	365.00	373.00	382.00	382.00	391.00	0.00	0.00	0.00	0.00	0.00	0.00	0.00	0.00	0.00	0.00	0.00	0.00	0.00	0.00	0.00	0.00	0.00	0.00	0.00	0.00
																															531.00	533.00	534.00	535.00	535.00	535.00	535.00	535.00	535.00				533.00	533.00	534.00	534.00	536.00	537.00	537.00	540.00	540.00	543.00	546.00	550.00	550.00	554.00	559.00	559.00	562.00	562.00	562.00	563.00	563.00	561.00	556.00	551.00	551.00	543.00	543.00	532.00	522.00	522.00	511.00	500.00	490.00	490.00	481.00	481.00	472.00	464.00	464.00																																																																																															380.00	373.00	373.00	365.00	357.00	357.00	350.00	343.00	343.00	336.00	331.00	331.00	327.00	327.00	322.00	319.00	318.00	318.00	316.00	314.00	314.00	313.00	313.00	312.00	310.00	308.00	308.00	306.00	306.00	306.00	307.00	307.00	307.00	309.00	309.00	312.00	315.00	318.00	318.00	321.00	321.00	324.00	328.00	328.00	332.00	332.00	339.00	339.00	343.00	343.00	346.00	351.00	351.00	358.00	358.00	365.00	373.00	382.00	382.00	391.00	0.00	0.00	0.00	0.00	0.00	0.00	0.00	0.00	0.00	0.00	0.00	0.00	0.00	0.00	0.00	0.00	0.00	0.00	0.00	0.00
																														531.00	531.00	533.00	534.00	535.00	535.00	535.00	535.00	535.00	535.00	535.00	535.00	535.00	533.00	533.00	534.00	534.00	536.00	537.00	537.00	540.00	540.00	543.00	546.00	550.00	550.00	554.00	559.00	559.00	562.00	562.00	562.00	563.00	563.00	561.00	556.00	551.00	551.00	543.00	543.00	532.00	522.00	522.00	511.00	500.00	490.00	490.00	481.00	481.00	472.00	464.00																																																																																																	373.00	373.00	365.00	357.00	357.00	350.00	343.00	343.00	336.00	331.00	331.00	327.00	327.00	322.00	319.00	318.00	318.00	316.00	314.00	314.00	313.00	313.00	312.00	310.00	308.00	308.00	306.00	306.00	306.00	307.00	307.00	307.00	309.00	309.00	312.00	315.00	318.00	318.00	321.00	321.00	324.00	328.00	328.00	332.00	332.00	339.00	339.00	343.00	343.00	346.00	351.00	351.00	358.00	358.00	365.00	373.00	382.00	382.00	391.00	0.00	0.00	0.00	0.00	0.00	0.00	0.00	0.00	0.00	0.00	0.00	0.00	0.00	0.00	0.00	0.00	0.00	0.00	0.00	0.00
																														531.00	531.00	533.00	534.00	535.00	535.00	535.00	535.00	535.00	535.00	535.00	535.00	535.00	533.00	533.00	534.00	534.00	536.00	537.00	537.00	540.00	540.00	543.00	546.00	550.00	550.00	554.00	559.00	559.00	562.00	562.00	562.00	563.00	563.00	561.00	556.00	551.00	551.00	543.00	543.00	532.00	522.00	522.00	511.00	500.00	490.00	490.00	481.00	481.00	472.00	464.00																																																																																																	373.00	373.00	365.00	357.00	357.00	350.00	343.00	343.00	336.00	331.00	331.00	327.00	327.00	322.00	319.00	318.00	318.00	316.00	314.00	314.00	313.00	313.00	312.00	310.00	308.00	308.00	306.00	306.00	306.00	307.00	307.00	307.00	309.00	309.00	312.00	315.00	318.00	318.00	321.00	321.00	324.00	328.00	328.00	332.00	332.00	339.00	339.00	343.00	343.00	346.00	351.00	351.00	358.00	358.00	365.00	373.00	382.00	382.00	391.00	0.00	0.00	0.00	0.00	0.00	0.00	0.00	0.00	0.00	0.00	0.00	0.00	0.00	0.00	0.00	0.00	0.00	0.00	0.00	0.00
																														531.00	531.00	533.00	534.00	535.00	535.00	535.00	535.00	535.00	535.00	535.00	535.00	535.00	533.00	533.00	534.00	534.00	536.00	537.00	537.00	540.00	540.00	543.00	546.00	550.00	550.00	554.00	559.00	559.00	562.00	562.00	562.00	563.00	563.00	561.00	556.00	551.00	551.00	543.00	543.00	532.00	522.00	522.00	511.00	500.00	490.00	490.00	481.00	481.00	472.00	464.00																																																																																																	373.00	373.00	365.00	357.00	357.00	350.00	343.00	343.00	336.00	331.00	331.00	327.00	327.00	322.00	319.00	318.00	318.00	316.00	314.00	314.00	313.00	313.00	312.00	310.00	308.00	308.00	306.00	306.00	306.00	307.00	307.00	307.00	309.00	309.00	312.00	315.00	318.00	318.00	321.00	321.00	324.00	328.00	328.00	332.00	332.00	339.00	339.00	343.00	343.00	346.00	351.00	351.00	358.00	358.00	365.00	373.00	382.00	382.00	391.00	0.00	0.00	0.00	0.00	0.00	0.00	0.00	0.00	0.00	0.00	0.00	0.00	0.00	0.00	0.00	0.00	0.00	0.00	0.00	0.00
																														531.00	531.00	533.00	534.00	535.00	535.00	535.00	535.00	535.00	535.00	535.00	535.00	535.00	533.00	533.00	534.00	534.00	536.00	537.00	537.00	540.00	540.00	543.00	546.00	550.00	550.00	554.00	559.00	559.00	562.00	562.00	562.00	563.00	563.00	561.00	556.00	551.00	551.00	543.00	543.00	532.00	522.00	522.00	511.00	500.00	490.00	490.00	481.00	481.00	472.00	464.00																																																																																																	373.00	373.00	365.00	357.00	357.00	350.00	343.00	343.00	336.00	331.00	331.00	327.00	327.00	322.00	319.00	318.00	318.00	316.00	314.00	314.00	313.00	313.00	312.00	310.00	308.00	308.00	306.00	306.00	306.00	307.00	307.00	307.00	309.00	309.00	312.00	315.00	318.00	318.00	321.00	321.00	324.00	328.00	328.00	332.00	332.00	339.00	339.00	343.00	343.00	346.00	351.00	351.00	358.00	358.00	365.00	373.00	382.00	382.00	391.00	0.00	0.00	0.00	0.00	0.00	0.00	0.00	0.00	0.00	0.00	0.00	0.00	0.00	0.00	0.00	0.00	0.00	0.00	0.00	0.00
																																571.00	572.00	573.00	573.00	572.00	572.00	570.00	567.00	567.00	565.00	565.00	561.00	561.00	559.00	559.00	555.00	552.00	552.00	550.00	550.00	550.00	549.00	548.00	548.00	546.00	544.00	544.00	541.00	541.00	538.00	534.00	534.00	529.00	524.00	518.00	518.00	513.00	513.00	508.00	502.00	502.00	498.00	495.00	492.00	492.00																																																																																																									346.00	339.00	333.00	333.00	327.00	321.00	321.00	314.00	314.00	308.00	303.00	297.00	297.00	292.00	287.00	287.00	282.00	282.00	277.00	270.00	264.00	264.00	257.00	251.00	251.00	247.00	247.00	243.00	240.00	240.00													277.00	290.00	290.00	303.00	317.00	317.00	330.00	330.00	344.00	357.00	370.00	370.00	0.00	0.00	0.00	0.00	0.00	0.00	0.00	0.00	0.00	0.00	0.00	0.00	0.00	0.00	0.00	0.00	0.00	0.00	0.00	0.00	0.00
																																571.00	572.00	573.00	573.00	572.00	572.00	570.00	567.00	567.00	565.00	565.00	561.00	561.00	559.00	559.00	555.00	552.00	552.00	550.00	550.00	550.00	549.00	548.00	548.00	546.00	544.00	544.00	541.00	541.00	538.00	534.00	534.00	529.00	524.00	518.00	518.00	513.00	513.00	508.00	502.00	502.00	498.00	495.00	492.00	492.00																																																																																																									346.00	339.00	333.00	333.00	327.00	321.00	321.00	314.00	314.00	308.00	303.00	297.00	297.00	292.00	287.00	287.00	282.00	282.00	277.00	270.00	264.00	264.00	257.00	251.00	251.00	247.00	247.00	243.00	240.00	240.00													277.00	290.00	290.00	303.00	317.00	317.00	330.00	330.00	344.00	357.00	370.00	370.00	0.00	0.00	0.00	0.00	0.00	0.00	0.00	0.00	0.00	0.00	0.00	0.00	0.00	0.00	0.00	0.00	0.00	0.00	0.00	0.00	0.00
																																571.00	572.00	573.00	573.00	572.00	572.00	570.00	567.00	567.00	565.00	565.00	561.00	561.00	559.00	559.00	555.00	552.00	552.00	550.00	550.00	550.00	549.00	548.00	548.00	546.00	544.00	544.00	541.00	541.00	538.00	534.00	534.00	529.00	524.00	518.00	518.00	513.00	513.00	508.00	502.00	502.00	498.00	495.00	492.00	492.00																																																																																																									346.00	339.00	333.00	333.00	327.00	321.00	321.00	314.00	314.00	308.00	303.00	297.00	297.00	292.00	287.00	287.00	282.00	282.00	277.00	270.00	264.00	264.00	257.00	251.00	251.00	247.00	247.00	243.00	240.00	240.00													277.00	290.00	290.00	303.00	317.00	317.00	330.00	330.00	344.00	357.00	370.00	370.00	0.00	0.00	0.00	0.00	0.00	0.00	0.00	0.00	0.00	0.00	0.00	0.00	0.00	0.00	0.00	0.00	0.00	0.00	0.00	0.00	0.00
																																571.00	572.00	573.00	573.00	572.00	572.00	570.00	567.00	567.00	565.00	565.00	561.00	561.00	559.00	559.00	555.00	552.00	552.00	550.00	550.00	550.00	549.00	548.00	548.00	546.00	544.00	544.00	541.00	541.00	538.00	534.00	534.00	529.00	524.00	518.00	518.00	513.00	513.00	508.00	502.00	502.00	498.00	495.00	492.00	492.00																																																																																																									346.00	339.00	333.00	333.00	327.00	321.00	321.00	314.00	314.00	308.00	303.00	297.00	297.00	292.00	287.00	287.00	282.00	282.00	277.00	270.00	264.00	264.00	257.00	251.00	251.00	247.00	247.00	243.00	240.00	240.00													277.00	290.00	290.00	303.00	317.00	317.00	330.00	330.00	344.00	357.00	370.00	370.00	0.00	0.00	0.00	0.00	0.00	0.00	0.00	0.00	0.00	0.00	0.00	0.00	0.00	0.00	0.00	0.00	0.00	0.00	0.00	0.00	0.00
																																	597.00	597.00	597.00	596.00	596.00	594.00	592.00	592.00	589.00	589.00	583.00	583.00	581.00	581.00	579.00	578.00	578.00	576.00	576.00	574.00	572.00	568.00	568.00	562.00	556.00	556.00	550.00	550.00	542.00	535.00	535.00	528.00							513.00	513.00																																																																																																												337.00	337.00	329.00	321.00	321.00	314.00	306.00	306.00	298.00	298.00	291.00	284.00	277.00	277.00	271.00	264.00	264.00	256.00	256.00	248.00	240.00	231.00	231.00	222.00	214.00	214.00	208.00	208.00	201.00	196.00	196.00	192.00							196.00	196.00	204.00				240.00	240.00	256.00	272.00	272.00	288.00	288.00	304.00	319.00	0.00	0.00	0.00	0.00	0.00	0.00	0.00	0.00	0.00	0.00	0.00	0.00	0.00	0.00	0.00	0.00	0.00	0.00	0.00	0.00	0.00		
																																	597.00	597.00	597.00	596.00	596.00	594.00	592.00	592.00	589.00	589.00	583.00	583.00	581.00	581.00	579.00	578.00	578.00	576.00	576.00	574.00	572.00	568.00	568.00	562.00	556.00	556.00	550.00	550.00	542.00	535.00	535.00	528.00							513.00	513.00																																																																																																												337.00	337.00	329.00	321.00	321.00	314.00	306.00	306.00	298.00	298.00	291.00	284.00	277.00	277.00	271.00	264.00	264.00	256.00	256.00	248.00	240.00	231.00	231.00	222.00	214.00	214.00	208.00	208.00	201.00	196.00	196.00	192.00							196.00	196.00	204.00				240.00	240.00	256.00	272.00	272.00	288.00	288.00	304.00	319.00	0.00	0.00	0.00	0.00	0.00	0.00	0.00	0.00	0.00	0.00	0.00	0.00	0.00	0.00	0.00	0.00	0.00	0.00	0.00	0.00	0.00		
																																	597.00	597.00	597.00	596.00	596.00	594.00	592.00	592.00	589.00	589.00	583.00	583.00	581.00	581.00	579.00	578.00	578.00	576.00	576.00	574.00	572.00	568.00	568.00	562.00	556.00	556.00	550.00	550.00	542.00	535.00	535.00	528.00							513.00	513.00																																																																																																												337.00	337.00	329.00	321.00	321.00	314.00	306.00	306.00	298.00	298.00	291.00	284.00	277.00	277.00	271.00	264.00	264.00	256.00	256.00	248.00	240.00	231.00	231.00	222.00	214.00	214.00	208.00	208.00	201.00	196.00	196.00	192.00							196.00	196.00	204.00				240.00	240.00	256.00	272.00	272.00	288.00	288.00	304.00	319.00	0.00	0.00	0.00	0.00	0.00	0.00	0.00	0.00	0.00	0.00	0.00	0.00	0.00	0.00	0.00	0.00	0.00	0.00	0.00	0.00	0.00		
																																	597.00	597.00	597.00	596.00	596.00	594.00	592.00	592.00	589.00	589.00	583.00	583.00	581.00	581.00	579.00	578.00	578.00	576.00	576.00	574.00	572.00	568.00	568.00	562.00	556.00	556.00	550.00	550.00	542.00	535.00	535.00	528.00							513.00	513.00																																																																																																												337.00	337.00	329.00	321.00	321.00	314.00	306.00	306.00	298.00	298.00	291.00	284.00	277.00	277.00	271.00	264.00	264.00	256.00	256.00	248.00	240.00	231.00	231.00	222.00	214.00	214.00	208.00	208.00	201.00	196.00	196.00	192.00							196.00	196.00	204.00				240.00	240.00	256.00	272.00	272.00	288.00	288.00	304.00	319.00	0.00	0.00	0.00	0.00	0.00	0.00	0.00	0.00	0.00	0.00	0.00	0.00	0.00	0.00	0.00	0.00	0.00	0.00	0.00	0.00	0.00		
																																		597.00	597.00	596.00	596.00	594.00	592.00	592.00	589.00	589.00	583.00	583.00	581.00	581.00	579.00	578.00	578.00	576.00	576.00	574.00	572.00	568.00	568.00	562.00	556.00	556.00	550.00	550.00	542.00	535.00	535.00	528.00	522.00																																																																																																																		346.00	337.00	337.00	329.00	321.00	321.00	314.00	306.00	306.00	298.00	298.00	291.00	284.00	277.00	277.00	271.00	264.00	264.00	256.00	256.00	248.00	240.00	231.00	231.00																				225.00	225.00	240.00	240.00	256.00	272.00	272.00	288.00				0.00	0.00	0.00	0.00	0.00	0.00	0.00	0.00	0.00	0.00	0.00	0.00	0.00	0.00	0.00	0.00	0.00	0.00	0.00	0.00			
																																		597.00	597.00	596.00	596.00	594.00	592.00	592.00	589.00	589.00	583.00	583.00	581.00	581.00	579.00	578.00	578.00	576.00	576.00	574.00	572.00	568.00	568.00	562.00	556.00	556.00	550.00	550.00	542.00	535.00	535.00	528.00	522.00																																																																																																																		346.00	337.00	337.00	329.00	321.00	321.00	314.00	306.00	306.00	298.00	298.00	291.00	284.00	277.00	277.00	271.00	264.00	264.00	256.00	256.00	248.00	240.00	231.00	231.00																				225.00	225.00	240.00	240.00	256.00	272.00	272.00	288.00				0.00	0.00	0.00	0.00	0.00	0.00	0.00	0.00	0.00	0.00	0.00	0.00	0.00	0.00	0.00	0.00	0.00	0.00	0.00	0.00			
																																		597.00	597.00	596.00	596.00	594.00	592.00	592.00	589.00	589.00	583.00	583.00	581.00	581.00	579.00	578.00	578.00	576.00	576.00	574.00	572.00	568.00	568.00	562.00	556.00	556.00	550.00	550.00	542.00	535.00	535.00	528.00	522.00																																																																																																																		346.00	337.00	337.00	329.00	321.00	321.00	314.00	306.00	306.00	298.00	298.00	291.00	284.00	277.00	277.00	271.00	264.00	264.00	256.00	256.00	248.00	240.00	231.00	231.00																				225.00	225.00	240.00	240.00	256.00	272.00	272.00	288.00				0.00	0.00	0.00	0.00	0.00	0.00	0.00	0.00	0.00	0.00	0.00	0.00	0.00	0.00	0.00	0.00	0.00	0.00	0.00	0.00			
																																		597.00	597.00	596.00	596.00	594.00	592.00	592.00	589.00	589.00	583.00	583.00	581.00	581.00	579.00	578.00	578.00	576.00	576.00	574.00	572.00	568.00	568.00	562.00	556.00	556.00	550.00	550.00	542.00	535.00	535.00	528.00	522.00																																																																																																																		346.00	337.00	337.00	329.00	321.00	321.00	314.00	306.00	306.00	298.00	298.00	291.00	284.00	277.00	277.00	271.00	264.00	264.00	256.00	256.00	248.00	240.00	231.00	231.00																				225.00	225.00	240.00	240.00	256.00	272.00	272.00	288.00				0.00	0.00	0.00	0.00	0.00	0.00	0.00	0.00	0.00	0.00	0.00	0.00	0.00	0.00	0.00	0.00	0.00	0.00	0.00	0.00			
																																				599.00	599.00	597.00	595.00	595.00	593.00	593.00	588.00	588.00	587.00	587.00	588.00	589.00	589.00	588.00	588.00	587.00	586.00	583.00	583.00	577.00	572.00	572.00	566.00	566.00	557.00	549.00	549.00	541.00	535.00	529.00	529.00	525.00	525.00																																																																																																																										274.00											218.00	209.00																																0.00	0.00	0.00	0.00	0.00	0.00	0.00	0.00	0.00	0.00	0.00	0.00	0.00	0.00	0.00	0.00					
																																				599.00	599.00	597.00	595.00	595.00	593.00	593.00	588.00	588.00	587.00	587.00	588.00	589.00	589.00	588.00	588.00	587.00	586.00	583.00	583.00	577.00	572.00	572.00	566.00	566.00	557.00	549.00	549.00	541.00	535.00	529.00	529.00	525.00	525.00																																																																																																																										274.00											218.00	209.00																																0.00	0.00	0.00	0.00	0.00	0.00	0.00	0.00	0.00	0.00	0.00	0.00	0.00	0.00	0.00	0.00					
																																				599.00	599.00	597.00	595.00	595.00	593.00	593.00	588.00	588.00	587.00	587.00	588.00	589.00	589.00	588.00	588.00	587.00	586.00	583.00	583.00	577.00	572.00	572.00	566.00	566.00	557.00	549.00	549.00	541.00	535.00	529.00	529.00	525.00	525.00																																																																																																																										274.00											218.00	209.00																																0.00	0.00	0.00	0.00	0.00	0.00	0.00	0.00	0.00	0.00	0.00	0.00	0.00	0.00	0.00	0.00					
																																												588.00	587.00	587.00	588.00	589.00	589.00	588.00	588.00	587.00	586.00	583.00	583.00	577.00	572.00	572.00	566.00	566.00	557.00	549.00	549.00	541.00	535.00	529.00	529.00	525.00	525.00	525.00																																																																																																																																																																		0.00	0.00	0.00	0.00	0.00	0.00	0.00	0.00	0.00	0.00	0.00	0.00	0.00	0.00	0.00	0.00	0.00	0.00	0.00					
																																												588.00	587.00	587.00	588.00	589.00	589.00	588.00	588.00	587.00	586.00	583.00	583.00	577.00	572.00	572.00	566.00	566.00	557.00	549.00	549.00	541.00	535.00	529.00	529.00	525.00	525.00	525.00																																																																																																																																																																		0.00	0.00	0.00	0.00	0.00	0.00	0.00	0.00	0.00	0.00	0.00	0.00	0.00	0.00	0.00	0.00	0.00	0.00	0.00					
																																												588.00	587.00	587.00	588.00	589.00	589.00	588.00	588.00	587.00	586.00	583.00	583.00	577.00	572.00	572.00	566.00	566.00	557.00	549.00	549.00	541.00	535.00	529.00	529.00	525.00	525.00	525.00																																																																																																																																																																		0.00	0.00	0.00	0.00	0.00	0.00	0.00	0.00	0.00	0.00	0.00	0.00	0.00	0.00	0.00	0.00	0.00	0.00	0.00					
																																												588.00	587.00	587.00	588.00	589.00	589.00	588.00	588.00	587.00	586.00	583.00	583.00	577.00	572.00	572.00	566.00	566.00	557.00	549.00	549.00	541.00	535.00	529.00	529.00	525.00	525.00	525.00																																																																																																																																																																		0.00	0.00	0.00	0.00	0.00	0.00	0.00	0.00	0.00	0.00	0.00	0.00	0.00	0.00	0.00	0.00	0.00	0.00	0.00					
																																												588.00	587.00	587.00	588.00	589.00	589.00	588.00	588.00	587.00	586.00	583.00	583.00	577.00	572.00	572.00	566.00	566.00	557.00	549.00	549.00	541.00	535.00	529.00	529.00	525.00	525.00	525.00																																																																																																																																																																		0.00	0.00	0.00	0.00	0.00	0.00	0.00	0.00	0.00	0.00	0.00	0.00	0.00	0.00	0.00	0.00	0.00	0.00	0.00					
																																												587.00	586.00	586.00	587.00	587.00	587.00	588.00	588.00	587.00	587.00	585.00	585.00	582.00	579.00	579.00	574.00	574.00	568.00	562.00	562.00	556.00	550.00	545.00	545.00	541.00	541.00	539.00																																																																																																																																																												0.00	0.00	0.00	0.00	0.00	0.00	0.00	0.00	0.00	0.00	0.00	0.00	0.00	0.00	0.00	0.00				0.00	0.00	0.00	0.00	0.00						
																																												587.00	586.00	586.00	587.00	587.00	587.00	588.00	588.00	587.00	587.00	585.00	585.00	582.00	579.00	579.00	574.00	574.00	568.00	562.00	562.00	556.00	550.00	545.00	545.00	541.00	541.00	539.00																																																																																																																																																												0.00	0.00	0.00	0.00	0.00	0.00	0.00	0.00	0.00	0.00	0.00	0.00	0.00	0.00	0.00	0.00				0.00	0.00	0.00	0.00	0.00						
																																												587.00	586.00	586.00	587.00	587.00	587.00	588.00	588.00	587.00	587.00	585.00	585.00	582.00	579.00	579.00	574.00	574.00	568.00	562.00	562.00	556.00	550.00	545.00	545.00	541.00	541.00	539.00																																																																																																																																																												0.00	0.00	0.00	0.00	0.00	0.00	0.00	0.00	0.00	0.00	0.00	0.00	0.00	0.00	0.00	0.00				0.00	0.00	0.00	0.00	0.00						
																																												587.00	586.00	586.00	587.00	587.00	587.00	588.00	588.00	587.00	587.00	585.00	585.00	582.00	579.00	579.00	574.00	574.00	568.00	562.00	562.00	556.00	550.00	545.00	545.00	541.00	541.00	539.00																																																																																																																																																												0.00	0.00	0.00	0.00	0.00	0.00	0.00	0.00	0.00	0.00	0.00	0.00	0.00	0.00	0.00	0.00				0.00	0.00	0.00	0.00	0.00						
																																														586.00	587.00	587.00	587.00			587.00	587.00	585.00									562.00	556.00																																																																																																																																							230.00	222.00	214.00	214.00	206.00																								0.00	0.00	0.00	0.00	0.00	0.00	0.00	0.00	0.00	0.00	0.00	0.00	0.00	0.00	0.00	0.00	0.00	0.00	0.00	0.00	0.00								
																																														586.00	587.00	587.00	587.00			587.00	587.00	585.00									562.00	556.00																																																																																																																																							230.00	222.00	214.00	214.00	206.00																								0.00	0.00	0.00	0.00	0.00	0.00	0.00	0.00	0.00	0.00	0.00	0.00	0.00	0.00	0.00	0.00	0.00	0.00	0.00	0.00	0.00								
																																														586.00	587.00	587.00	587.00			587.00	587.00	585.00									562.00	556.00																																																																																																																																							230.00	222.00	214.00	214.00	206.00																								0.00	0.00	0.00	0.00	0.00	0.00	0.00	0.00	0.00	0.00	0.00	0.00	0.00	0.00	0.00	0.00	0.00	0.00	0.00	0.00	0.00								
																																																																																																																																																																																																						240.00	231.00	222.00	215.00																								0.00	0.00	0.00	0.00	0.00	0.00	0.00	0.00	0.00	0.00	0.00	0.00	0.00	0.00	0.00	0.00	0.00	0.00	0.00	0.00											
																																																																																																																																																																																																						240.00	231.00	222.00	215.00																								0.00	0.00	0.00	0.00	0.00	0.00	0.00	0.00	0.00	0.00	0.00	0.00	0.00	0.00	0.00	0.00	0.00	0.00	0.00	0.00											
																																																																																																																																																																																																						240.00	231.00	222.00	215.00																								0.00	0.00	0.00	0.00	0.00	0.00	0.00	0.00	0.00	0.00	0.00	0.00	0.00	0.00	0.00	0.00	0.00	0.00	0.00	0.00											
																																																																																																																																																																																																						240.00	231.00	222.00	215.00																								0.00	0.00	0.00	0.00	0.00	0.00	0.00	0.00	0.00	0.00	0.00	0.00	0.00	0.00	0.00	0.00	0.00	0.00	0.00	0.00											
																																																																																																																																																																																																																																			0.00	0.00	0.00	0.00	0.00	0.00	0.00	0.00	0.00	0.00	0.00																		
																																																																																																																																																																																																																																			0.00	0.00	0.00	0.00	0.00	0.00	0.00	0.00	0.00	0.00	0.00																		
																																																																																																																																																																																																																																			0.00	0.00	0.00	0.00	0.00	0.00	0.00	0.00	0.00	0.00	0.00																		
																																																																																																																																																																																																																																0.00	0.00	0.00	0.00	0.00	0.00	0.00	0.00	0.00	0.00	0.00	0.00	0.00	0.00	0.00	0.00																
																																																																																																																																																																																																																																0.00	0.00	0.00	0.00	0.00	0.00	0.00	0.00	0.00	0.00	0.00	0.00	0.00	0.00	0.00	0.00																
																																																																																																																																																																																																																																0.00	0.00	0.00	0.00	0.00	0.00	0.00	0.00	0.00	0.00	0.00	0.00	0.00	0.00	0.00	0.00																
																																																																																																																																																																																																																																0.00	0.00	0.00	0.00	0.00	0.00	0.00	0.00	0.00	0.00	0.00	0.00	0.00	0.00	0.00	0.00																
																																																																																																																																																																																																			258.00	258.00	250.00	250.00	241.00	233.00	226.00																					214.00	214.00	0.00	0.00	0.00	0.00	0.00	0.00	0.00	0.00	0.00	0.00	0.00	0.00	0.00	0.00	0.00	0.00	0.00	0.00														
																																																																																																																																																																																																			258.00	258.00	250.00	250.00	241.00	233.00	226.00																					214.00	214.00	0.00	0.00	0.00	0.00	0.00	0.00	0.00	0.00	0.00	0.00	0.00	0.00	0.00	0.00	0.00	0.00	0.00	0.00														
																																																																																																																																																																																																			258.00	258.00	250.00	250.00	241.00	233.00	226.00																					214.00	214.00	0.00	0.00	0.00	0.00	0.00	0.00	0.00	0.00	0.00	0.00	0.00	0.00	0.00	0.00	0.00	0.00	0.00	0.00														
																																																																																																																																																																																																			258.00	258.00	250.00	250.00	241.00	233.00	226.00																					214.00	214.00	0.00	0.00	0.00	0.00	0.00	0.00	0.00	0.00	0.00	0.00	0.00	0.00	0.00	0.00	0.00	0.00	0.00	0.00														
																																																																																																																																																																																										332.00	332.00	321.00				295.00	295.00	288.00	279.00	279.00	270.00	270.00	261.00																206.00	206.00	206.00	208.00	208.00	213.00	213.00	0.00	0.00	0.00	0.00	0.00	0.00	0.00	0.00	0.00	0.00	0.00	0.00	0.00	0.00	0.00	0.00	0.00	0.00	0.00	0.00	0.00													
																																																																																																																																																																																										332.00	332.00	321.00				295.00	295.00	288.00	279.00	279.00	270.00	270.00	261.00																206.00	206.00	206.00	208.00	208.00	213.00	213.00	0.00	0.00	0.00	0.00	0.00	0.00	0.00	0.00	0.00	0.00	0.00	0.00	0.00	0.00	0.00	0.00	0.00	0.00	0.00	0.00	0.00													
																																																																																																																																																																																										332.00	332.00	321.00				295.00	295.00	288.00	279.00	279.00	270.00	270.00	261.00																206.00	206.00	206.00	208.00	208.00	213.00	213.00	0.00	0.00	0.00	0.00	0.00	0.00	0.00	0.00	0.00	0.00	0.00	0.00	0.00	0.00	0.00	0.00	0.00	0.00	0.00	0.00	0.00													
																																																																																																																																																																																														310.00	302.00	295.00	295.00	288.00																				205.00	206.00	206.00	206.00	208.00	208.00	213.00	213.00	0.00	0.00	0.00	0.00	0.00	0.00	0.00	0.00	0.00	0.00					0.00	0.00	0.00	0.00	0.00	0.00	0.00	0.00	0.00											
																																																																																																																																																																																														310.00	302.00	295.00	295.00	288.00																				205.00	206.00	206.00	206.00	208.00	208.00	213.00	213.00	0.00	0.00	0.00	0.00	0.00	0.00	0.00	0.00	0.00	0.00					0.00	0.00	0.00	0.00	0.00	0.00	0.00	0.00	0.00											
																																																																																																																																																																																														310.00	302.00	295.00	295.00	288.00																				205.00	206.00	206.00	206.00	208.00	208.00	213.00	213.00	0.00	0.00	0.00	0.00	0.00	0.00	0.00	0.00	0.00	0.00					0.00	0.00	0.00	0.00	0.00	0.00	0.00	0.00	0.00											
																																																																																																																																																																																														310.00	302.00	295.00	295.00	288.00																				205.00	206.00	206.00	206.00	208.00	208.00	213.00	213.00	0.00	0.00	0.00	0.00	0.00	0.00	0.00	0.00	0.00	0.00					0.00	0.00	0.00	0.00	0.00	0.00	0.00	0.00	0.00											
																																																																																																																																																																																																																					217.00	217.00	215.00	215.00	212.00	210.00	210.00	209.00	209.00	0.00	0.00	0.00	0.00	0.00	0.00	0.00	0.00	0.00	0.00	0.00	0.00	0.00	0.00	0.00	0.00	0.00	0.00	0.00	0.00	0.00	0.00												
																																																																																																																																																																																																																					217.00	217.00	215.00	215.00	212.00	210.00	210.00	209.00	209.00	0.00	0.00	0.00	0.00	0.00	0.00	0.00	0.00	0.00	0.00	0.00	0.00	0.00	0.00	0.00	0.00	0.00	0.00	0.00	0.00	0.00	0.00												
																																																																																																																																																																																																																					217.00	217.00	215.00	215.00	212.00	210.00	210.00	209.00	209.00	0.00	0.00	0.00	0.00	0.00	0.00	0.00	0.00	0.00	0.00	0.00	0.00	0.00	0.00	0.00	0.00	0.00	0.00	0.00	0.00	0.00	0.00												
																																																																																																																																																																																																																					217.00	217.00	215.00	215.00	212.00	210.00	210.00	209.00	209.00	0.00	0.00	0.00	0.00	0.00	0.00	0.00	0.00	0.00	0.00	0.00	0.00	0.00	0.00	0.00	0.00	0.00	0.00	0.00	0.00	0.00	0.00												
																																																																																																																																																																																																																					217.00	217.00	215.00					209.00	209.00	0.00	0.00	0.00	0.00	0.00	0.00	0.00	0.00	0.00	0.00	0.00	0.00	0.00	0.00	0.00	0.00	0.00	0.00	0.00	0.00	0.00													
																																																																																																																																																																																																																					217.00	217.00	215.00					209.00	209.00	0.00	0.00	0.00	0.00	0.00	0.00	0.00	0.00	0.00	0.00	0.00	0.00	0.00	0.00	0.00	0.00	0.00	0.00	0.00	0.00	0.00													
																																																																																																																																																																																																																					217.00	217.00	215.00					209.00	209.00	0.00	0.00	0.00	0.00	0.00	0.00	0.00	0.00	0.00	0.00	0.00	0.00	0.00	0.00	0.00	0.00	0.00	0.00	0.00	0.00	0.00													
																																																																																																																																																																																																																			242.00	235.00	228.00	228.00	222.00	222.00	215.00	210.00	210.00	0.00	0.00	0.00	0.00	0.00	0.00	0.00	0.00	0.00	0.00	0.00	0.00	0.00	0.00	0.00	0.00	0.00	0.00	0.00	0.00	0.00	0.00														
																																																																																																																																																																																																																			242.00	235.00	228.00	228.00	222.00	222.00	215.00	210.00	210.00	0.00	0.00	0.00	0.00	0.00	0.00	0.00	0.00	0.00	0.00	0.00	0.00	0.00	0.00	0.00	0.00	0.00	0.00	0.00	0.00	0.00	0.00														
																																																																																																																																																																																																																			242.00	235.00	228.00	228.00	222.00	222.00	215.00	210.00	210.00	0.00	0.00	0.00	0.00	0.00	0.00	0.00	0.00	0.00	0.00	0.00	0.00	0.00	0.00	0.00	0.00	0.00	0.00	0.00	0.00	0.00	0.00														
																																																																																																																																																																																																																			242.00	235.00	228.00	228.00	222.00	222.00	215.00	210.00	210.00	0.00	0.00	0.00	0.00	0.00	0.00	0.00	0.00	0.00	0.00	0.00	0.00	0.00	0.00	0.00	0.00	0.00	0.00	0.00	0.00	0.00	0.00														
																																																																																																																																																																																																																			242.00	235.00	228.00	228.00	222.00	222.00	215.00	210.00	210.00	0.00	0.00	0.00	0.00	0.00	0.00	0.00	0.00	0.00	0.00	0.00	0.00	0.00	0.00	0.00	0.00	0.00	0.00	0.00	0.00	0.00	0.00														
																																																																																																																																																																																																																			242.00	235.00	228.00	228.00	222.00	222.00	215.00	210.00	210.00	0.00	0.00	0.00	0.00	0.00	0.00	0.00	0.00	0.00	0.00	0.00	0.00	0.00	0.00	0.00	0.00	0.00	0.00	0.00	0.00	0.00	0.00														
																																																																																																																																																																																																																			242.00	235.00	228.00	228.00	222.00	222.00	215.00	210.00	210.00	0.00	0.00	0.00	0.00	0.00	0.00	0.00	0.00	0.00	0.00	0.00	0.00	0.00	0.00	0.00	0.00	0.00	0.00	0.00	0.00	0.00	0.00														
																																																																																																																																																																																																																			242.00	235.00	228.00	228.00	222.00	222.00	215.00	210.00	210.00	0.00	0.00	0.00	0.00	0.00	0.00	0.00	0.00	0.00	0.00	0.00	0.00	0.00	0.00	0.00	0.00	0.00	0.00	0.00	0.00	0.00	0.00														
																																																																																																																																																																																																																		264.00	256.00	248.00	241.00	241.00	0.00	0.00	0.00	0.00	0.00	0.00	0.00	0.00	0.00	0.00	0.00	0.00	0.00	0.00	0.00	0.00	0.00	0.00	0.00	0.00	0.00	0.00	0.00	0.00	0.00																