226.00	231.00	233.00	233.00	231.00	230.00	229.00	231.00	234.00	236.00	234.00	231.00	229.00	225.00	213.00	209.00	207.00	207.00	208.00	213.00	215.00	218.00	217.00	212.00	211.00	212.00	213.00	214.00	215.00	214.00	214.00	212.00	205.00	201.00	197.00	191.00	191.00	187.00	184.00	181.00	178.00	176.00	176.00	175.00	172.00	169.00	166.00	164.00	162.00	157.00	147.00	142.00	136.00	130.00	126.00	113.00	107.00	103.00	98.00	94.00	92.00	91.00	91.00	90.00	90.00	87.00	79.00	72.00	66.00	63.00	63.00	68.00	72.00	76.00	76.00	76.00	76.00	71.00	69.00	61.00	47.00	34.00	20.00	16.00	15.00	19.00	17.00	10.00	3.00																																									2.00	3.00	5.00	7.00	10.00	15.00	25.00	30.00	30.00	35.00	38.00	38.00	32.00	25.00	15.00	10.00	9.00	9.00	11.00	12.00	11.00	12.00	16.00	24.00	42.00	50.00	56.00	52.00	44.00	26.00	18.00	13.00	10.00	8.00	6.00	4.00	3.00	3.00	3.00	3.00	3.00	2.00	52.00	79.00	107.00	134.00	156.00	206.00	221.00	224.00	226.00	256.00	276.00	274.00	263.00	248.00	225.00	220.00	211.00	197.00	152.00	120.00	91.00	51.00	40.00	20.00	18.00	18.00	21.00	33.00	55.00	89.00	124.00	185.00	224.00	227.00	225.00	226.00	217.00	209.00	200.00	185.00	162.00	107.00	106.00	109.00	111.00	119.00	120.00	120.00	124.00	128.00	133.00	135.00	145.00	149.00	153.00	157.00	159.00	163.00	170.00	172.00	175.00	177.00	178.00	182.00	181.00	182.00	184.00	188.00	188.00	187.00	186.00	188.00	190.00	187.00	186.00	186.00	178.00	174.00	182.00	200.00	217.00	219.00	218.00	216.00	206.00
236.00	238.00	238.00	237.00	236.00	237.00	237.00	234.00	232.00	231.00	230.00	229.00	226.00	223.00	214.00	213.00	213.00	214.00	217.00	218.00	220.00	223.00	224.00	219.00	217.00	216.00	212.00	208.00	205.00	203.00	200.00	197.00	193.00	191.00	183.00	179.00	176.00	170.00	169.00	167.00	163.00	161.00	159.00	158.00	158.00	151.00	144.00	141.00	136.00	129.00	113.00	107.00	102.00	100.00	99.00	97.00	95.00	92.00	89.00	84.00	81.00	80.00	77.00	76.00	73.00	70.00	70.00	69.00	74.00	79.00	83.00	81.00	76.00	72.00	63.00	60.00	57.00	61.00	56.00	51.00	47.00	41.00	33.00	27.00	23.00	16.00																																												7.00	18.00	22.00	20.00	22.00	28.00	34.00	40.00	42.00	44.00	45.00	44.00	40.00	41.00	40.00	31.00	35.00	31.00	25.00	25.00	15.00	18.00	26.00	33.00	46.00	54.00	61.00	60.00	55.00	38.00	30.00	16.00	8.00	2.00	2.00	2.00	2.00	2.00	3.00	11.00	35.00	76.00	214.00	231.00	237.00	231.00	226.00	213.00	213.00	215.00	217.00	211.00	203.00	202.00	199.00	193.00	185.00	176.00	164.00	148.00	112.00	89.00	66.00	43.00	43.00	41.00	38.00	42.00	58.00	115.00	151.00	179.00	196.00	214.00	233.00	246.00	253.00	257.00	254.00	248.00	239.00	231.00	221.00	179.00	159.00	140.00	127.00	129.00	128.00	130.00	136.00	143.00	148.00	151.00	157.00	159.00	166.00	169.00	172.00	171.00	172.00	176.00	179.00	186.00	188.00	189.00	189.00	188.00	186.00	185.00	188.00	189.00	189.00	189.00	195.00	194.00	193.00	195.00	192.00	189.00	186.00	188.00	201.00	237.00	250.00	257.00	259.00
236.00	238.00	238.00	237.00	236.00	237.00	237.00	234.00	232.00	231.00	230.00	229.00	226.00	223.00	214.00	213.00	213.00	214.00	217.00	218.00	220.00	223.00	224.00	219.00	217.00	216.00	212.00	208.00	205.00	203.00	200.00	197.00	193.00	191.00	183.00	179.00	176.00	170.00	169.00	167.00	163.00	161.00	159.00	158.00	158.00	151.00	144.00	141.00	136.00	129.00	113.00	107.00	102.00	100.00	99.00	97.00	95.00	92.00	89.00	84.00	81.00	80.00	77.00	76.00	73.00	70.00	70.00	69.00	74.00	79.00	83.00	81.00	76.00	72.00	63.00	60.00	57.00	61.00	56.00	51.00	47.00	41.00	33.00	27.00	23.00	16.00																																												7.00	18.00	22.00	20.00	22.00	28.00	34.00	40.00	42.00	44.00	45.00	44.00	40.00	41.00	40.00	31.00	35.00	31.00	25.00	25.00	15.00	18.00	26.00	33.00	46.00	54.00	61.00	60.00	55.00	38.00	30.00	16.00	8.00	2.00	2.00	2.00	2.00	2.00	3.00	11.00	35.00	76.00	214.00	231.00	237.00	231.00	226.00	213.00	213.00	215.00	217.00	211.00	203.00	202.00	199.00	193.00	185.00	176.00	164.00	148.00	112.00	89.00	66.00	43.00	43.00	41.00	38.00	42.00	58.00	115.00	151.00	179.00	196.00	214.00	233.00	246.00	253.00	257.00	254.00	248.00	239.00	231.00	221.00	179.00	159.00	140.00	127.00	129.00	128.00	130.00	136.00	143.00	148.00	151.00	157.00	159.00	166.00	169.00	172.00	171.00	172.00	176.00	179.00	186.00	188.00	189.00	189.00	188.00	186.00	185.00	188.00	189.00	189.00	189.00	195.00	194.00	193.00	195.00	192.00	189.00	186.00	188.00	201.00	237.00	250.00	257.00	259.00
236.00	238.00	238.00	237.00	236.00	237.00	237.00	234.00	232.00	231.00	230.00	229.00	226.00	223.00	214.00	213.00	213.00	214.00	217.00	218.00	220.00	223.00	224.00	219.00	217.00	216.00	212.00	208.00	205.00	203.00	200.00	197.00	193.00	191.00	183.00	179.00	176.00	170.00	169.00	167.00	163.00	161.00	159.00	158.00	158.00	151.00	144.00	141.00	136.00	129.00	113.00	107.00	102.00	100.00	99.00	97.00	95.00	92.00	89.00	84.00	81.00	80.00	77.00	76.00	73.00	70.00	70.00	69.00	74.00	79.00	83.00	81.00	76.00	72.00	63.00	60.00	57.00	61.00	56.00	51.00	47.00	41.00	33.00	27.00	23.00	16.00																																												7.00	18.00	22.00	20.00	22.00	28.00	34.00	40.00	42.00	44.00	45.00	44.00	40.00	41.00	40.00	31.00	35.00	31.00	25.00	25.00	15.00	18.00	26.00	33.00	46.00	54.00	61.00	60.00	55.00	38.00	30.00	16.00	8.00	2.00	2.00	2.00	2.00	2.00	3.00	11.00	35.00	76.00	214.00	231.00	237.00	231.00	226.00	213.00	213.00	215.00	217.00	211.00	203.00	202.00	199.00	193.00	185.00	176.00	164.00	148.00	112.00	89.00	66.00	43.00	43.00	41.00	38.00	42.00	58.00	115.00	151.00	179.00	196.00	214.00	233.00	246.00	253.00	257.00	254.00	248.00	239.00	231.00	221.00	179.00	159.00	140.00	127.00	129.00	128.00	130.00	136.00	143.00	148.00	151.00	157.00	159.00	166.00	169.00	172.00	171.00	172.00	176.00	179.00	186.00	188.00	189.00	189.00	188.00	186.00	185.00	188.00	189.00	189.00	189.00	195.00	194.00	193.00	195.00	192.00	189.00	186.00	188.00	201.00	237.00	250.00	257.00	259.00
235.00	239.00	240.00	242.00	243.00	237.00	232.00	229.00	228.00	225.00	216.00	214.00	214.00	213.00	211.00	213.00	216.00	219.00	224.00	231.00	233.00	234.00	233.00	222.00	216.00	211.00	206.00	202.00	199.00	199.00	198.00	193.00	184.00	181.00	177.00	174.00	171.00	161.00	158.00	152.00	146.00	144.00	138.00	132.00	127.00	119.00	107.00	106.00	108.00	110.00	110.00	115.00	114.00	114.00	117.00	106.00	104.00	99.00	97.00	94.00	94.00	97.00	104.00	105.00	106.00	106.00	108.00	108.00	106.00	104.00	98.00	95.00	91.00	78.00	72.00	67.00	58.00	39.00	34.00	26.00	17.00	11.00	6.00	4.00	2.00	0.00																																									6.00	9.00	18.00	32.00	34.00	52.00	61.00	64.00	63.00	68.00	74.00	76.00	75.00	72.00	68.00	68.00	67.00	70.00	63.00	58.00	53.00	47.00	39.00	48.00	54.00	59.00	58.00	64.00	69.00	69.00	67.00	69.00	64.00	56.00	43.00	25.00	5.00	4.00	3.00	3.00	6.00	72.00	126.00	183.00	232.00	275.00	261.00	247.00	230.00	212.00	183.00	175.00	170.00	167.00	164.00	171.00	175.00	173.00	173.00	154.00	147.00	139.00	135.00	121.00	98.00	83.00	92.00	92.00	87.00	90.00	98.00	104.00	124.00	141.00	156.00	170.00	208.00	241.00	260.00	276.00	284.00	276.00	273.00	273.00	270.00	264.00	250.00	241.00	228.00	213.00	177.00	162.00	154.00	155.00	163.00	166.00	166.00	170.00	170.00	172.00	171.00	171.00	171.00	172.00	175.00	180.00	185.00	190.00	199.00	198.00	197.00	198.00	195.00	193.00	193.00	195.00	196.00	194.00	203.00	204.00	205.00	203.00	201.00	197.00	196.00	199.00	222.00	240.00	269.00	272.00
235.00	239.00	240.00	242.00	243.00	237.00	232.00	229.00	228.00	225.00	216.00	214.00	214.00	213.00	211.00	213.00	216.00	219.00	224.00	231.00	233.00	234.00	233.00	222.00	216.00	211.00	206.00	202.00	199.00	199.00	198.00	193.00	184.00	181.00	177.00	174.00	171.00	161.00	158.00	152.00	146.00	144.00	138.00	132.00	127.00	119.00	107.00	106.00	108.00	110.00	110.00	115.00	114.00	114.00	117.00	106.00	104.00	99.00	97.00	94.00	94.00	97.00	104.00	105.00	106.00	106.00	108.00	108.00	106.00	104.00	98.00	95.00	91.00	78.00	72.00	67.00	58.00	39.00	34.00	26.00	17.00	11.00	6.00	4.00	2.00	0.00																																									6.00	9.00	18.00	32.00	34.00	52.00	61.00	64.00	63.00	68.00	74.00	76.00	75.00	72.00	68.00	68.00	67.00	70.00	63.00	58.00	53.00	47.00	39.00	48.00	54.00	59.00	58.00	64.00	69.00	69.00	67.00	69.00	64.00	56.00	43.00	25.00	5.00	4.00	3.00	3.00	6.00	72.00	126.00	183.00	232.00	275.00	261.00	247.00	230.00	212.00	183.00	175.00	170.00	167.00	164.00	171.00	175.00	173.00	173.00	154.00	147.00	139.00	135.00	121.00	98.00	83.00	92.00	92.00	87.00	90.00	98.00	104.00	124.00	141.00	156.00	170.00	208.00	241.00	260.00	276.00	284.00	276.00	273.00	273.00	270.00	264.00	250.00	241.00	228.00	213.00	177.00	162.00	154.00	155.00	163.00	166.00	166.00	170.00	170.00	172.00	171.00	171.00	171.00	172.00	175.00	180.00	185.00	190.00	199.00	198.00	197.00	198.00	195.00	193.00	193.00	195.00	196.00	194.00	203.00	204.00	205.00	203.00	201.00	197.00	196.00	199.00	222.00	240.00	269.00	272.00
235.00	239.00	240.00	242.00	243.00	237.00	232.00	229.00	228.00	225.00	216.00	214.00	214.00	213.00	211.00	213.00	216.00	219.00	224.00	231.00	233.00	234.00	233.00	222.00	216.00	211.00	206.00	202.00	199.00	199.00	198.00	193.00	184.00	181.00	177.00	174.00	171.00	161.00	158.00	152.00	146.00	144.00	138.00	132.00	127.00	119.00	107.00	106.00	108.00	110.00	110.00	115.00	114.00	114.00	117.00	106.00	104.00	99.00	97.00	94.00	94.00	97.00	104.00	105.00	106.00	106.00	108.00	108.00	106.00	104.00	98.00	95.00	91.00	78.00	72.00	67.00	58.00	39.00	34.00	26.00	17.00	11.00	6.00	4.00	2.00	0.00																																									6.00	9.00	18.00	32.00	34.00	52.00	61.00	64.00	63.00	68.00	74.00	76.00	75.00	72.00	68.00	68.00	67.00	70.00	63.00	58.00	53.00	47.00	39.00	48.00	54.00	59.00	58.00	64.00	69.00	69.00	67.00	69.00	64.00	56.00	43.00	25.00	5.00	4.00	3.00	3.00	6.00	72.00	126.00	183.00	232.00	275.00	261.00	247.00	230.00	212.00	183.00	175.00	170.00	167.00	164.00	171.00	175.00	173.00	173.00	154.00	147.00	139.00	135.00	121.00	98.00	83.00	92.00	92.00	87.00	90.00	98.00	104.00	124.00	141.00	156.00	170.00	208.00	241.00	260.00	276.00	284.00	276.00	273.00	273.00	270.00	264.00	250.00	241.00	228.00	213.00	177.00	162.00	154.00	155.00	163.00	166.00	166.00	170.00	170.00	172.00	171.00	171.00	171.00	172.00	175.00	180.00	185.00	190.00	199.00	198.00	197.00	198.00	195.00	193.00	193.00	195.00	196.00	194.00	203.00	204.00	205.00	203.00	201.00	197.00	196.00	199.00	222.00	240.00	269.00	272.00
237.00	228.00	225.00	222.00	221.00	217.00	213.00	205.00	199.00	199.00	204.00	209.00	214.00	217.00	222.00	222.00	223.00	223.00	224.00	222.00	221.00	220.00	218.00	212.00	209.00	203.00	200.00	197.00	191.00	189.00	187.00	182.00	179.00	176.00	167.00	163.00	160.00	152.00	146.00	142.00	139.00	132.00	131.00	128.00	122.00	111.00	115.00	126.00	131.00	133.00	132.00	130.00	132.00	132.00	132.00	144.00	148.00	151.00	149.00	157.00	162.00	163.00	162.00	160.00	156.00	155.00	149.00	145.00	147.00	149.00	148.00	144.00	139.00	130.00	122.00	111.00	88.00	55.00	36.00	21.00	13.00	11.00	7.00	3.00	4.00	4.00	3.00	1.00								2.00	8.00	24.00	23.00	12.00	9.00	3.00	0.00	0.00																				3.00	16.00	28.00	41.00	39.00	37.00	32.00	31.00	59.00	71.00	82.00	89.00	94.00	93.00	94.00	97.00	95.00	95.00	94.00	89.00	80.00	87.00	93.00	106.00	130.00	157.00	192.00	182.00	170.00	155.00	134.00	131.00	120.00	106.00	93.00	76.00	67.00	44.00	27.00	17.00	21.00	30.00	41.00	63.00	153.00	208.00	244.00	262.00	252.00	240.00	222.00	205.00	189.00	166.00	162.00	163.00	170.00	180.00	188.00	184.00	177.00	172.00	166.00	161.00	157.00	157.00	149.00	148.00	140.00	127.00	118.00	105.00	100.00	102.00	111.00	129.00	141.00	151.00	166.00	203.00	240.00	249.00	253.00	255.00	239.00	236.00	242.00	249.00	253.00	247.00	244.00	238.00	225.00	193.00	177.00	167.00	167.00	171.00	179.00	185.00	190.00	188.00	182.00	180.00	178.00	178.00	178.00	181.00	183.00	183.00	187.00	199.00	200.00	199.00	198.00	200.00	200.00	199.00	201.00	201.00	202.00	206.00	208.00	212.00	221.00	228.00	233.00	234.00	235.00	244.00	250.00	262.00	269.00
237.00	228.00	225.00	222.00	221.00	217.00	213.00	205.00	199.00	199.00	204.00	209.00	214.00	217.00	222.00	222.00	223.00	223.00	224.00	222.00	221.00	220.00	218.00	212.00	209.00	203.00	200.00	197.00	191.00	189.00	187.00	182.00	179.00	176.00	167.00	163.00	160.00	152.00	146.00	142.00	139.00	132.00	131.00	128.00	122.00	111.00	115.00	126.00	131.00	133.00	132.00	130.00	132.00	132.00	132.00	144.00	148.00	151.00	149.00	157.00	162.00	163.00	162.00	160.00	156.00	155.00	149.00	145.00	147.00	149.00	148.00	144.00	139.00	130.00	122.00	111.00	88.00	55.00	36.00	21.00	13.00	11.00	7.00	3.00	4.00	4.00	3.00	1.00								2.00	8.00	24.00	23.00	12.00	9.00	3.00	0.00	0.00																				3.00	16.00	28.00	41.00	39.00	37.00	32.00	31.00	59.00	71.00	82.00	89.00	94.00	93.00	94.00	97.00	95.00	95.00	94.00	89.00	80.00	87.00	93.00	106.00	130.00	157.00	192.00	182.00	170.00	155.00	134.00	131.00	120.00	106.00	93.00	76.00	67.00	44.00	27.00	17.00	21.00	30.00	41.00	63.00	153.00	208.00	244.00	262.00	252.00	240.00	222.00	205.00	189.00	166.00	162.00	163.00	170.00	180.00	188.00	184.00	177.00	172.00	166.00	161.00	157.00	157.00	149.00	148.00	140.00	127.00	118.00	105.00	100.00	102.00	111.00	129.00	141.00	151.00	166.00	203.00	240.00	249.00	253.00	255.00	239.00	236.00	242.00	249.00	253.00	247.00	244.00	238.00	225.00	193.00	177.00	167.00	167.00	171.00	179.00	185.00	190.00	188.00	182.00	180.00	178.00	178.00	178.00	181.00	183.00	183.00	187.00	199.00	200.00	199.00	198.00	200.00	200.00	199.00	201.00	201.00	202.00	206.00	208.00	212.00	221.00	228.00	233.00	234.00	235.00	244.00	250.00	262.00	269.00
237.00	228.00	225.00	222.00	221.00	217.00	213.00	205.00	199.00	199.00	204.00	209.00	214.00	217.00	222.00	222.00	223.00	223.00	224.00	222.00	221.00	220.00	218.00	212.00	209.00	203.00	200.00	197.00	191.00	189.00	187.00	182.00	179.00	176.00	167.00	163.00	160.00	152.00	146.00	142.00	139.00	132.00	131.00	128.00	122.00	111.00	115.00	126.00	131.00	133.00	132.00	130.00	132.00	132.00	132.00	144.00	148.00	151.00	149.00	157.00	162.00	163.00	162.00	160.00	156.00	155.00	149.00	145.00	147.00	149.00	148.00	144.00	139.00	130.00	122.00	111.00	88.00	55.00	36.00	21.00	13.00	11.00	7.00	3.00	4.00	4.00	3.00	1.00								2.00	8.00	24.00	23.00	12.00	9.00	3.00	0.00	0.00																				3.00	16.00	28.00	41.00	39.00	37.00	32.00	31.00	59.00	71.00	82.00	89.00	94.00	93.00	94.00	97.00	95.00	95.00	94.00	89.00	80.00	87.00	93.00	106.00	130.00	157.00	192.00	182.00	170.00	155.00	134.00	131.00	120.00	106.00	93.00	76.00	67.00	44.00	27.00	17.00	21.00	30.00	41.00	63.00	153.00	208.00	244.00	262.00	252.00	240.00	222.00	205.00	189.00	166.00	162.00	163.00	170.00	180.00	188.00	184.00	177.00	172.00	166.00	161.00	157.00	157.00	149.00	148.00	140.00	127.00	118.00	105.00	100.00	102.00	111.00	129.00	141.00	151.00	166.00	203.00	240.00	249.00	253.00	255.00	239.00	236.00	242.00	249.00	253.00	247.00	244.00	238.00	225.00	193.00	177.00	167.00	167.00	171.00	179.00	185.00	190.00	188.00	182.00	180.00	178.00	178.00	178.00	181.00	183.00	183.00	187.00	199.00	200.00	199.00	198.00	200.00	200.00	199.00	201.00	201.00	202.00	206.00	208.00	212.00	221.00	228.00	233.00	234.00	235.00	244.00	250.00	262.00	269.00
237.00	228.00	225.00	222.00	221.00	217.00	213.00	205.00	199.00	199.00	204.00	209.00	214.00	217.00	222.00	222.00	223.00	223.00	224.00	222.00	221.00	220.00	218.00	212.00	209.00	203.00	200.00	197.00	191.00	189.00	187.00	182.00	179.00	176.00	167.00	163.00	160.00	152.00	146.00	142.00	139.00	132.00	131.00	128.00	122.00	111.00	115.00	126.00	131.00	133.00	132.00	130.00	132.00	132.00	132.00	144.00	148.00	151.00	149.00	157.00	162.00	163.00	162.00	160.00	156.00	155.00	149.00	145.00	147.00	149.00	148.00	144.00	139.00	130.00	122.00	111.00	88.00	55.00	36.00	21.00	13.00	11.00	7.00	3.00	4.00	4.00	3.00	1.00								2.00	8.00	24.00	23.00	12.00	9.00	3.00	0.00	0.00																				3.00	16.00	28.00	41.00	39.00	37.00	32.00	31.00	59.00	71.00	82.00	89.00	94.00	93.00	94.00	97.00	95.00	95.00	94.00	89.00	80.00	87.00	93.00	106.00	130.00	157.00	192.00	182.00	170.00	155.00	134.00	131.00	120.00	106.00	93.00	76.00	67.00	44.00	27.00	17.00	21.00	30.00	41.00	63.00	153.00	208.00	244.00	262.00	252.00	240.00	222.00	205.00	189.00	166.00	162.00	163.00	170.00	180.00	188.00	184.00	177.00	172.00	166.00	161.00	157.00	157.00	149.00	148.00	140.00	127.00	118.00	105.00	100.00	102.00	111.00	129.00	141.00	151.00	166.00	203.00	240.00	249.00	253.00	255.00	239.00	236.00	242.00	249.00	253.00	247.00	244.00	238.00	225.00	193.00	177.00	167.00	167.00	171.00	179.00	185.00	190.00	188.00	182.00	180.00	178.00	178.00	178.00	181.00	183.00	183.00	187.00	199.00	200.00	199.00	198.00	200.00	200.00	199.00	201.00	201.00	202.00	206.00	208.00	212.00	221.00	228.00	233.00	234.00	235.00	244.00	250.00	262.00	269.00
214.00	198.00	197.00	197.00	193.00	184.00	183.00	181.00	186.00	194.00	212.00	219.00	221.00	221.00	216.00	211.00	208.00	206.00	206.00	202.00	200.00	197.00	192.00	191.00	191.00	190.00	188.00	186.00	181.00	177.00	175.00	173.00	172.00	169.00	168.00	172.00	179.00	187.00	192.00	194.00	196.00	190.00	189.00	188.00	193.00	191.00	193.00	194.00	194.00	192.00	194.00	198.00	203.00	205.00	204.00	204.00	199.00	197.00	195.00	190.00	189.00	189.00	187.00	184.00	177.00	174.00	170.00	170.00	163.00	162.00	161.00	157.00	152.00	144.00	140.00	136.00	125.00	107.00	94.00	78.00	58.00	40.00	23.00	16.00	9.00	7.00	6.00	6.00	4.00	3.00	3.00	2.00	2.00	5.00	14.00	38.00	38.00	29.00	21.00	10.00	9.00	9.00	4.00	0.00																				15.00	36.00	50.00	52.00	49.00	53.00	60.00	66.00	85.00	93.00	97.00	98.00	96.00	99.00	99.00	100.00	105.00	106.00	106.00	105.00	100.00	97.00	104.00	122.00	139.00	154.00	179.00	179.00	167.00	141.00	96.00	86.00	73.00	62.00	51.00	48.00	51.00	63.00	86.00	129.00	142.00	152.00	159.00	168.00	219.00	249.00	266.00	268.00	226.00	208.00	191.00	172.00	156.00	161.00	168.00	168.00	163.00	168.00	176.00	175.00	176.00	175.00	162.00	151.00	143.00	138.00	128.00	127.00	120.00	112.00	119.00	146.00	159.00	175.00	186.00	202.00	206.00	205.00	202.00	183.00	176.00	179.00	185.00	188.00	188.00	184.00	185.00	191.00	194.00	198.00	198.00	193.00	184.00	170.00	171.00	171.00	171.00	174.00	185.00	188.00	190.00	192.00	193.00	190.00	187.00	185.00	177.00	175.00	173.00	173.00	177.00	192.00	196.00	201.00	205.00	208.00	207.00	210.00	213.00	213.00	214.00	227.00	232.00	240.00	251.00	257.00	262.00	265.00	268.00	275.00	278.00	282.00	284.00
214.00	198.00	197.00	197.00	193.00	184.00	183.00	181.00	186.00	194.00	212.00	219.00	221.00	221.00	216.00	211.00	208.00	206.00	206.00	202.00	200.00	197.00	192.00	191.00	191.00	190.00	188.00	186.00	181.00	177.00	175.00	173.00	172.00	169.00	168.00	172.00	179.00	187.00	192.00	194.00	196.00	190.00	189.00	188.00	193.00	191.00	193.00	194.00	194.00	192.00	194.00	198.00	203.00	205.00	204.00	204.00	199.00	197.00	195.00	190.00	189.00	189.00	187.00	184.00	177.00	174.00	170.00	170.00	163.00	162.00	161.00	157.00	152.00	144.00	140.00	136.00	125.00	107.00	94.00	78.00	58.00	40.00	23.00	16.00	9.00	7.00	6.00	6.00	4.00	3.00	3.00	2.00	2.00	5.00	14.00	38.00	38.00	29.00	21.00	10.00	9.00	9.00	4.00	0.00																				15.00	36.00	50.00	52.00	49.00	53.00	60.00	66.00	85.00	93.00	97.00	98.00	96.00	99.00	99.00	100.00	105.00	106.00	106.00	105.00	100.00	97.00	104.00	122.00	139.00	154.00	179.00	179.00	167.00	141.00	96.00	86.00	73.00	62.00	51.00	48.00	51.00	63.00	86.00	129.00	142.00	152.00	159.00	168.00	219.00	249.00	266.00	268.00	226.00	208.00	191.00	172.00	156.00	161.00	168.00	168.00	163.00	168.00	176.00	175.00	176.00	175.00	162.00	151.00	143.00	138.00	128.00	127.00	120.00	112.00	119.00	146.00	159.00	175.00	186.00	202.00	206.00	205.00	202.00	183.00	176.00	179.00	185.00	188.00	188.00	184.00	185.00	191.00	194.00	198.00	198.00	193.00	184.00	170.00	171.00	171.00	171.00	174.00	185.00	188.00	190.00	192.00	193.00	190.00	187.00	185.00	177.00	175.00	173.00	173.00	177.00	192.00	196.00	201.00	205.00	208.00	207.00	210.00	213.00	213.00	214.00	227.00	232.00	240.00	251.00	257.00	262.00	265.00	268.00	275.00	278.00	282.00	284.00
214.00	198.00	197.00	197.00	193.00	184.00	183.00	181.00	186.00	194.00	212.00	219.00	221.00	221.00	216.00	211.00	208.00	206.00	206.00	202.00	200.00	197.00	192.00	191.00	191.00	190.00	188.00	186.00	181.00	177.00	175.00	173.00	172.00	169.00	168.00	172.00	179.00	187.00	192.00	194.00	196.00	190.00	189.00	188.00	193.00	191.00	193.00	194.00	194.00	192.00	194.00	198.00	203.00	205.00	204.00	204.00	199.00	197.00	195.00	190.00	189.00	189.00	187.00	184.00	177.00	174.00	170.00	170.00	163.00	162.00	161.00	157.00	152.00	144.00	140.00	136.00	125.00	107.00	94.00	78.00	58.00	40.00	23.00	16.00	9.00	7.00	6.00	6.00	4.00	3.00	3.00	2.00	2.00	5.00	14.00	38.00	38.00	29.00	21.00	10.00	9.00	9.00	4.00	0.00																				15.00	36.00	50.00	52.00	49.00	53.00	60.00	66.00	85.00	93.00	97.00	98.00	96.00	99.00	99.00	100.00	105.00	106.00	106.00	105.00	100.00	97.00	104.00	122.00	139.00	154.00	179.00	179.00	167.00	141.00	96.00	86.00	73.00	62.00	51.00	48.00	51.00	63.00	86.00	129.00	142.00	152.00	159.00	168.00	219.00	249.00	266.00	268.00	226.00	208.00	191.00	172.00	156.00	161.00	168.00	168.00	163.00	168.00	176.00	175.00	176.00	175.00	162.00	151.00	143.00	138.00	128.00	127.00	120.00	112.00	119.00	146.00	159.00	175.00	186.00	202.00	206.00	205.00	202.00	183.00	176.00	179.00	185.00	188.00	188.00	184.00	185.00	191.00	194.00	198.00	198.00	193.00	184.00	170.00	171.00	171.00	171.00	174.00	185.00	188.00	190.00	192.00	193.00	190.00	187.00	185.00	177.00	175.00	173.00	173.00	177.00	192.00	196.00	201.00	205.00	208.00	207.00	210.00	213.00	213.00	214.00	227.00	232.00	240.00	251.00	257.00	262.00	265.00	268.00	275.00	278.00	282.00	284.00
202.00	187.00	186.00	177.00	176.00	190.00	197.00	202.00	203.00	205.00	208.00	210.00	209.00	206.00	197.00	189.00	186.00	186.00	184.00	176.00	176.00	176.00	177.00	175.00	176.00	176.00	180.00	184.00	192.00	194.00	198.00	208.00	224.00	227.00	234.00	236.00	240.00	240.00	237.00	234.00	230.00	221.00	220.00	227.00	236.00	249.00	254.00	254.00	254.00	256.00	247.00	242.00	239.00	235.00	229.00	216.00	214.00	214.00	213.00	207.00	205.00	203.00	201.00	200.00	198.00	199.00	196.00	191.00	182.00	176.00	168.00	162.00	154.00	141.00	134.00	128.00	114.00	92.00	86.00	79.00	67.00	50.00	18.00	13.00	11.00	10.00	18.00	17.00	16.00	14.00	14.00	12.00	14.00	19.00	24.00	23.00	21.00	9.00	6.00	4.00	3.00	2.00	1.00	0.00																	8.00	21.00	28.00	37.00	51.00	62.00	64.00	65.00	63.00	63.00	66.00	87.00	96.00	105.00	109.00	110.00	109.00	110.00	115.00	120.00	122.00	124.00	123.00	121.00	123.00	131.00	140.00	148.00	151.00	169.00	180.00	193.00	196.00	161.00	133.00	106.00	80.00	68.00	110.00	139.00	191.00	214.00	234.00	238.00	247.00	244.00	237.00	222.00	221.00	220.00	215.00	180.00	169.00	158.00	146.00	140.00	137.00	135.00	134.00	131.00	127.00	125.00	127.00	133.00	142.00	150.00	151.00	151.00	151.00	152.00	153.00	153.00	144.00	154.00	180.00	194.00	208.00	213.00	220.00	221.00	218.00	211.00	196.00	172.00	170.00	170.00	167.00	156.00	154.00	156.00	158.00	156.00	157.00	161.00	164.00	168.00	168.00	172.00	178.00	181.00	180.00	183.00	184.00	186.00	190.00	189.00	190.00	189.00	185.00	180.00	180.00	183.00	190.00	194.00	204.00	204.00	206.00	210.00	226.00	228.00	230.00	235.00	238.00	246.00	250.00	259.00	266.00	275.00	275.00	278.00	281.00	281.00	283.00	289.00	296.00	297.00
202.00	187.00	186.00	177.00	176.00	190.00	197.00	202.00	203.00	205.00	208.00	210.00	209.00	206.00	197.00	189.00	186.00	186.00	184.00	176.00	176.00	176.00	177.00	175.00	176.00	176.00	180.00	184.00	192.00	194.00	198.00	208.00	224.00	227.00	234.00	236.00	240.00	240.00	237.00	234.00	230.00	221.00	220.00	227.00	236.00	249.00	254.00	254.00	254.00	256.00	247.00	242.00	239.00	235.00	229.00	216.00	214.00	214.00	213.00	207.00	205.00	203.00	201.00	200.00	198.00	199.00	196.00	191.00	182.00	176.00	168.00	162.00	154.00	141.00	134.00	128.00	114.00	92.00	86.00	79.00	67.00	50.00	18.00	13.00	11.00	10.00	18.00	17.00	16.00	14.00	14.00	12.00	14.00	19.00	24.00	23.00	21.00	9.00	6.00	4.00	3.00	2.00	1.00	0.00																	8.00	21.00	28.00	37.00	51.00	62.00	64.00	65.00	63.00	63.00	66.00	87.00	96.00	105.00	109.00	110.00	109.00	110.00	115.00	120.00	122.00	124.00	123.00	121.00	123.00	131.00	140.00	148.00	151.00	169.00	180.00	193.00	196.00	161.00	133.00	106.00	80.00	68.00	110.00	139.00	191.00	214.00	234.00	238.00	247.00	244.00	237.00	222.00	221.00	220.00	215.00	180.00	169.00	158.00	146.00	140.00	137.00	135.00	134.00	131.00	127.00	125.00	127.00	133.00	142.00	150.00	151.00	151.00	151.00	152.00	153.00	153.00	144.00	154.00	180.00	194.00	208.00	213.00	220.00	221.00	218.00	211.00	196.00	172.00	170.00	170.00	167.00	156.00	154.00	156.00	158.00	156.00	157.00	161.00	164.00	168.00	168.00	172.00	178.00	181.00	180.00	183.00	184.00	186.00	190.00	189.00	190.00	189.00	185.00	180.00	180.00	183.00	190.00	194.00	204.00	204.00	206.00	210.00	226.00	228.00	230.00	235.00	238.00	246.00	250.00	259.00	266.00	275.00	275.00	278.00	281.00	281.00	283.00	289.00	296.00	297.00
202.00	187.00	186.00	177.00	176.00	190.00	197.00	202.00	203.00	205.00	208.00	210.00	209.00	206.00	197.00	189.00	186.00	186.00	184.00	176.00	176.00	176.00	177.00	175.00	176.00	176.00	180.00	184.00	192.00	194.00	198.00	208.00	224.00	227.00	234.00	236.00	240.00	240.00	237.00	234.00	230.00	221.00	220.00	227.00	236.00	249.00	254.00	254.00	254.00	256.00	247.00	242.00	239.00	235.00	229.00	216.00	214.00	214.00	213.00	207.00	205.00	203.00	201.00	200.00	198.00	199.00	196.00	191.00	182.00	176.00	168.00	162.00	154.00	141.00	134.00	128.00	114.00	92.00	86.00	79.00	67.00	50.00	18.00	13.00	11.00	10.00	18.00	17.00	16.00	14.00	14.00	12.00	14.00	19.00	24.00	23.00	21.00	9.00	6.00	4.00	3.00	2.00	1.00	0.00																	8.00	21.00	28.00	37.00	51.00	62.00	64.00	65.00	63.00	63.00	66.00	87.00	96.00	105.00	109.00	110.00	109.00	110.00	115.00	120.00	122.00	124.00	123.00	121.00	123.00	131.00	140.00	148.00	151.00	169.00	180.00	193.00	196.00	161.00	133.00	106.00	80.00	68.00	110.00	139.00	191.00	214.00	234.00	238.00	247.00	244.00	237.00	222.00	221.00	220.00	215.00	180.00	169.00	158.00	146.00	140.00	137.00	135.00	134.00	131.00	127.00	125.00	127.00	133.00	142.00	150.00	151.00	151.00	151.00	152.00	153.00	153.00	144.00	154.00	180.00	194.00	208.00	213.00	220.00	221.00	218.00	211.00	196.00	172.00	170.00	170.00	167.00	156.00	154.00	156.00	158.00	156.00	157.00	161.00	164.00	168.00	168.00	172.00	178.00	181.00	180.00	183.00	184.00	186.00	190.00	189.00	190.00	189.00	185.00	180.00	180.00	183.00	190.00	194.00	204.00	204.00	206.00	210.00	226.00	228.00	230.00	235.00	238.00	246.00	250.00	259.00	266.00	275.00	275.00	278.00	281.00	281.00	283.00	289.00	296.00	297.00
168.00	169.00	175.00	187.00	197.00	207.00	213.00	215.00	211.00	205.00	191.00	184.00	178.00	174.00	177.00	175.00	173.00	177.00	184.00	195.00	200.00	208.00	212.00	220.00	225.00	233.00	237.00	239.00	247.00	248.00	249.00	248.00	247.00	247.00	248.00	249.00	250.00	251.00	248.00	246.00	246.00	249.00	250.00	252.00	254.00	249.00	251.00	254.00	256.00	258.00	257.00	257.00	254.00	251.00	248.00	240.00	234.00	228.00	226.00	222.00	222.00	223.00	224.00	224.00	218.00	210.00	200.00	196.00	185.00	178.00	171.00	167.00	160.00	136.00	123.00	113.00	97.00	74.00	63.00	61.00	56.00	39.00	24.00	30.00	38.00	47.00	36.00	31.00	28.00	22.00	6.00	2.00	1.00	1.00	2.00	1.00	1.00	1.00	1.00	1.00	2.00	3.00	3.00	2.00	3.00	6.00	12.00	17.00	18.00	15.00	11.00	9.00	9.00	6.00	4.00	3.00	3.00	2.00	3.00	10.00	32.00	47.00	43.00	41.00	48.00	54.00	65.00	65.00	66.00	74.00	77.00	83.00	88.00	97.00	107.00	118.00	120.00	123.00	124.00	125.00	130.00	135.00	142.00	146.00	154.00	157.00	161.00	164.00	160.00	158.00	167.00	179.00	190.00	182.00	171.00	157.00	142.00	126.00	130.00	152.00	178.00	180.00	188.00	191.00	199.00	206.00	211.00	220.00	215.00	206.00	195.00	158.00	151.00	148.00	139.00	133.00	114.00	113.00	111.00	111.00	111.00	111.00	114.00	123.00	131.00	161.00	173.00	181.00	181.00	188.00	192.00	191.00	192.00	194.00	205.00	207.00	210.00	215.00	227.00	227.00	225.00	220.00	202.00	183.00	174.00	167.00	160.00	145.00	145.00	144.00	142.00	144.00	147.00	151.00	155.00	160.00	163.00	165.00	165.00	166.00	168.00	171.00	174.00	181.00	181.00	186.00	189.00	191.00	194.00	201.00	205.00	208.00	211.00	217.00	238.00	241.00	238.00	234.00	242.00	246.00	247.00	250.00	253.00	262.00	274.00	272.00	273.00	270.00	272.00	275.00	276.00	274.00	283.00	287.00	293.00	298.00
168.00	169.00	175.00	187.00	197.00	207.00	213.00	215.00	211.00	205.00	191.00	184.00	178.00	174.00	177.00	175.00	173.00	177.00	184.00	195.00	200.00	208.00	212.00	220.00	225.00	233.00	237.00	239.00	247.00	248.00	249.00	248.00	247.00	247.00	248.00	249.00	250.00	251.00	248.00	246.00	246.00	249.00	250.00	252.00	254.00	249.00	251.00	254.00	256.00	258.00	257.00	257.00	254.00	251.00	248.00	240.00	234.00	228.00	226.00	222.00	222.00	223.00	224.00	224.00	218.00	210.00	200.00	196.00	185.00	178.00	171.00	167.00	160.00	136.00	123.00	113.00	97.00	74.00	63.00	61.00	56.00	39.00	24.00	30.00	38.00	47.00	36.00	31.00	28.00	22.00	6.00	2.00	1.00	1.00	2.00	1.00	1.00	1.00	1.00	1.00	2.00	3.00	3.00	2.00	3.00	6.00	12.00	17.00	18.00	15.00	11.00	9.00	9.00	6.00	4.00	3.00	3.00	2.00	3.00	10.00	32.00	47.00	43.00	41.00	48.00	54.00	65.00	65.00	66.00	74.00	77.00	83.00	88.00	97.00	107.00	118.00	120.00	123.00	124.00	125.00	130.00	135.00	142.00	146.00	154.00	157.00	161.00	164.00	160.00	158.00	167.00	179.00	190.00	182.00	171.00	157.00	142.00	126.00	130.00	152.00	178.00	180.00	188.00	191.00	199.00	206.00	211.00	220.00	215.00	206.00	195.00	158.00	151.00	148.00	139.00	133.00	114.00	113.00	111.00	111.00	111.00	111.00	114.00	123.00	131.00	161.00	173.00	181.00	181.00	188.00	192.00	191.00	192.00	194.00	205.00	207.00	210.00	215.00	227.00	227.00	225.00	220.00	202.00	183.00	174.00	167.00	160.00	145.00	145.00	144.00	142.00	144.00	147.00	151.00	155.00	160.00	163.00	165.00	165.00	166.00	168.00	171.00	174.00	181.00	181.00	186.00	189.00	191.00	194.00	201.00	205.00	208.00	211.00	217.00	238.00	241.00	238.00	234.00	242.00	246.00	247.00	250.00	253.00	262.00	274.00	272.00	273.00	270.00	272.00	275.00	276.00	274.00	283.00	287.00	293.00	298.00
168.00	169.00	175.00	187.00	197.00	207.00	213.00	215.00	211.00	205.00	191.00	184.00	178.00	174.00	177.00	175.00	173.00	177.00	184.00	195.00	200.00	208.00	212.00	220.00	225.00	233.00	237.00	239.00	247.00	248.00	249.00	248.00	247.00	247.00	248.00	249.00	250.00	251.00	248.00	246.00	246.00	249.00	250.00	252.00	254.00	249.00	251.00	254.00	256.00	258.00	257.00	257.00	254.00	251.00	248.00	240.00	234.00	228.00	226.00	222.00	222.00	223.00	224.00	224.00	218.00	210.00	200.00	196.00	185.00	178.00	171.00	167.00	160.00	136.00	123.00	113.00	97.00	74.00	63.00	61.00	56.00	39.00	24.00	30.00	38.00	47.00	36.00	31.00	28.00	22.00	6.00	2.00	1.00	1.00	2.00	1.00	1.00	1.00	1.00	1.00	2.00	3.00	3.00	2.00	3.00	6.00	12.00	17.00	18.00	15.00	11.00	9.00	9.00	6.00	4.00	3.00	3.00	2.00	3.00	10.00	32.00	47.00	43.00	41.00	48.00	54.00	65.00	65.00	66.00	74.00	77.00	83.00	88.00	97.00	107.00	118.00	120.00	123.00	124.00	125.00	130.00	135.00	142.00	146.00	154.00	157.00	161.00	164.00	160.00	158.00	167.00	179.00	190.00	182.00	171.00	157.00	142.00	126.00	130.00	152.00	178.00	180.00	188.00	191.00	199.00	206.00	211.00	220.00	215.00	206.00	195.00	158.00	151.00	148.00	139.00	133.00	114.00	113.00	111.00	111.00	111.00	111.00	114.00	123.00	131.00	161.00	173.00	181.00	181.00	188.00	192.00	191.00	192.00	194.00	205.00	207.00	210.00	215.00	227.00	227.00	225.00	220.00	202.00	183.00	174.00	167.00	160.00	145.00	145.00	144.00	142.00	144.00	147.00	151.00	155.00	160.00	163.00	165.00	165.00	166.00	168.00	171.00	174.00	181.00	181.00	186.00	189.00	191.00	194.00	201.00	205.00	208.00	211.00	217.00	238.00	241.00	238.00	234.00	242.00	246.00	247.00	250.00	253.00	262.00	274.00	272.00	273.00	270.00	272.00	275.00	276.00	274.00	283.00	287.00	293.00	298.00
153.00	172.00	182.00	199.00	202.00	198.00	195.00	190.00	189.00	191.00	195.00	200.00	205.00	209.00	224.00	226.00	226.00	223.00	221.00	222.00	223.00	226.00	232.00	243.00	244.00	245.00	250.00	253.00	255.00	253.00	253.00	256.00	258.00	256.00	257.00	258.00	259.00	259.00	261.00	262.00	261.00	257.00	256.00	257.00	261.00	266.00	267.00	267.00	268.00	265.00	259.00	259.00	258.00	256.00	255.00	255.00	252.00	248.00	246.00	243.00	241.00	239.00	234.00	230.00	219.00	214.00	205.00	202.00	189.00	183.00	176.00	168.00	159.00	142.00	131.00	124.00	120.00	103.00	92.00	79.00	64.00	59.00	75.00	80.00	78.00	66.00	21.00	10.00	7.00	9.00	5.00	5.00	3.00	2.00	2.00	2.00	1.00	1.00	1.00	8.00	16.00	37.00	60.00	80.00	111.00	122.00	132.00	137.00	111.00	103.00	104.00	108.00	112.00	100.00	86.00	73.00	59.00	21.00	15.00	25.00	33.00	36.00	37.00	39.00	41.00	44.00	59.00	63.00	65.00	72.00	72.00	76.00	87.00	93.00	99.00	122.00	128.00	132.00	139.00	145.00	153.00	154.00	156.00	158.00	159.00	162.00	164.00	165.00	168.00	168.00	170.00	171.00	171.00	167.00	168.00	165.00	159.00	152.00	137.00	123.00	120.00	127.00	148.00	156.00	160.00	164.00	166.00	160.00	154.00	155.00	152.00	122.00	117.00	116.00	115.00	113.00	111.00	111.00	112.00	115.00	111.00	120.00	128.00	133.00	129.00	134.00	140.00	146.00	157.00	193.00	210.00	222.00	240.00	246.00	252.00	251.00	245.00	242.00	236.00	231.00	224.00	216.00	195.00	182.00	176.00	169.00	158.00	143.00	140.00	141.00	142.00	140.00	149.00	150.00	149.00	150.00	152.00	154.00	157.00	162.00	166.00	169.00	172.00	180.00	183.00	192.00	195.00	200.00	205.00	217.00	218.00	223.00	232.00	235.00	233.00	234.00	238.00	241.00	240.00	243.00	246.00	250.00	255.00	257.00	256.00	260.00	264.00	267.00	269.00	271.00	272.00	273.00	275.00	281.00	293.00	299.00
153.00	172.00	182.00	199.00	202.00	198.00	195.00	190.00	189.00	191.00	195.00	200.00	205.00	209.00	224.00	226.00	226.00	223.00	221.00	222.00	223.00	226.00	232.00	243.00	244.00	245.00	250.00	253.00	255.00	253.00	253.00	256.00	258.00	256.00	257.00	258.00	259.00	259.00	261.00	262.00	261.00	257.00	256.00	257.00	261.00	266.00	267.00	267.00	268.00	265.00	259.00	259.00	258.00	256.00	255.00	255.00	252.00	248.00	246.00	243.00	241.00	239.00	234.00	230.00	219.00	214.00	205.00	202.00	189.00	183.00	176.00	168.00	159.00	142.00	131.00	124.00	120.00	103.00	92.00	79.00	64.00	59.00	75.00	80.00	78.00	66.00	21.00	10.00	7.00	9.00	5.00	5.00	3.00	2.00	2.00	2.00	1.00	1.00	1.00	8.00	16.00	37.00	60.00	80.00	111.00	122.00	132.00	137.00	111.00	103.00	104.00	108.00	112.00	100.00	86.00	73.00	59.00	21.00	15.00	25.00	33.00	36.00	37.00	39.00	41.00	44.00	59.00	63.00	65.00	72.00	72.00	76.00	87.00	93.00	99.00	122.00	128.00	132.00	139.00	145.00	153.00	154.00	156.00	158.00	159.00	162.00	164.00	165.00	168.00	168.00	170.00	171.00	171.00	167.00	168.00	165.00	159.00	152.00	137.00	123.00	120.00	127.00	148.00	156.00	160.00	164.00	166.00	160.00	154.00	155.00	152.00	122.00	117.00	116.00	115.00	113.00	111.00	111.00	112.00	115.00	111.00	120.00	128.00	133.00	129.00	134.00	140.00	146.00	157.00	193.00	210.00	222.00	240.00	246.00	252.00	251.00	245.00	242.00	236.00	231.00	224.00	216.00	195.00	182.00	176.00	169.00	158.00	143.00	140.00	141.00	142.00	140.00	149.00	150.00	149.00	150.00	152.00	154.00	157.00	162.00	166.00	169.00	172.00	180.00	183.00	192.00	195.00	200.00	205.00	217.00	218.00	223.00	232.00	235.00	233.00	234.00	238.00	241.00	240.00	243.00	246.00	250.00	255.00	257.00	256.00	260.00	264.00	267.00	269.00	271.00	272.00	273.00	275.00	281.00	293.00	299.00
153.00	172.00	182.00	199.00	202.00	198.00	195.00	190.00	189.00	191.00	195.00	200.00	205.00	209.00	224.00	226.00	226.00	223.00	221.00	222.00	223.00	226.00	232.00	243.00	244.00	245.00	250.00	253.00	255.00	253.00	253.00	256.00	258.00	256.00	257.00	258.00	259.00	259.00	261.00	262.00	261.00	257.00	256.00	257.00	261.00	266.00	267.00	267.00	268.00	265.00	259.00	259.00	258.00	256.00	255.00	255.00	252.00	248.00	246.00	243.00	241.00	239.00	234.00	230.00	219.00	214.00	205.00	202.00	189.00	183.00	176.00	168.00	159.00	142.00	131.00	124.00	120.00	103.00	92.00	79.00	64.00	59.00	75.00	80.00	78.00	66.00	21.00	10.00	7.00	9.00	5.00	5.00	3.00	2.00	2.00	2.00	1.00	1.00	1.00	8.00	16.00	37.00	60.00	80.00	111.00	122.00	132.00	137.00	111.00	103.00	104.00	108.00	112.00	100.00	86.00	73.00	59.00	21.00	15.00	25.00	33.00	36.00	37.00	39.00	41.00	44.00	59.00	63.00	65.00	72.00	72.00	76.00	87.00	93.00	99.00	122.00	128.00	132.00	139.00	145.00	153.00	154.00	156.00	158.00	159.00	162.00	164.00	165.00	168.00	168.00	170.00	171.00	171.00	167.00	168.00	165.00	159.00	152.00	137.00	123.00	120.00	127.00	148.00	156.00	160.00	164.00	166.00	160.00	154.00	155.00	152.00	122.00	117.00	116.00	115.00	113.00	111.00	111.00	112.00	115.00	111.00	120.00	128.00	133.00	129.00	134.00	140.00	146.00	157.00	193.00	210.00	222.00	240.00	246.00	252.00	251.00	245.00	242.00	236.00	231.00	224.00	216.00	195.00	182.00	176.00	169.00	158.00	143.00	140.00	141.00	142.00	140.00	149.00	150.00	149.00	150.00	152.00	154.00	157.00	162.00	166.00	169.00	172.00	180.00	183.00	192.00	195.00	200.00	205.00	217.00	218.00	223.00	232.00	235.00	233.00	234.00	238.00	241.00	240.00	243.00	246.00	250.00	255.00	257.00	256.00	260.00	264.00	267.00	269.00	271.00	272.00	273.00	275.00	281.00	293.00	299.00
189.00	199.00	208.00	220.00	221.00	230.00	238.00	244.00	244.00	245.00	246.00	243.00	242.00	244.00	247.00	251.00	256.00	257.00	257.00	262.00	263.00	259.00	262.00	258.00	259.00	260.00	262.00	264.00	265.00	265.00	264.00	261.00	260.00	260.00	266.00	267.00	267.00	268.00	269.00	269.00	268.00	268.00	269.00	272.00	272.00	272.00	270.00	268.00	270.00	273.00	273.00	273.00	272.00	269.00	266.00	263.00	261.00	262.00	262.00	252.00	247.00	244.00	241.00	238.00	230.00	226.00	219.00	212.00	205.00	198.00	188.00	179.00	168.00	152.00	153.00	161.00	155.00	130.00	120.00	108.00	98.00	92.00	76.00	64.00	49.00	37.00	9.00	6.00	5.00	7.00	13.00	13.00	12.00	12.00	9.00	11.00	13.00	28.00	45.00	81.00	100.00	128.00	155.00	176.00	187.00	185.00	185.00	184.00	191.00	189.00	189.00	192.00	193.00	181.00	163.00	145.00	122.00	65.00	16.00	11.00	17.00	26.00	48.00	69.00	89.00	99.00	111.00	108.00	106.00	106.00	103.00	113.00	125.00	136.00	144.00	150.00	147.00	151.00	156.00	163.00	166.00	165.00	165.00	168.00	168.00	170.00	176.00	176.00	175.00	181.00	181.00	179.00	179.00	180.00	178.00	177.00	172.00	165.00	146.00	137.00	128.00	122.00	120.00	121.00	124.00	124.00	124.00	124.00	122.00	119.00	119.00	111.00	112.00	119.00	128.00	135.00	149.00	152.00	152.00	149.00	139.00	136.00	134.00	136.00	143.00	155.00	164.00	167.00	171.00	202.00	217.00	230.00	254.00	265.00	275.00	272.00	262.00	248.00	224.00	212.00	200.00	189.00	178.00	166.00	159.00	155.00	152.00	147.00	147.00	146.00	147.00	145.00	144.00	141.00	140.00	139.00	143.00	140.00	141.00	147.00	152.00	149.00	152.00	161.00	163.00	172.00	177.00	182.00	189.00	205.00	214.00	225.00	232.00	233.00	224.00	223.00	221.00	222.00	240.00	251.00	261.00	266.00	268.00	268.00	267.00	267.00	266.00	272.00	280.00	282.00	283.00	282.00	284.00	288.00	297.00	303.00
189.00	199.00	208.00	220.00	221.00	230.00	238.00	244.00	244.00	245.00	246.00	243.00	242.00	244.00	247.00	251.00	256.00	257.00	257.00	262.00	263.00	259.00	262.00	258.00	259.00	260.00	262.00	264.00	265.00	265.00	264.00	261.00	260.00	260.00	266.00	267.00	267.00	268.00	269.00	269.00	268.00	268.00	269.00	272.00	272.00	272.00	270.00	268.00	270.00	273.00	273.00	273.00	272.00	269.00	266.00	263.00	261.00	262.00	262.00	252.00	247.00	244.00	241.00	238.00	230.00	226.00	219.00	212.00	205.00	198.00	188.00	179.00	168.00	152.00	153.00	161.00	155.00	130.00	120.00	108.00	98.00	92.00	76.00	64.00	49.00	37.00	9.00	6.00	5.00	7.00	13.00	13.00	12.00	12.00	9.00	11.00	13.00	28.00	45.00	81.00	100.00	128.00	155.00	176.00	187.00	185.00	185.00	184.00	191.00	189.00	189.00	192.00	193.00	181.00	163.00	145.00	122.00	65.00	16.00	11.00	17.00	26.00	48.00	69.00	89.00	99.00	111.00	108.00	106.00	106.00	103.00	113.00	125.00	136.00	144.00	150.00	147.00	151.00	156.00	163.00	166.00	165.00	165.00	168.00	168.00	170.00	176.00	176.00	175.00	181.00	181.00	179.00	179.00	180.00	178.00	177.00	172.00	165.00	146.00	137.00	128.00	122.00	120.00	121.00	124.00	124.00	124.00	124.00	122.00	119.00	119.00	111.00	112.00	119.00	128.00	135.00	149.00	152.00	152.00	149.00	139.00	136.00	134.00	136.00	143.00	155.00	164.00	167.00	171.00	202.00	217.00	230.00	254.00	265.00	275.00	272.00	262.00	248.00	224.00	212.00	200.00	189.00	178.00	166.00	159.00	155.00	152.00	147.00	147.00	146.00	147.00	145.00	144.00	141.00	140.00	139.00	143.00	140.00	141.00	147.00	152.00	149.00	152.00	161.00	163.00	172.00	177.00	182.00	189.00	205.00	214.00	225.00	232.00	233.00	224.00	223.00	221.00	222.00	240.00	251.00	261.00	266.00	268.00	268.00	267.00	267.00	266.00	272.00	280.00	282.00	283.00	282.00	284.00	288.00	297.00	303.00
189.00	199.00	208.00	220.00	221.00	230.00	238.00	244.00	244.00	245.00	246.00	243.00	242.00	244.00	247.00	251.00	256.00	257.00	257.00	262.00	263.00	259.00	262.00	258.00	259.00	260.00	262.00	264.00	265.00	265.00	264.00	261.00	260.00	260.00	266.00	267.00	267.00	268.00	269.00	269.00	268.00	268.00	269.00	272.00	272.00	272.00	270.00	268.00	270.00	273.00	273.00	273.00	272.00	269.00	266.00	263.00	261.00	262.00	262.00	252.00	247.00	244.00	241.00	238.00	230.00	226.00	219.00	212.00	205.00	198.00	188.00	179.00	168.00	152.00	153.00	161.00	155.00	130.00	120.00	108.00	98.00	92.00	76.00	64.00	49.00	37.00	9.00	6.00	5.00	7.00	13.00	13.00	12.00	12.00	9.00	11.00	13.00	28.00	45.00	81.00	100.00	128.00	155.00	176.00	187.00	185.00	185.00	184.00	191.00	189.00	189.00	192.00	193.00	181.00	163.00	145.00	122.00	65.00	16.00	11.00	17.00	26.00	48.00	69.00	89.00	99.00	111.00	108.00	106.00	106.00	103.00	113.00	125.00	136.00	144.00	150.00	147.00	151.00	156.00	163.00	166.00	165.00	165.00	168.00	168.00	170.00	176.00	176.00	175.00	181.00	181.00	179.00	179.00	180.00	178.00	177.00	172.00	165.00	146.00	137.00	128.00	122.00	120.00	121.00	124.00	124.00	124.00	124.00	122.00	119.00	119.00	111.00	112.00	119.00	128.00	135.00	149.00	152.00	152.00	149.00	139.00	136.00	134.00	136.00	143.00	155.00	164.00	167.00	171.00	202.00	217.00	230.00	254.00	265.00	275.00	272.00	262.00	248.00	224.00	212.00	200.00	189.00	178.00	166.00	159.00	155.00	152.00	147.00	147.00	146.00	147.00	145.00	144.00	141.00	140.00	139.00	143.00	140.00	141.00	147.00	152.00	149.00	152.00	161.00	163.00	172.00	177.00	182.00	189.00	205.00	214.00	225.00	232.00	233.00	224.00	223.00	221.00	222.00	240.00	251.00	261.00	266.00	268.00	268.00	267.00	267.00	266.00	272.00	280.00	282.00	283.00	282.00	284.00	288.00	297.00	303.00
189.00	199.00	208.00	220.00	221.00	230.00	238.00	244.00	244.00	245.00	246.00	243.00	242.00	244.00	247.00	251.00	256.00	257.00	257.00	262.00	263.00	259.00	262.00	258.00	259.00	260.00	262.00	264.00	265.00	265.00	264.00	261.00	260.00	260.00	266.00	267.00	267.00	268.00	269.00	269.00	268.00	268.00	269.00	272.00	272.00	272.00	270.00	268.00	270.00	273.00	273.00	273.00	272.00	269.00	266.00	263.00	261.00	262.00	262.00	252.00	247.00	244.00	241.00	238.00	230.00	226.00	219.00	212.00	205.00	198.00	188.00	179.00	168.00	152.00	153.00	161.00	155.00	130.00	120.00	108.00	98.00	92.00	76.00	64.00	49.00	37.00	9.00	6.00	5.00	7.00	13.00	13.00	12.00	12.00	9.00	11.00	13.00	28.00	45.00	81.00	100.00	128.00	155.00	176.00	187.00	185.00	185.00	184.00	191.00	189.00	189.00	192.00	193.00	181.00	163.00	145.00	122.00	65.00	16.00	11.00	17.00	26.00	48.00	69.00	89.00	99.00	111.00	108.00	106.00	106.00	103.00	113.00	125.00	136.00	144.00	150.00	147.00	151.00	156.00	163.00	166.00	165.00	165.00	168.00	168.00	170.00	176.00	176.00	175.00	181.00	181.00	179.00	179.00	180.00	178.00	177.00	172.00	165.00	146.00	137.00	128.00	122.00	120.00	121.00	124.00	124.00	124.00	124.00	122.00	119.00	119.00	111.00	112.00	119.00	128.00	135.00	149.00	152.00	152.00	149.00	139.00	136.00	134.00	136.00	143.00	155.00	164.00	167.00	171.00	202.00	217.00	230.00	254.00	265.00	275.00	272.00	262.00	248.00	224.00	212.00	200.00	189.00	178.00	166.00	159.00	155.00	152.00	147.00	147.00	146.00	147.00	145.00	144.00	141.00	140.00	139.00	143.00	140.00	141.00	147.00	152.00	149.00	152.00	161.00	163.00	172.00	177.00	182.00	189.00	205.00	214.00	225.00	232.00	233.00	224.00	223.00	221.00	222.00	240.00	251.00	261.00	266.00	268.00	268.00	267.00	267.00	266.00	272.00	280.00	282.00	283.00	282.00	284.00	288.00	297.00	303.00
231.00	246.00	253.00	261.00	263.00	265.00	268.00	273.00	275.00	278.00	277.00	277.00	278.00	279.00	285.00	287.00	290.00	293.00	293.00	302.00	302.00	305.00	304.00	294.00	291.00	288.00	285.00	283.00	282.00	281.00	280.00	278.00	273.00	271.00	270.00	273.00	275.00	274.00	275.00	278.00	281.00	281.00	281.00	280.00	281.00	277.00	275.00	275.00	276.00	277.00	278.00	278.00	277.00	276.00	276.00	277.00	272.00	266.00	261.00	256.00	252.00	248.00	246.00	245.00	243.00	240.00	234.00	230.00	213.00	206.00	198.00	189.00	182.00	171.00	168.00	165.00	152.00	145.00	142.00	134.00	121.00	112.00	98.00	78.00	50.00	25.00	8.00	14.00	24.00	38.00	63.00	68.00	73.00	77.00	77.00	100.00	115.00	136.00	149.00	163.00	155.00	152.00	167.00	181.00	202.00	207.00	213.00	218.00	230.00	231.00	230.00	226.00	222.00	198.00	171.00	141.00	109.00	43.00	10.00	19.00	42.00	66.00	104.00	125.00	145.00	161.00	174.00	172.00	177.00	170.00	164.00	182.00	183.00	179.00	177.00	179.00	181.00	179.00	177.00	177.00	176.00	175.00	178.00	182.00	188.00	187.00	188.00	186.00	185.00	185.00	185.00	186.00	186.00	186.00	184.00	180.00	176.00	169.00	159.00	160.00	166.00	158.00	147.00	145.00	141.00	137.00	133.00	112.00	111.00	111.00	112.00	151.00	168.00	182.00	193.00	195.00	185.00	181.00	178.00	173.00	163.00	158.00	167.00	173.00	178.00	188.00	187.00	185.00	184.00	204.00	217.00	225.00	253.00	268.00	274.00	272.00	265.00	254.00	234.00	219.00	205.00	194.00	175.00	164.00	158.00	155.00	153.00	154.00	155.00	153.00	150.00	148.00	143.00	137.00	135.00	131.00	133.00	140.00	155.00	170.00	176.00	145.00	139.00	165.00	189.00	205.00	207.00	215.00	222.00	230.00	228.00	229.00	231.00	233.00	245.00	253.00	262.00	274.00	291.00	302.00	314.00	319.00	314.00	307.00	299.00	298.00	299.00	287.00	283.00	287.00	292.00	292.00	293.00	294.00	292.00	295.00
231.00	246.00	253.00	261.00	263.00	265.00	268.00	273.00	275.00	278.00	277.00	277.00	278.00	279.00	285.00	287.00	290.00	293.00	293.00	302.00	302.00	305.00	304.00	294.00	291.00	288.00	285.00	283.00	282.00	281.00	280.00	278.00	273.00	271.00	270.00	273.00	275.00	274.00	275.00	278.00	281.00	281.00	281.00	280.00	281.00	277.00	275.00	275.00	276.00	277.00	278.00	278.00	277.00	276.00	276.00	277.00	272.00	266.00	261.00	256.00	252.00	248.00	246.00	245.00	243.00	240.00	234.00	230.00	213.00	206.00	198.00	189.00	182.00	171.00	168.00	165.00	152.00	145.00	142.00	134.00	121.00	112.00	98.00	78.00	50.00	25.00	8.00	14.00	24.00	38.00	63.00	68.00	73.00	77.00	77.00	100.00	115.00	136.00	149.00	163.00	155.00	152.00	167.00	181.00	202.00	207.00	213.00	218.00	230.00	231.00	230.00	226.00	222.00	198.00	171.00	141.00	109.00	43.00	10.00	19.00	42.00	66.00	104.00	125.00	145.00	161.00	174.00	172.00	177.00	170.00	164.00	182.00	183.00	179.00	177.00	179.00	181.00	179.00	177.00	177.00	176.00	175.00	178.00	182.00	188.00	187.00	188.00	186.00	185.00	185.00	185.00	186.00	186.00	186.00	184.00	180.00	176.00	169.00	159.00	160.00	166.00	158.00	147.00	145.00	141.00	137.00	133.00	112.00	111.00	111.00	112.00	151.00	168.00	182.00	193.00	195.00	185.00	181.00	178.00	173.00	163.00	158.00	167.00	173.00	178.00	188.00	187.00	185.00	184.00	204.00	217.00	225.00	253.00	268.00	274.00	272.00	265.00	254.00	234.00	219.00	205.00	194.00	175.00	164.00	158.00	155.00	153.00	154.00	155.00	153.00	150.00	148.00	143.00	137.00	135.00	131.00	133.00	140.00	155.00	170.00	176.00	145.00	139.00	165.00	189.00	205.00	207.00	215.00	222.00	230.00	228.00	229.00	231.00	233.00	245.00	253.00	262.00	274.00	291.00	302.00	314.00	319.00	314.00	307.00	299.00	298.00	299.00	287.00	283.00	287.00	292.00	292.00	293.00	294.00	292.00	295.00
231.00	246.00	253.00	261.00	263.00	265.00	268.00	273.00	275.00	278.00	277.00	277.00	278.00	279.00	285.00	287.00	290.00	293.00	293.00	302.00	302.00	305.00	304.00	294.00	291.00	288.00	285.00	283.00	282.00	281.00	280.00	278.00	273.00	271.00	270.00	273.00	275.00	274.00	275.00	278.00	281.00	281.00	281.00	280.00	281.00	277.00	275.00	275.00	276.00	277.00	278.00	278.00	277.00	276.00	276.00	277.00	272.00	266.00	261.00	256.00	252.00	248.00	246.00	245.00	243.00	240.00	234.00	230.00	213.00	206.00	198.00	189.00	182.00	171.00	168.00	165.00	152.00	145.00	142.00	134.00	121.00	112.00	98.00	78.00	50.00	25.00	8.00	14.00	24.00	38.00	63.00	68.00	73.00	77.00	77.00	100.00	115.00	136.00	149.00	163.00	155.00	152.00	167.00	181.00	202.00	207.00	213.00	218.00	230.00	231.00	230.00	226.00	222.00	198.00	171.00	141.00	109.00	43.00	10.00	19.00	42.00	66.00	104.00	125.00	145.00	161.00	174.00	172.00	177.00	170.00	164.00	182.00	183.00	179.00	177.00	179.00	181.00	179.00	177.00	177.00	176.00	175.00	178.00	182.00	188.00	187.00	188.00	186.00	185.00	185.00	185.00	186.00	186.00	186.00	184.00	180.00	176.00	169.00	159.00	160.00	166.00	158.00	147.00	145.00	141.00	137.00	133.00	112.00	111.00	111.00	112.00	151.00	168.00	182.00	193.00	195.00	185.00	181.00	178.00	173.00	163.00	158.00	167.00	173.00	178.00	188.00	187.00	185.00	184.00	204.00	217.00	225.00	253.00	268.00	274.00	272.00	265.00	254.00	234.00	219.00	205.00	194.00	175.00	164.00	158.00	155.00	153.00	154.00	155.00	153.00	150.00	148.00	143.00	137.00	135.00	131.00	133.00	140.00	155.00	170.00	176.00	145.00	139.00	165.00	189.00	205.00	207.00	215.00	222.00	230.00	228.00	229.00	231.00	233.00	245.00	253.00	262.00	274.00	291.00	302.00	314.00	319.00	314.00	307.00	299.00	298.00	299.00	287.00	283.00	287.00	292.00	292.00	293.00	294.00	292.00	295.00
254.00	273.00	280.00	292.00	298.00	301.00	303.00	308.00	311.00	308.00	308.00	313.00	314.00	319.00	324.00	328.00	331.00	330.00	327.00	332.00	331.00	333.00	336.00	335.00	332.00	329.00	326.00	323.00	319.00	319.00	317.00	314.00	308.00	304.00	298.00	295.00	292.00	287.00	287.00	287.00	287.00	288.00	289.00	289.00	289.00	289.00	289.00	287.00	287.00	289.00	285.00	284.00	285.00	285.00	284.00	275.00	273.00	271.00	269.00	259.00	259.00	260.00	258.00	254.00	252.00	249.00	240.00	238.00	228.00	224.00	215.00	206.00	199.00	187.00	179.00	173.00	164.00	147.00	142.00	135.00	129.00	122.00	98.00	84.00	79.00	77.00	106.00	122.00	138.00	148.00	165.00	170.00	172.00	187.00	202.00	204.00	194.00	173.00	163.00	163.00	167.00	171.00	174.00	183.00	196.00	204.00	216.00	226.00	231.00	230.00	225.00	218.00	214.00	194.00	167.00	129.00	89.00	30.00	41.00	58.00	72.00	91.00	138.00	156.00	169.00	175.00	183.00	180.00	178.00	181.00	179.00	192.00	194.00	196.00	197.00	199.00	196.00	195.00	196.00	198.00	200.00	200.00	200.00	200.00	200.00	199.00	199.00	199.00	199.00	200.00	199.00	199.00	196.00	192.00	193.00	191.00	190.00	187.00	191.00	197.00	192.00	183.00	170.00	162.00	153.00	143.00	137.00	136.00	137.00	142.00	148.00	172.00	182.00	187.00	187.00	186.00	191.00	188.00	187.00	186.00	180.00	170.00	171.00	172.00	172.00	166.00	166.00	175.00	191.00	220.00	230.00	233.00	241.00	249.00	254.00	246.00	236.00	223.00	203.00	197.00	188.00	183.00	176.00	166.00	167.00	166.00	166.00	166.00	163.00	158.00	153.00	149.00	136.00	139.00	150.00	165.00	186.00	192.00	207.00	224.00	233.00	176.00	138.00	164.00	194.00	237.00	256.00	262.00	263.00	268.00	261.00	258.00	268.00	280.00	315.00	315.00	314.00	318.00	335.00	334.00	332.00	332.00	332.00	326.00	317.00	310.00	305.00	312.00	307.00	301.00	295.00	292.00	291.00	299.00	326.00	329.00
254.00	273.00	280.00	292.00	298.00	301.00	303.00	308.00	311.00	308.00	308.00	313.00	314.00	319.00	324.00	328.00	331.00	330.00	327.00	332.00	331.00	333.00	336.00	335.00	332.00	329.00	326.00	323.00	319.00	319.00	317.00	314.00	308.00	304.00	298.00	295.00	292.00	287.00	287.00	287.00	287.00	288.00	289.00	289.00	289.00	289.00	289.00	287.00	287.00	289.00	285.00	284.00	285.00	285.00	284.00	275.00	273.00	271.00	269.00	259.00	259.00	260.00	258.00	254.00	252.00	249.00	240.00	238.00	228.00	224.00	215.00	206.00	199.00	187.00	179.00	173.00	164.00	147.00	142.00	135.00	129.00	122.00	98.00	84.00	79.00	77.00	106.00	122.00	138.00	148.00	165.00	170.00	172.00	187.00	202.00	204.00	194.00	173.00	163.00	163.00	167.00	171.00	174.00	183.00	196.00	204.00	216.00	226.00	231.00	230.00	225.00	218.00	214.00	194.00	167.00	129.00	89.00	30.00	41.00	58.00	72.00	91.00	138.00	156.00	169.00	175.00	183.00	180.00	178.00	181.00	179.00	192.00	194.00	196.00	197.00	199.00	196.00	195.00	196.00	198.00	200.00	200.00	200.00	200.00	200.00	199.00	199.00	199.00	199.00	200.00	199.00	199.00	196.00	192.00	193.00	191.00	190.00	187.00	191.00	197.00	192.00	183.00	170.00	162.00	153.00	143.00	137.00	136.00	137.00	142.00	148.00	172.00	182.00	187.00	187.00	186.00	191.00	188.00	187.00	186.00	180.00	170.00	171.00	172.00	172.00	166.00	166.00	175.00	191.00	220.00	230.00	233.00	241.00	249.00	254.00	246.00	236.00	223.00	203.00	197.00	188.00	183.00	176.00	166.00	167.00	166.00	166.00	166.00	163.00	158.00	153.00	149.00	136.00	139.00	150.00	165.00	186.00	192.00	207.00	224.00	233.00	176.00	138.00	164.00	194.00	237.00	256.00	262.00	263.00	268.00	261.00	258.00	268.00	280.00	315.00	315.00	314.00	318.00	335.00	334.00	332.00	332.00	332.00	326.00	317.00	310.00	305.00	312.00	307.00	301.00	295.00	292.00	291.00	299.00	326.00	329.00
254.00	273.00	280.00	292.00	298.00	301.00	303.00	308.00	311.00	308.00	308.00	313.00	314.00	319.00	324.00	328.00	331.00	330.00	327.00	332.00	331.00	333.00	336.00	335.00	332.00	329.00	326.00	323.00	319.00	319.00	317.00	314.00	308.00	304.00	298.00	295.00	292.00	287.00	287.00	287.00	287.00	288.00	289.00	289.00	289.00	289.00	289.00	287.00	287.00	289.00	285.00	284.00	285.00	285.00	284.00	275.00	273.00	271.00	269.00	259.00	259.00	260.00	258.00	254.00	252.00	249.00	240.00	238.00	228.00	224.00	215.00	206.00	199.00	187.00	179.00	173.00	164.00	147.00	142.00	135.00	129.00	122.00	98.00	84.00	79.00	77.00	106.00	122.00	138.00	148.00	165.00	170.00	172.00	187.00	202.00	204.00	194.00	173.00	163.00	163.00	167.00	171.00	174.00	183.00	196.00	204.00	216.00	226.00	231.00	230.00	225.00	218.00	214.00	194.00	167.00	129.00	89.00	30.00	41.00	58.00	72.00	91.00	138.00	156.00	169.00	175.00	183.00	180.00	178.00	181.00	179.00	192.00	194.00	196.00	197.00	199.00	196.00	195.00	196.00	198.00	200.00	200.00	200.00	200.00	200.00	199.00	199.00	199.00	199.00	200.00	199.00	199.00	196.00	192.00	193.00	191.00	190.00	187.00	191.00	197.00	192.00	183.00	170.00	162.00	153.00	143.00	137.00	136.00	137.00	142.00	148.00	172.00	182.00	187.00	187.00	186.00	191.00	188.00	187.00	186.00	180.00	170.00	171.00	172.00	172.00	166.00	166.00	175.00	191.00	220.00	230.00	233.00	241.00	249.00	254.00	246.00	236.00	223.00	203.00	197.00	188.00	183.00	176.00	166.00	167.00	166.00	166.00	166.00	163.00	158.00	153.00	149.00	136.00	139.00	150.00	165.00	186.00	192.00	207.00	224.00	233.00	176.00	138.00	164.00	194.00	237.00	256.00	262.00	263.00	268.00	261.00	258.00	268.00	280.00	315.00	315.00	314.00	318.00	335.00	334.00	332.00	332.00	332.00	326.00	317.00	310.00	305.00	312.00	307.00	301.00	295.00	292.00	291.00	299.00	326.00	329.00
284.00	297.00	302.00	309.00	313.00	319.00	319.00	321.00	325.00	326.00	324.00	327.00	331.00	336.00	341.00	343.00	346.00	349.00	351.00	351.00	349.00	348.00	348.00	350.00	351.00	350.00	351.00	353.00	353.00	352.00	350.00	347.00	344.00	343.00	335.00	330.00	325.00	316.00	313.00	309.00	306.00	301.00	297.00	298.00	296.00	296.00	297.00	297.00	297.00	297.00	294.00	295.00	297.00	299.00	297.00	283.00	279.00	276.00	274.00	271.00	270.00	268.00	264.00	259.00	253.00	253.00	254.00	251.00	248.00	243.00	239.00	233.00	226.00	213.00	207.00	202.00	187.00	174.00	173.00	178.00	170.00	155.00	152.00	172.00	186.00	195.00	213.00	211.00	195.00	181.00	203.00	220.00	229.00	229.00	226.00	210.00	199.00	172.00	163.00	154.00	156.00	161.00	167.00	177.00	198.00	205.00	212.00	215.00	215.00	210.00	206.00	198.00	192.00	175.00	164.00	148.00	125.00	82.00	82.00	89.00	98.00	112.00	146.00	160.00	173.00	187.00	195.00	193.00	194.00	203.00	198.00	196.00	201.00	204.00	206.00	210.00	210.00	208.00	208.00	209.00	213.00	214.00	216.00	216.00	215.00	215.00	213.00	212.00	213.00	214.00	209.00	207.00	204.00	205.00	204.00	202.00	202.00	204.00	220.00	219.00	200.00	188.00	167.00	161.00	163.00	169.00	175.00	177.00	173.00	172.00	182.00	189.00	184.00	179.00	169.00	163.00	165.00	168.00	171.00	168.00	156.00	149.00	149.00	149.00	153.00	173.00	188.00	195.00	202.00	211.00	214.00	218.00	226.00	228.00	231.00	231.00	226.00	218.00	209.00	207.00	208.00	205.00	200.00	184.00	182.00	178.00	173.00	169.00	171.00	168.00	164.00	161.00	188.00	212.00	230.00	240.00	257.00	253.00	253.00	259.00	264.00	247.00	194.00	163.00	209.00	287.00	319.00	346.00	367.00	379.00	378.00	377.00	372.00	369.00	385.00	374.00	358.00	347.00	339.00	338.00	339.00	337.00	335.00	338.00	339.00	344.00	348.00	340.00	332.00	322.00	312.00	310.00	370.00	402.00	433.00	429.00
284.00	297.00	302.00	309.00	313.00	319.00	319.00	321.00	325.00	326.00	324.00	327.00	331.00	336.00	341.00	343.00	346.00	349.00	351.00	351.00	349.00	348.00	348.00	350.00	351.00	350.00	351.00	353.00	353.00	352.00	350.00	347.00	344.00	343.00	335.00	330.00	325.00	316.00	313.00	309.00	306.00	301.00	297.00	298.00	296.00	296.00	297.00	297.00	297.00	297.00	294.00	295.00	297.00	299.00	297.00	283.00	279.00	276.00	274.00	271.00	270.00	268.00	264.00	259.00	253.00	253.00	254.00	251.00	248.00	243.00	239.00	233.00	226.00	213.00	207.00	202.00	187.00	174.00	173.00	178.00	170.00	155.00	152.00	172.00	186.00	195.00	213.00	211.00	195.00	181.00	203.00	220.00	229.00	229.00	226.00	210.00	199.00	172.00	163.00	154.00	156.00	161.00	167.00	177.00	198.00	205.00	212.00	215.00	215.00	210.00	206.00	198.00	192.00	175.00	164.00	148.00	125.00	82.00	82.00	89.00	98.00	112.00	146.00	160.00	173.00	187.00	195.00	193.00	194.00	203.00	198.00	196.00	201.00	204.00	206.00	210.00	210.00	208.00	208.00	209.00	213.00	214.00	216.00	216.00	215.00	215.00	213.00	212.00	213.00	214.00	209.00	207.00	204.00	205.00	204.00	202.00	202.00	204.00	220.00	219.00	200.00	188.00	167.00	161.00	163.00	169.00	175.00	177.00	173.00	172.00	182.00	189.00	184.00	179.00	169.00	163.00	165.00	168.00	171.00	168.00	156.00	149.00	149.00	149.00	153.00	173.00	188.00	195.00	202.00	211.00	214.00	218.00	226.00	228.00	231.00	231.00	226.00	218.00	209.00	207.00	208.00	205.00	200.00	184.00	182.00	178.00	173.00	169.00	171.00	168.00	164.00	161.00	188.00	212.00	230.00	240.00	257.00	253.00	253.00	259.00	264.00	247.00	194.00	163.00	209.00	287.00	319.00	346.00	367.00	379.00	378.00	377.00	372.00	369.00	385.00	374.00	358.00	347.00	339.00	338.00	339.00	337.00	335.00	338.00	339.00	344.00	348.00	340.00	332.00	322.00	312.00	310.00	370.00	402.00	433.00	429.00
284.00	297.00	302.00	309.00	313.00	319.00	319.00	321.00	325.00	326.00	324.00	327.00	331.00	336.00	341.00	343.00	346.00	349.00	351.00	351.00	349.00	348.00	348.00	350.00	351.00	350.00	351.00	353.00	353.00	352.00	350.00	347.00	344.00	343.00	335.00	330.00	325.00	316.00	313.00	309.00	306.00	301.00	297.00	298.00	296.00	296.00	297.00	297.00	297.00	297.00	294.00	295.00	297.00	299.00	297.00	283.00	279.00	276.00	274.00	271.00	270.00	268.00	264.00	259.00	253.00	253.00	254.00	251.00	248.00	243.00	239.00	233.00	226.00	213.00	207.00	202.00	187.00	174.00	173.00	178.00	170.00	155.00	152.00	172.00	186.00	195.00	213.00	211.00	195.00	181.00	203.00	220.00	229.00	229.00	226.00	210.00	199.00	172.00	163.00	154.00	156.00	161.00	167.00	177.00	198.00	205.00	212.00	215.00	215.00	210.00	206.00	198.00	192.00	175.00	164.00	148.00	125.00	82.00	82.00	89.00	98.00	112.00	146.00	160.00	173.00	187.00	195.00	193.00	194.00	203.00	198.00	196.00	201.00	204.00	206.00	210.00	210.00	208.00	208.00	209.00	213.00	214.00	216.00	216.00	215.00	215.00	213.00	212.00	213.00	214.00	209.00	207.00	204.00	205.00	204.00	202.00	202.00	204.00	220.00	219.00	200.00	188.00	167.00	161.00	163.00	169.00	175.00	177.00	173.00	172.00	182.00	189.00	184.00	179.00	169.00	163.00	165.00	168.00	171.00	168.00	156.00	149.00	149.00	149.00	153.00	173.00	188.00	195.00	202.00	211.00	214.00	218.00	226.00	228.00	231.00	231.00	226.00	218.00	209.00	207.00	208.00	205.00	200.00	184.00	182.00	178.00	173.00	169.00	171.00	168.00	164.00	161.00	188.00	212.00	230.00	240.00	257.00	253.00	253.00	259.00	264.00	247.00	194.00	163.00	209.00	287.00	319.00	346.00	367.00	379.00	378.00	377.00	372.00	369.00	385.00	374.00	358.00	347.00	339.00	338.00	339.00	337.00	335.00	338.00	339.00	344.00	348.00	340.00	332.00	322.00	312.00	310.00	370.00	402.00	433.00	429.00
298.00	303.00	306.00	317.00	321.00	331.00	330.00	330.00	333.00	336.00	344.00	348.00	351.00	351.00	355.00	355.00	357.00	358.00	360.00	366.00	366.00	365.00	365.00	361.00	362.00	362.00	363.00	363.00	362.00	361.00	362.00	360.00	354.00	353.00	351.00	348.00	345.00	339.00	334.00	330.00	326.00	317.00	313.00	310.00	312.00	311.00	311.00	312.00	314.00	316.00	308.00	303.00	297.00	295.00	295.00	292.00	291.00	292.00	291.00	283.00	279.00	275.00	270.00	268.00	262.00	262.00	261.00	257.00	246.00	243.00	241.00	238.00	235.00	227.00	221.00	216.00	208.00	208.00	210.00	208.00	195.00	179.00	185.00	193.00	195.00	200.00	210.00	212.00	208.00	209.00	215.00	212.00	208.00	207.00	203.00	194.00	190.00	176.00	169.00	153.00	151.00	158.00	162.00	163.00	173.00	177.00	177.00	176.00	172.00	167.00	160.00	151.00	140.00	129.00	125.00	118.00	111.00	118.00	130.00	131.00	129.00	133.00	146.00	156.00	166.00	176.00	184.00	190.00	199.00	209.00	212.00	218.00	219.00	220.00	222.00	223.00	224.00	228.00	229.00	230.00	228.00	227.00	229.00	230.00	228.00	229.00	231.00	230.00	226.00	221.00	223.00	224.00	223.00	218.00	215.00	212.00	210.00	213.00	221.00	225.00	232.00	231.00	228.00	227.00	226.00	222.00	217.00	211.00	209.00	205.00	202.00	200.00	213.00	221.00	211.00	199.00	185.00	176.00	167.00	164.00	152.00	153.00	156.00	167.00	177.00	184.00	192.00	204.00	214.00	225.00	233.00	240.00	253.00	252.00	255.00	252.00	249.00	240.00	227.00	228.00	228.00	227.00	218.00	212.00	205.00	199.00	196.00	183.00	182.00	176.00	172.00	176.00	246.00	266.00	285.00	299.00	319.00	332.00	335.00	333.00	332.00	312.00	290.00	211.00	224.00	298.00	336.00	368.00	394.00	419.00	425.00	428.00	426.00	427.00	426.00	406.00	383.00	364.00	343.00	340.00	337.00	339.00	336.00	340.00	360.00	364.00	366.00	369.00	368.00	364.00	356.00	366.00	449.00	488.00	528.00	533.00
298.00	303.00	306.00	317.00	321.00	331.00	330.00	330.00	333.00	336.00	344.00	348.00	351.00	351.00	355.00	355.00	357.00	358.00	360.00	366.00	366.00	365.00	365.00	361.00	362.00	362.00	363.00	363.00	362.00	361.00	362.00	360.00	354.00	353.00	351.00	348.00	345.00	339.00	334.00	330.00	326.00	317.00	313.00	310.00	312.00	311.00	311.00	312.00	314.00	316.00	308.00	303.00	297.00	295.00	295.00	292.00	291.00	292.00	291.00	283.00	279.00	275.00	270.00	268.00	262.00	262.00	261.00	257.00	246.00	243.00	241.00	238.00	235.00	227.00	221.00	216.00	208.00	208.00	210.00	208.00	195.00	179.00	185.00	193.00	195.00	200.00	210.00	212.00	208.00	209.00	215.00	212.00	208.00	207.00	203.00	194.00	190.00	176.00	169.00	153.00	151.00	158.00	162.00	163.00	173.00	177.00	177.00	176.00	172.00	167.00	160.00	151.00	140.00	129.00	125.00	118.00	111.00	118.00	130.00	131.00	129.00	133.00	146.00	156.00	166.00	176.00	184.00	190.00	199.00	209.00	212.00	218.00	219.00	220.00	222.00	223.00	224.00	228.00	229.00	230.00	228.00	227.00	229.00	230.00	228.00	229.00	231.00	230.00	226.00	221.00	223.00	224.00	223.00	218.00	215.00	212.00	210.00	213.00	221.00	225.00	232.00	231.00	228.00	227.00	226.00	222.00	217.00	211.00	209.00	205.00	202.00	200.00	213.00	221.00	211.00	199.00	185.00	176.00	167.00	164.00	152.00	153.00	156.00	167.00	177.00	184.00	192.00	204.00	214.00	225.00	233.00	240.00	253.00	252.00	255.00	252.00	249.00	240.00	227.00	228.00	228.00	227.00	218.00	212.00	205.00	199.00	196.00	183.00	182.00	176.00	172.00	176.00	246.00	266.00	285.00	299.00	319.00	332.00	335.00	333.00	332.00	312.00	290.00	211.00	224.00	298.00	336.00	368.00	394.00	419.00	425.00	428.00	426.00	427.00	426.00	406.00	383.00	364.00	343.00	340.00	337.00	339.00	336.00	340.00	360.00	364.00	366.00	369.00	368.00	364.00	356.00	366.00	449.00	488.00	528.00	533.00
298.00	303.00	306.00	317.00	321.00	331.00	330.00	330.00	333.00	336.00	344.00	348.00	351.00	351.00	355.00	355.00	357.00	358.00	360.00	366.00	366.00	365.00	365.00	361.00	362.00	362.00	363.00	363.00	362.00	361.00	362.00	360.00	354.00	353.00	351.00	348.00	345.00	339.00	334.00	330.00	326.00	317.00	313.00	310.00	312.00	311.00	311.00	312.00	314.00	316.00	308.00	303.00	297.00	295.00	295.00	292.00	291.00	292.00	291.00	283.00	279.00	275.00	270.00	268.00	262.00	262.00	261.00	257.00	246.00	243.00	241.00	238.00	235.00	227.00	221.00	216.00	208.00	208.00	210.00	208.00	195.00	179.00	185.00	193.00	195.00	200.00	210.00	212.00	208.00	209.00	215.00	212.00	208.00	207.00	203.00	194.00	190.00	176.00	169.00	153.00	151.00	158.00	162.00	163.00	173.00	177.00	177.00	176.00	172.00	167.00	160.00	151.00	140.00	129.00	125.00	118.00	111.00	118.00	130.00	131.00	129.00	133.00	146.00	156.00	166.00	176.00	184.00	190.00	199.00	209.00	212.00	218.00	219.00	220.00	222.00	223.00	224.00	228.00	229.00	230.00	228.00	227.00	229.00	230.00	228.00	229.00	231.00	230.00	226.00	221.00	223.00	224.00	223.00	218.00	215.00	212.00	210.00	213.00	221.00	225.00	232.00	231.00	228.00	227.00	226.00	222.00	217.00	211.00	209.00	205.00	202.00	200.00	213.00	221.00	211.00	199.00	185.00	176.00	167.00	164.00	152.00	153.00	156.00	167.00	177.00	184.00	192.00	204.00	214.00	225.00	233.00	240.00	253.00	252.00	255.00	252.00	249.00	240.00	227.00	228.00	228.00	227.00	218.00	212.00	205.00	199.00	196.00	183.00	182.00	176.00	172.00	176.00	246.00	266.00	285.00	299.00	319.00	332.00	335.00	333.00	332.00	312.00	290.00	211.00	224.00	298.00	336.00	368.00	394.00	419.00	425.00	428.00	426.00	427.00	426.00	406.00	383.00	364.00	343.00	340.00	337.00	339.00	336.00	340.00	360.00	364.00	366.00	369.00	368.00	364.00	356.00	366.00	449.00	488.00	528.00	533.00
310.00	320.00	321.00	321.00	325.00	330.00	334.00	340.00	346.00	349.00	357.00	359.00	359.00	359.00	367.00	371.00	371.00	370.00	371.00	374.00	375.00	377.00	376.00	374.00	372.00	372.00	370.00	369.00	369.00	366.00	364.00	365.00	359.00	355.00	351.00	349.00	346.00	342.00	340.00	336.00	332.00	331.00	330.00	328.00	328.00	329.00	325.00	327.00	324.00	320.00	315.00	312.00	310.00	310.00	309.00	302.00	301.00	298.00	296.00	289.00	289.00	289.00	288.00	287.00	281.00	277.00	272.00	271.00	268.00	268.00	265.00	262.00	258.00	249.00	244.00	240.00	238.00	243.00	246.00	244.00	237.00	227.00	215.00	220.00	229.00	235.00	249.00	256.00	256.00	259.00	266.00	262.00	257.00	255.00	257.00	245.00	241.00	234.00	229.00	209.00	199.00	191.00	180.00	170.00	152.00	150.00	147.00	143.00	134.00	131.00	124.00	118.00	117.00	131.00	127.00	122.00	126.00	141.00	150.00	151.00	154.00	157.00	163.00	168.00	175.00	183.00	201.00	207.00	211.00	219.00	222.00	227.00	228.00	230.00	232.00	235.00	236.00	238.00	239.00	239.00	233.00	234.00	238.00	239.00	238.00	238.00	237.00	235.00	234.00	238.00	237.00	235.00	233.00	232.00	230.00	230.00	231.00	230.00	234.00	237.00	240.00	239.00	233.00	233.00	234.00	233.00	229.00	221.00	216.00	212.00	210.00	210.00	209.00	211.00	210.00	203.00	198.00	196.00	195.00	197.00	215.00	216.00	217.00	226.00	236.00	249.00	251.00	258.00	268.00	273.00	272.00	273.00	269.00	266.00	262.00	261.00	258.00	256.00	253.00	254.00	256.00	255.00	249.00	239.00	230.00	222.00	214.00	186.00	180.00	178.00	188.00	212.00	299.00	327.00	350.00	372.00	408.00	413.00	409.00	400.00	390.00	371.00	360.00	320.00	288.00	261.00	275.00	302.00	334.00	384.00	405.00	420.00	429.00	435.00	447.00	434.00	409.00	385.00	358.00	354.00	353.00	354.00	357.00	366.00	369.00	371.00	377.00	387.00	389.00	387.00	385.00	384.00	397.00	428.00	502.00	526.00
310.00	320.00	321.00	321.00	325.00	330.00	334.00	340.00	346.00	349.00	357.00	359.00	359.00	359.00	367.00	371.00	371.00	370.00	371.00	374.00	375.00	377.00	376.00	374.00	372.00	372.00	370.00	369.00	369.00	366.00	364.00	365.00	359.00	355.00	351.00	349.00	346.00	342.00	340.00	336.00	332.00	331.00	330.00	328.00	328.00	329.00	325.00	327.00	324.00	320.00	315.00	312.00	310.00	310.00	309.00	302.00	301.00	298.00	296.00	289.00	289.00	289.00	288.00	287.00	281.00	277.00	272.00	271.00	268.00	268.00	265.00	262.00	258.00	249.00	244.00	240.00	238.00	243.00	246.00	244.00	237.00	227.00	215.00	220.00	229.00	235.00	249.00	256.00	256.00	259.00	266.00	262.00	257.00	255.00	257.00	245.00	241.00	234.00	229.00	209.00	199.00	191.00	180.00	170.00	152.00	150.00	147.00	143.00	134.00	131.00	124.00	118.00	117.00	131.00	127.00	122.00	126.00	141.00	150.00	151.00	154.00	157.00	163.00	168.00	175.00	183.00	201.00	207.00	211.00	219.00	222.00	227.00	228.00	230.00	232.00	235.00	236.00	238.00	239.00	239.00	233.00	234.00	238.00	239.00	238.00	238.00	237.00	235.00	234.00	238.00	237.00	235.00	233.00	232.00	230.00	230.00	231.00	230.00	234.00	237.00	240.00	239.00	233.00	233.00	234.00	233.00	229.00	221.00	216.00	212.00	210.00	210.00	209.00	211.00	210.00	203.00	198.00	196.00	195.00	197.00	215.00	216.00	217.00	226.00	236.00	249.00	251.00	258.00	268.00	273.00	272.00	273.00	269.00	266.00	262.00	261.00	258.00	256.00	253.00	254.00	256.00	255.00	249.00	239.00	230.00	222.00	214.00	186.00	180.00	178.00	188.00	212.00	299.00	327.00	350.00	372.00	408.00	413.00	409.00	400.00	390.00	371.00	360.00	320.00	288.00	261.00	275.00	302.00	334.00	384.00	405.00	420.00	429.00	435.00	447.00	434.00	409.00	385.00	358.00	354.00	353.00	354.00	357.00	366.00	369.00	371.00	377.00	387.00	389.00	387.00	385.00	384.00	397.00	428.00	502.00	526.00
310.00	320.00	321.00	321.00	325.00	330.00	334.00	340.00	346.00	349.00	357.00	359.00	359.00	359.00	367.00	371.00	371.00	370.00	371.00	374.00	375.00	377.00	376.00	374.00	372.00	372.00	370.00	369.00	369.00	366.00	364.00	365.00	359.00	355.00	351.00	349.00	346.00	342.00	340.00	336.00	332.00	331.00	330.00	328.00	328.00	329.00	325.00	327.00	324.00	320.00	315.00	312.00	310.00	310.00	309.00	302.00	301.00	298.00	296.00	289.00	289.00	289.00	288.00	287.00	281.00	277.00	272.00	271.00	268.00	268.00	265.00	262.00	258.00	249.00	244.00	240.00	238.00	243.00	246.00	244.00	237.00	227.00	215.00	220.00	229.00	235.00	249.00	256.00	256.00	259.00	266.00	262.00	257.00	255.00	257.00	245.00	241.00	234.00	229.00	209.00	199.00	191.00	180.00	170.00	152.00	150.00	147.00	143.00	134.00	131.00	124.00	118.00	117.00	131.00	127.00	122.00	126.00	141.00	150.00	151.00	154.00	157.00	163.00	168.00	175.00	183.00	201.00	207.00	211.00	219.00	222.00	227.00	228.00	230.00	232.00	235.00	236.00	238.00	239.00	239.00	233.00	234.00	238.00	239.00	238.00	238.00	237.00	235.00	234.00	238.00	237.00	235.00	233.00	232.00	230.00	230.00	231.00	230.00	234.00	237.00	240.00	239.00	233.00	233.00	234.00	233.00	229.00	221.00	216.00	212.00	210.00	210.00	209.00	211.00	210.00	203.00	198.00	196.00	195.00	197.00	215.00	216.00	217.00	226.00	236.00	249.00	251.00	258.00	268.00	273.00	272.00	273.00	269.00	266.00	262.00	261.00	258.00	256.00	253.00	254.00	256.00	255.00	249.00	239.00	230.00	222.00	214.00	186.00	180.00	178.00	188.00	212.00	299.00	327.00	350.00	372.00	408.00	413.00	409.00	400.00	390.00	371.00	360.00	320.00	288.00	261.00	275.00	302.00	334.00	384.00	405.00	420.00	429.00	435.00	447.00	434.00	409.00	385.00	358.00	354.00	353.00	354.00	357.00	366.00	369.00	371.00	377.00	387.00	389.00	387.00	385.00	384.00	397.00	428.00	502.00	526.00
319.00	324.00	326.00	338.00	342.00	342.00	340.00	340.00	346.00	351.00	357.00	367.00	373.00	375.00	377.00	379.00	380.00	381.00	383.00	381.00	382.00	382.00	384.00	380.00	378.00	376.00	374.00	371.00	369.00	369.00	367.00	364.00	360.00	358.00	352.00	349.00	348.00	341.00	339.00	336.00	333.00	329.00	330.00	331.00	332.00	332.00	331.00	328.00	327.00	328.00	329.00	327.00	324.00	322.00	318.00	311.00	310.00	310.00	311.00	310.00	307.00	303.00	300.00	299.00	295.00	295.00	292.00	289.00	285.00	284.00	282.00	279.00	275.00	272.00	269.00	265.00	264.00	267.00	270.00	273.00	276.00	278.00	278.00	277.00	278.00	280.00	286.00	291.00	293.00	292.00	294.00	294.00	292.00	290.00	289.00	287.00	283.00	276.00	269.00	258.00	255.00	248.00	232.00	214.00	177.00	167.00	161.00	151.00	134.00	128.00	125.00	123.00	127.00	139.00	127.00	125.00	137.00	161.00	167.00	169.00	170.00	171.00	178.00	184.00	189.00	191.00	208.00	211.00	213.00	215.00	220.00	230.00	232.00	232.00	230.00	231.00	235.00	237.00	239.00	243.00	247.00	247.00	247.00	246.00	245.00	246.00	246.00	247.00	249.00	243.00	241.00	240.00	240.00	241.00	240.00	239.00	241.00	243.00	247.00	249.00	253.00	255.00	255.00	253.00	250.00	247.00	244.00	237.00	235.00	235.00	233.00	227.00	225.00	226.00	226.00	228.00	230.00	227.00	228.00	236.00	252.00	270.00	280.00	288.00	291.00	287.00	289.00	288.00	291.00	294.00	294.00	291.00	281.00	278.00	274.00	271.00	269.00	266.00	261.00	260.00	258.00	256.00	251.00	246.00	241.00	237.00	232.00	204.00	184.00	183.00	205.00	237.00	340.00	374.00	404.00	424.00	447.00	455.00	456.00	450.00	440.00	421.00	405.00	377.00	361.00	328.00	313.00	303.00	298.00	339.00	368.00	394.00	413.00	425.00	444.00	442.00	435.00	421.00	388.00	380.00	379.00	379.00	382.00	389.00	396.00	399.00	399.00	399.00	405.00	406.00	406.00	405.00	395.00	395.00	448.00	482.00
319.00	324.00	326.00	338.00	342.00	342.00	340.00	340.00	346.00	351.00	357.00	367.00	373.00	375.00	377.00	379.00	380.00	381.00	383.00	381.00	382.00	382.00	384.00	380.00	378.00	376.00	374.00	371.00	369.00	369.00	367.00	364.00	360.00	358.00	352.00	349.00	348.00	341.00	339.00	336.00	333.00	329.00	330.00	331.00	332.00	332.00	331.00	328.00	327.00	328.00	329.00	327.00	324.00	322.00	318.00	311.00	310.00	310.00	311.00	310.00	307.00	303.00	300.00	299.00	295.00	295.00	292.00	289.00	285.00	284.00	282.00	279.00	275.00	272.00	269.00	265.00	264.00	267.00	270.00	273.00	276.00	278.00	278.00	277.00	278.00	280.00	286.00	291.00	293.00	292.00	294.00	294.00	292.00	290.00	289.00	287.00	283.00	276.00	269.00	258.00	255.00	248.00	232.00	214.00	177.00	167.00	161.00	151.00	134.00	128.00	125.00	123.00	127.00	139.00	127.00	125.00	137.00	161.00	167.00	169.00	170.00	171.00	178.00	184.00	189.00	191.00	208.00	211.00	213.00	215.00	220.00	230.00	232.00	232.00	230.00	231.00	235.00	237.00	239.00	243.00	247.00	247.00	247.00	246.00	245.00	246.00	246.00	247.00	249.00	243.00	241.00	240.00	240.00	241.00	240.00	239.00	241.00	243.00	247.00	249.00	253.00	255.00	255.00	253.00	250.00	247.00	244.00	237.00	235.00	235.00	233.00	227.00	225.00	226.00	226.00	228.00	230.00	227.00	228.00	236.00	252.00	270.00	280.00	288.00	291.00	287.00	289.00	288.00	291.00	294.00	294.00	291.00	281.00	278.00	274.00	271.00	269.00	266.00	261.00	260.00	258.00	256.00	251.00	246.00	241.00	237.00	232.00	204.00	184.00	183.00	205.00	237.00	340.00	374.00	404.00	424.00	447.00	455.00	456.00	450.00	440.00	421.00	405.00	377.00	361.00	328.00	313.00	303.00	298.00	339.00	368.00	394.00	413.00	425.00	444.00	442.00	435.00	421.00	388.00	380.00	379.00	379.00	382.00	389.00	396.00	399.00	399.00	399.00	405.00	406.00	406.00	405.00	395.00	395.00	448.00	482.00
319.00	324.00	326.00	338.00	342.00	342.00	340.00	340.00	346.00	351.00	357.00	367.00	373.00	375.00	377.00	379.00	380.00	381.00	383.00	381.00	382.00	382.00	384.00	380.00	378.00	376.00	374.00	371.00	369.00	369.00	367.00	364.00	360.00	358.00	352.00	349.00	348.00	341.00	339.00	336.00	333.00	329.00	330.00	331.00	332.00	332.00	331.00	328.00	327.00	328.00	329.00	327.00	324.00	322.00	318.00	311.00	310.00	310.00	311.00	310.00	307.00	303.00	300.00	299.00	295.00	295.00	292.00	289.00	285.00	284.00	282.00	279.00	275.00	272.00	269.00	265.00	264.00	267.00	270.00	273.00	276.00	278.00	278.00	277.00	278.00	280.00	286.00	291.00	293.00	292.00	294.00	294.00	292.00	290.00	289.00	287.00	283.00	276.00	269.00	258.00	255.00	248.00	232.00	214.00	177.00	167.00	161.00	151.00	134.00	128.00	125.00	123.00	127.00	139.00	127.00	125.00	137.00	161.00	167.00	169.00	170.00	171.00	178.00	184.00	189.00	191.00	208.00	211.00	213.00	215.00	220.00	230.00	232.00	232.00	230.00	231.00	235.00	237.00	239.00	243.00	247.00	247.00	247.00	246.00	245.00	246.00	246.00	247.00	249.00	243.00	241.00	240.00	240.00	241.00	240.00	239.00	241.00	243.00	247.00	249.00	253.00	255.00	255.00	253.00	250.00	247.00	244.00	237.00	235.00	235.00	233.00	227.00	225.00	226.00	226.00	228.00	230.00	227.00	228.00	236.00	252.00	270.00	280.00	288.00	291.00	287.00	289.00	288.00	291.00	294.00	294.00	291.00	281.00	278.00	274.00	271.00	269.00	266.00	261.00	260.00	258.00	256.00	251.00	246.00	241.00	237.00	232.00	204.00	184.00	183.00	205.00	237.00	340.00	374.00	404.00	424.00	447.00	455.00	456.00	450.00	440.00	421.00	405.00	377.00	361.00	328.00	313.00	303.00	298.00	339.00	368.00	394.00	413.00	425.00	444.00	442.00	435.00	421.00	388.00	380.00	379.00	379.00	382.00	389.00	396.00	399.00	399.00	399.00	405.00	406.00	406.00	405.00	395.00	395.00	448.00	482.00
330.00	335.00	337.00	342.00	345.00	353.00	357.00	360.00	361.00	362.00	366.00	371.00	377.00	382.00	388.00	390.00	388.00	388.00	389.00	387.00	386.00	385.00	384.00	380.00	382.00	382.00	380.00	378.00	373.00	370.00	369.00	367.00	363.00	362.00	358.00	354.00	351.00	346.00	342.00	340.00	337.00	332.00	332.00	333.00	333.00	332.00	331.00	332.00	332.00	332.00	331.00	332.00	332.00	331.00	332.00	333.00	333.00	331.00	327.00	324.00	323.00	321.00	320.00	317.00	312.00	310.00	306.00	304.00	303.00	301.00	299.00	296.00	295.00	291.00	293.00	293.00	294.00	297.00	294.00	292.00	294.00	300.00	303.00	303.00	302.00	301.00	303.00	303.00	305.00	305.00	302.00	302.00	299.00	298.00	295.00	295.00	297.00	291.00	289.00	279.00	273.00	265.00	258.00	249.00	212.00	191.00	181.00	180.00	161.00	149.00	141.00	134.00	128.00	137.00	137.00	130.00	140.00	168.00	180.00	177.00	175.00	175.00	179.00	185.00	188.00	187.00	194.00	198.00	205.00	220.00	225.00	241.00	244.00	247.00	245.00	248.00	249.00	250.00	252.00	253.00	255.00	253.00	252.00	251.00	253.00	256.00	256.00	256.00	257.00	259.00	257.00	257.00	257.00	258.00	255.00	254.00	254.00	254.00	257.00	259.00	262.00	264.00	265.00	267.00	268.00	269.00	269.00	266.00	264.00	262.00	259.00	246.00	246.00	248.00	248.00	249.00	255.00	260.00	266.00	273.00	289.00	305.00	309.00	313.00	314.00	309.00	308.00	306.00	304.00	299.00	298.00	296.00	291.00	289.00	285.00	283.00	280.00	280.00	274.00	269.00	265.00	263.00	252.00	265.00	280.00	292.00	291.00	276.00	254.00	229.00	214.00	220.00	321.00	355.00	380.00	397.00	414.00	422.00	429.00	436.00	439.00	436.00	433.00	419.00	410.00	380.00	364.00	348.00	335.00	324.00	335.00	356.00	377.00	392.00	412.00	420.00	425.00	427.00	408.00	395.00	385.00	385.00	387.00	393.00	402.00	404.00	404.00	409.00	414.00	420.00	423.00	423.00	422.00	419.00	421.00	439.00
330.00	335.00	337.00	342.00	345.00	353.00	357.00	360.00	361.00	362.00	366.00	371.00	377.00	382.00	388.00	390.00	388.00	388.00	389.00	387.00	386.00	385.00	384.00	380.00	382.00	382.00	380.00	378.00	373.00	370.00	369.00	367.00	363.00	362.00	358.00	354.00	351.00	346.00	342.00	340.00	337.00	332.00	332.00	333.00	333.00	332.00	331.00	332.00	332.00	332.00	331.00	332.00	332.00	331.00	332.00	333.00	333.00	331.00	327.00	324.00	323.00	321.00	320.00	317.00	312.00	310.00	306.00	304.00	303.00	301.00	299.00	296.00	295.00	291.00	293.00	293.00	294.00	297.00	294.00	292.00	294.00	300.00	303.00	303.00	302.00	301.00	303.00	303.00	305.00	305.00	302.00	302.00	299.00	298.00	295.00	295.00	297.00	291.00	289.00	279.00	273.00	265.00	258.00	249.00	212.00	191.00	181.00	180.00	161.00	149.00	141.00	134.00	128.00	137.00	137.00	130.00	140.00	168.00	180.00	177.00	175.00	175.00	179.00	185.00	188.00	187.00	194.00	198.00	205.00	220.00	225.00	241.00	244.00	247.00	245.00	248.00	249.00	250.00	252.00	253.00	255.00	253.00	252.00	251.00	253.00	256.00	256.00	256.00	257.00	259.00	257.00	257.00	257.00	258.00	255.00	254.00	254.00	254.00	257.00	259.00	262.00	264.00	265.00	267.00	268.00	269.00	269.00	266.00	264.00	262.00	259.00	246.00	246.00	248.00	248.00	249.00	255.00	260.00	266.00	273.00	289.00	305.00	309.00	313.00	314.00	309.00	308.00	306.00	304.00	299.00	298.00	296.00	291.00	289.00	285.00	283.00	280.00	280.00	274.00	269.00	265.00	263.00	252.00	265.00	280.00	292.00	291.00	276.00	254.00	229.00	214.00	220.00	321.00	355.00	380.00	397.00	414.00	422.00	429.00	436.00	439.00	436.00	433.00	419.00	410.00	380.00	364.00	348.00	335.00	324.00	335.00	356.00	377.00	392.00	412.00	420.00	425.00	427.00	408.00	395.00	385.00	385.00	387.00	393.00	402.00	404.00	404.00	409.00	414.00	420.00	423.00	423.00	422.00	419.00	421.00	439.00
330.00	335.00	337.00	342.00	345.00	353.00	357.00	360.00	361.00	362.00	366.00	371.00	377.00	382.00	388.00	390.00	388.00	388.00	389.00	387.00	386.00	385.00	384.00	380.00	382.00	382.00	380.00	378.00	373.00	370.00	369.00	367.00	363.00	362.00	358.00	354.00	351.00	346.00	342.00	340.00	337.00	332.00	332.00	333.00	333.00	332.00	331.00	332.00	332.00	332.00	331.00	332.00	332.00	331.00	332.00	333.00	333.00	331.00	327.00	324.00	323.00	321.00	320.00	317.00	312.00	310.00	306.00	304.00	303.00	301.00	299.00	296.00	295.00	291.00	293.00	293.00	294.00	297.00	294.00	292.00	294.00	300.00	303.00	303.00	302.00	301.00	303.00	303.00	305.00	305.00	302.00	302.00	299.00	298.00	295.00	295.00	297.00	291.00	289.00	279.00	273.00	265.00	258.00	249.00	212.00	191.00	181.00	180.00	161.00	149.00	141.00	134.00	128.00	137.00	137.00	130.00	140.00	168.00	180.00	177.00	175.00	175.00	179.00	185.00	188.00	187.00	194.00	198.00	205.00	220.00	225.00	241.00	244.00	247.00	245.00	248.00	249.00	250.00	252.00	253.00	255.00	253.00	252.00	251.00	253.00	256.00	256.00	256.00	257.00	259.00	257.00	257.00	257.00	258.00	255.00	254.00	254.00	254.00	257.00	259.00	262.00	264.00	265.00	267.00	268.00	269.00	269.00	266.00	264.00	262.00	259.00	246.00	246.00	248.00	248.00	249.00	255.00	260.00	266.00	273.00	289.00	305.00	309.00	313.00	314.00	309.00	308.00	306.00	304.00	299.00	298.00	296.00	291.00	289.00	285.00	283.00	280.00	280.00	274.00	269.00	265.00	263.00	252.00	265.00	280.00	292.00	291.00	276.00	254.00	229.00	214.00	220.00	321.00	355.00	380.00	397.00	414.00	422.00	429.00	436.00	439.00	436.00	433.00	419.00	410.00	380.00	364.00	348.00	335.00	324.00	335.00	356.00	377.00	392.00	412.00	420.00	425.00	427.00	408.00	395.00	385.00	385.00	387.00	393.00	402.00	404.00	404.00	409.00	414.00	420.00	423.00	423.00	422.00	419.00	421.00	439.00
330.00	335.00	337.00	342.00	345.00	353.00	357.00	360.00	361.00	362.00	366.00	371.00	377.00	382.00	388.00	390.00	388.00	388.00	389.00	387.00	386.00	385.00	384.00	380.00	382.00	382.00	380.00	378.00	373.00	370.00	369.00	367.00	363.00	362.00	358.00	354.00	351.00	346.00	342.00	340.00	337.00	332.00	332.00	333.00	333.00	332.00	331.00	332.00	332.00	332.00	331.00	332.00	332.00	331.00	332.00	333.00	333.00	331.00	327.00	324.00	323.00	321.00	320.00	317.00	312.00	310.00	306.00	304.00	303.00	301.00	299.00	296.00	295.00	291.00	293.00	293.00	294.00	297.00	294.00	292.00	294.00	300.00	303.00	303.00	302.00	301.00	303.00	303.00	305.00	305.00	302.00	302.00	299.00	298.00	295.00	295.00	297.00	291.00	289.00	279.00	273.00	265.00	258.00	249.00	212.00	191.00	181.00	180.00	161.00	149.00	141.00	134.00	128.00	137.00	137.00	130.00	140.00	168.00	180.00	177.00	175.00	175.00	179.00	185.00	188.00	187.00	194.00	198.00	205.00	220.00	225.00	241.00	244.00	247.00	245.00	248.00	249.00	250.00	252.00	253.00	255.00	253.00	252.00	251.00	253.00	256.00	256.00	256.00	257.00	259.00	257.00	257.00	257.00	258.00	255.00	254.00	254.00	254.00	257.00	259.00	262.00	264.00	265.00	267.00	268.00	269.00	269.00	266.00	264.00	262.00	259.00	246.00	246.00	248.00	248.00	249.00	255.00	260.00	266.00	273.00	289.00	305.00	309.00	313.00	314.00	309.00	308.00	306.00	304.00	299.00	298.00	296.00	291.00	289.00	285.00	283.00	280.00	280.00	274.00	269.00	265.00	263.00	252.00	265.00	280.00	292.00	291.00	276.00	254.00	229.00	214.00	220.00	321.00	355.00	380.00	397.00	414.00	422.00	429.00	436.00	439.00	436.00	433.00	419.00	410.00	380.00	364.00	348.00	335.00	324.00	335.00	356.00	377.00	392.00	412.00	420.00	425.00	427.00	408.00	395.00	385.00	385.00	387.00	393.00	402.00	404.00	404.00	409.00	414.00	420.00	423.00	423.00	422.00	419.00	421.00	439.00
330.00	338.00	343.00	348.00	349.00	350.00	351.00	356.00	363.00	370.00	381.00	385.00	392.00	398.00	397.00	398.00	398.00	399.00	398.00	395.00	394.00	392.00	391.00	387.00	387.00	387.00	387.00	388.00	390.00	389.00	386.00	382.00	378.00	374.00	371.00	369.00	365.00	358.00	356.00	353.00	348.00	348.00	344.00	339.00	339.00	343.00	344.00	345.00	345.00	347.00	346.00	350.00	350.00	348.00	349.00	351.00	352.00	354.00	353.00	349.00	347.00	344.00	341.00	339.00	332.00	331.00	327.00	322.00	313.00	310.00	309.00	311.00	314.00	315.00	315.00	318.00	316.00	316.00	317.00	318.00	318.00	319.00	322.00	325.00	327.00	328.00	320.00	317.00	317.00	313.00	310.00	311.00	311.00	311.00	309.00	304.00	301.00	293.00	290.00	285.00	282.00	277.00	271.00	264.00	241.00	220.00	199.00	185.00	183.00	169.00	156.00	147.00	137.00	143.00	151.00	147.00	150.00	168.00	170.00	175.00	184.00	186.00	188.00	185.00	189.00	195.00	207.00	221.00	233.00	251.00	255.00	255.00	254.00	252.00	252.00	259.00	260.00	261.00	263.00	266.00	269.00	270.00	271.00	272.00	274.00	273.00	270.00	267.00	265.00	269.00	268.00	266.00	265.00	268.00	271.00	274.00	275.00	275.00	268.00	269.00	273.00	276.00	278.00	281.00	282.00	282.00	284.00	284.00	281.00	280.00	281.00	280.00	278.00	278.00	279.00	281.00	290.00	296.00	300.00	305.00	314.00	318.00	321.00	322.00	318.00	314.00	311.00	309.00	307.00	302.00	299.00	296.00	293.00	292.00	291.00	290.00	291.00	289.00	291.00	288.00	283.00	277.00	300.00	357.00	371.00	377.00	375.00	352.00	333.00	316.00	299.00	288.00	289.00	293.00	306.00	323.00	356.00	374.00	394.00	407.00	410.00	416.00	424.00	438.00	437.00	424.00	414.00	403.00	389.00	363.00	353.00	366.00	382.00	392.00	393.00	397.00	399.00	400.00	399.00	401.00	402.00	399.00	395.00	398.00	405.00	409.00	411.00	414.00	420.00	423.00	426.00	430.00	432.00	432.00	430.00	429.00
330.00	338.00	343.00	348.00	349.00	350.00	351.00	356.00	363.00	370.00	381.00	385.00	392.00	398.00	397.00	398.00	398.00	399.00	398.00	395.00	394.00	392.00	391.00	387.00	387.00	387.00	387.00	388.00	390.00	389.00	386.00	382.00	378.00	374.00	371.00	369.00	365.00	358.00	356.00	353.00	348.00	348.00	344.00	339.00	339.00	343.00	344.00	345.00	345.00	347.00	346.00	350.00	350.00	348.00	349.00	351.00	352.00	354.00	353.00	349.00	347.00	344.00	341.00	339.00	332.00	331.00	327.00	322.00	313.00	310.00	309.00	311.00	314.00	315.00	315.00	318.00	316.00	316.00	317.00	318.00	318.00	319.00	322.00	325.00	327.00	328.00	320.00	317.00	317.00	313.00	310.00	311.00	311.00	311.00	309.00	304.00	301.00	293.00	290.00	285.00	282.00	277.00	271.00	264.00	241.00	220.00	199.00	185.00	183.00	169.00	156.00	147.00	137.00	143.00	151.00	147.00	150.00	168.00	170.00	175.00	184.00	186.00	188.00	185.00	189.00	195.00	207.00	221.00	233.00	251.00	255.00	255.00	254.00	252.00	252.00	259.00	260.00	261.00	263.00	266.00	269.00	270.00	271.00	272.00	274.00	273.00	270.00	267.00	265.00	269.00	268.00	266.00	265.00	268.00	271.00	274.00	275.00	275.00	268.00	269.00	273.00	276.00	278.00	281.00	282.00	282.00	284.00	284.00	281.00	280.00	281.00	280.00	278.00	278.00	279.00	281.00	290.00	296.00	300.00	305.00	314.00	318.00	321.00	322.00	318.00	314.00	311.00	309.00	307.00	302.00	299.00	296.00	293.00	292.00	291.00	290.00	291.00	289.00	291.00	288.00	283.00	277.00	300.00	357.00	371.00	377.00	375.00	352.00	333.00	316.00	299.00	288.00	289.00	293.00	306.00	323.00	356.00	374.00	394.00	407.00	410.00	416.00	424.00	438.00	437.00	424.00	414.00	403.00	389.00	363.00	353.00	366.00	382.00	392.00	393.00	397.00	399.00	400.00	399.00	401.00	402.00	399.00	395.00	398.00	405.00	409.00	411.00	414.00	420.00	423.00	426.00	430.00	432.00	432.00	430.00	429.00
330.00	338.00	343.00	348.00	349.00	350.00	351.00	356.00	363.00	370.00	381.00	385.00	392.00	398.00	397.00	398.00	398.00	399.00	398.00	395.00	394.00	392.00	391.00	387.00	387.00	387.00	387.00	388.00	390.00	389.00	386.00	382.00	378.00	374.00	371.00	369.00	365.00	358.00	356.00	353.00	348.00	348.00	344.00	339.00	339.00	343.00	344.00	345.00	345.00	347.00	346.00	350.00	350.00	348.00	349.00	351.00	352.00	354.00	353.00	349.00	347.00	344.00	341.00	339.00	332.00	331.00	327.00	322.00	313.00	310.00	309.00	311.00	314.00	315.00	315.00	318.00	316.00	316.00	317.00	318.00	318.00	319.00	322.00	325.00	327.00	328.00	320.00	317.00	317.00	313.00	310.00	311.00	311.00	311.00	309.00	304.00	301.00	293.00	290.00	285.00	282.00	277.00	271.00	264.00	241.00	220.00	199.00	185.00	183.00	169.00	156.00	147.00	137.00	143.00	151.00	147.00	150.00	168.00	170.00	175.00	184.00	186.00	188.00	185.00	189.00	195.00	207.00	221.00	233.00	251.00	255.00	255.00	254.00	252.00	252.00	259.00	260.00	261.00	263.00	266.00	269.00	270.00	271.00	272.00	274.00	273.00	270.00	267.00	265.00	269.00	268.00	266.00	265.00	268.00	271.00	274.00	275.00	275.00	268.00	269.00	273.00	276.00	278.00	281.00	282.00	282.00	284.00	284.00	281.00	280.00	281.00	280.00	278.00	278.00	279.00	281.00	290.00	296.00	300.00	305.00	314.00	318.00	321.00	322.00	318.00	314.00	311.00	309.00	307.00	302.00	299.00	296.00	293.00	292.00	291.00	290.00	291.00	289.00	291.00	288.00	283.00	277.00	300.00	357.00	371.00	377.00	375.00	352.00	333.00	316.00	299.00	288.00	289.00	293.00	306.00	323.00	356.00	374.00	394.00	407.00	410.00	416.00	424.00	438.00	437.00	424.00	414.00	403.00	389.00	363.00	353.00	366.00	382.00	392.00	393.00	397.00	399.00	400.00	399.00	401.00	402.00	399.00	395.00	398.00	405.00	409.00	411.00	414.00	420.00	423.00	426.00	430.00	432.00	432.00	430.00	429.00
327.00	334.00	340.00	342.00	344.00	356.00	365.00	375.00	380.00	385.00	396.00	402.00	403.00	404.00	407.00	411.00	411.00	410.00	408.00	407.00	406.00	406.00	403.00	395.00	393.00	393.00	393.00	394.00	398.00	401.00	403.00	403.00	407.00	407.00	400.00	398.00	396.00	393.00	392.00	390.00	391.00	388.00	387.00	384.00	379.00	373.00	365.00	362.00	360.00	362.00	367.00	367.00	370.00	373.00	375.00	379.00	383.00	382.00	384.00	387.00	383.00	382.00	379.00	376.00	371.00	370.00	368.00	364.00	354.00	348.00	343.00	337.00	332.00	325.00	327.00	331.00	338.00	338.00	336.00	332.00	331.00	331.00	335.00	339.00	340.00	342.00	341.00	340.00	338.00	337.00	327.00	320.00	314.00	314.00	313.00	309.00	307.00	305.00	301.00	293.00	288.00	284.00	281.00	277.00	261.00	238.00	213.00	194.00	190.00	187.00	177.00	167.00	155.00	162.00	170.00	166.00	172.00	201.00	204.00	208.00	212.00	208.00	202.00	212.00	220.00	225.00	247.00	252.00	253.00	257.00	258.00	252.00	251.00	256.00	260.00	266.00	271.00	278.00	280.00	283.00	282.00	281.00	280.00	279.00	283.00	283.00	282.00	284.00	286.00	281.00	280.00	283.00	284.00	284.00	286.00	288.00	291.00	291.00	290.00	288.00	283.00	286.00	291.00	296.00	298.00	299.00	299.00	298.00	299.00	299.00	301.00	304.00	305.00	309.00	313.00	318.00	324.00	326.00	328.00	331.00	334.00	332.00	330.00	328.00	326.00	325.00	322.00	320.00	317.00	311.00	309.00	308.00	305.00	303.00	297.00	293.00	293.00	294.00	294.00	292.00	291.00	293.00	316.00	355.00	367.00	372.00	377.00	369.00	361.00	355.00	347.00	338.00	318.00	314.00	327.00	346.00	382.00	395.00	410.00	421.00	424.00	433.00	445.00	476.00	488.00	477.00	465.00	456.00	444.00	420.00	417.00	426.00	441.00	452.00	452.00	442.00	431.00	420.00	412.00	411.00	410.00	411.00	410.00	412.00	419.00	422.00	426.00	428.00	430.00	434.00	439.00	441.00	435.00	431.00	422.00	420.00
327.00	334.00	340.00	342.00	344.00	356.00	365.00	375.00	380.00	385.00	396.00	402.00	403.00	404.00	407.00	411.00	411.00	410.00	408.00	407.00	406.00	406.00	403.00	395.00	393.00	393.00	393.00	394.00	398.00	401.00	403.00	403.00	407.00	407.00	400.00	398.00	396.00	393.00	392.00	390.00	391.00	388.00	387.00	384.00	379.00	373.00	365.00	362.00	360.00	362.00	367.00	367.00	370.00	373.00	375.00	379.00	383.00	382.00	384.00	387.00	383.00	382.00	379.00	376.00	371.00	370.00	368.00	364.00	354.00	348.00	343.00	337.00	332.00	325.00	327.00	331.00	338.00	338.00	336.00	332.00	331.00	331.00	335.00	339.00	340.00	342.00	341.00	340.00	338.00	337.00	327.00	320.00	314.00	314.00	313.00	309.00	307.00	305.00	301.00	293.00	288.00	284.00	281.00	277.00	261.00	238.00	213.00	194.00	190.00	187.00	177.00	167.00	155.00	162.00	170.00	166.00	172.00	201.00	204.00	208.00	212.00	208.00	202.00	212.00	220.00	225.00	247.00	252.00	253.00	257.00	258.00	252.00	251.00	256.00	260.00	266.00	271.00	278.00	280.00	283.00	282.00	281.00	280.00	279.00	283.00	283.00	282.00	284.00	286.00	281.00	280.00	283.00	284.00	284.00	286.00	288.00	291.00	291.00	290.00	288.00	283.00	286.00	291.00	296.00	298.00	299.00	299.00	298.00	299.00	299.00	301.00	304.00	305.00	309.00	313.00	318.00	324.00	326.00	328.00	331.00	334.00	332.00	330.00	328.00	326.00	325.00	322.00	320.00	317.00	311.00	309.00	308.00	305.00	303.00	297.00	293.00	293.00	294.00	294.00	292.00	291.00	293.00	316.00	355.00	367.00	372.00	377.00	369.00	361.00	355.00	347.00	338.00	318.00	314.00	327.00	346.00	382.00	395.00	410.00	421.00	424.00	433.00	445.00	476.00	488.00	477.00	465.00	456.00	444.00	420.00	417.00	426.00	441.00	452.00	452.00	442.00	431.00	420.00	412.00	411.00	410.00	411.00	410.00	412.00	419.00	422.00	426.00	428.00	430.00	434.00	439.00	441.00	435.00	431.00	422.00	420.00
327.00	334.00	340.00	342.00	344.00	356.00	365.00	375.00	380.00	385.00	396.00	402.00	403.00	404.00	407.00	411.00	411.00	410.00	408.00	407.00	406.00	406.00	403.00	395.00	393.00	393.00	393.00	394.00	398.00	401.00	403.00	403.00	407.00	407.00	400.00	398.00	396.00	393.00	392.00	390.00	391.00	388.00	387.00	384.00	379.00	373.00	365.00	362.00	360.00	362.00	367.00	367.00	370.00	373.00	375.00	379.00	383.00	382.00	384.00	387.00	383.00	382.00	379.00	376.00	371.00	370.00	368.00	364.00	354.00	348.00	343.00	337.00	332.00	325.00	327.00	331.00	338.00	338.00	336.00	332.00	331.00	331.00	335.00	339.00	340.00	342.00	341.00	340.00	338.00	337.00	327.00	320.00	314.00	314.00	313.00	309.00	307.00	305.00	301.00	293.00	288.00	284.00	281.00	277.00	261.00	238.00	213.00	194.00	190.00	187.00	177.00	167.00	155.00	162.00	170.00	166.00	172.00	201.00	204.00	208.00	212.00	208.00	202.00	212.00	220.00	225.00	247.00	252.00	253.00	257.00	258.00	252.00	251.00	256.00	260.00	266.00	271.00	278.00	280.00	283.00	282.00	281.00	280.00	279.00	283.00	283.00	282.00	284.00	286.00	281.00	280.00	283.00	284.00	284.00	286.00	288.00	291.00	291.00	290.00	288.00	283.00	286.00	291.00	296.00	298.00	299.00	299.00	298.00	299.00	299.00	301.00	304.00	305.00	309.00	313.00	318.00	324.00	326.00	328.00	331.00	334.00	332.00	330.00	328.00	326.00	325.00	322.00	320.00	317.00	311.00	309.00	308.00	305.00	303.00	297.00	293.00	293.00	294.00	294.00	292.00	291.00	293.00	316.00	355.00	367.00	372.00	377.00	369.00	361.00	355.00	347.00	338.00	318.00	314.00	327.00	346.00	382.00	395.00	410.00	421.00	424.00	433.00	445.00	476.00	488.00	477.00	465.00	456.00	444.00	420.00	417.00	426.00	441.00	452.00	452.00	442.00	431.00	420.00	412.00	411.00	410.00	411.00	410.00	412.00	419.00	422.00	426.00	428.00	430.00	434.00	439.00	441.00	435.00	431.00	422.00	420.00
363.00	366.00	378.00	388.00	389.00	401.00	405.00	410.00	412.00	416.00	428.00	429.00	430.00	430.00	423.00	422.00	423.00	424.00	424.00	418.00	417.00	413.00	409.00	403.00	401.00	400.00	401.00	400.00	399.00	400.00	400.00	401.00	402.00	405.00	408.00	408.00	408.00	409.00	408.00	406.00	405.00	406.00	405.00	404.00	404.00	402.00	397.00	393.00	391.00	391.00	386.00	385.00	387.00	389.00	390.00	396.00	399.00	403.00	405.00	408.00	411.00	417.00	419.00	419.00	414.00	410.00	409.00	409.00	406.00	403.00	399.00	393.00	387.00	375.00	369.00	364.00	355.00	353.00	355.00	356.00	357.00	359.00	356.00	355.00	351.00	350.00	349.00	349.00	350.00	348.00	344.00	340.00	335.00	331.00	328.00	322.00	318.00	308.00	305.00	291.00	285.00	278.00	275.00	275.00	263.00	248.00	226.00	206.00	189.00	188.00	182.00	174.00	168.00	163.00	167.00	170.00	174.00	197.00	205.00	211.00	216.00	223.00	234.00	237.00	241.00	242.00	246.00	252.00	257.00	268.00	273.00	275.00	276.00	276.00	279.00	287.00	288.00	288.00	291.00	292.00	291.00	292.00	290.00	290.00	293.00	297.00	304.00	308.00	305.00	292.00	290.00	290.00	292.00	300.00	307.00	311.00	310.00	314.00	317.00	314.00	312.00	312.00	311.00	311.00	310.00	312.00	316.00	324.00	323.00	320.00	320.00	328.00	333.00	338.00	341.00	343.00	342.00	340.00	339.00	339.00	341.00	342.00	343.00	340.00	337.00	332.00	330.00	329.00	328.00	322.00	318.00	315.00	311.00	307.00	305.00	302.00	302.00	300.00	297.00	295.00	291.00	285.00	271.00	276.00	287.00	298.00	310.00	310.00	305.00	296.00	288.00	281.00	296.00	309.00	327.00	345.00	365.00	373.00	378.00	390.00	415.00	474.00	502.00	542.00	545.00	528.00	514.00	502.00	490.00	457.00	443.00	451.00	470.00	483.00	483.00	475.00	465.00	461.00	454.00	452.00	449.00	448.00	448.00	453.00	450.00	446.00	448.00	452.00	456.00	455.00	451.00	452.00	449.00	444.00	437.00	435.00
363.00	366.00	378.00	388.00	389.00	401.00	405.00	410.00	412.00	416.00	428.00	429.00	430.00	430.00	423.00	422.00	423.00	424.00	424.00	418.00	417.00	413.00	409.00	403.00	401.00	400.00	401.00	400.00	399.00	400.00	400.00	401.00	402.00	405.00	408.00	408.00	408.00	409.00	408.00	406.00	405.00	406.00	405.00	404.00	404.00	402.00	397.00	393.00	391.00	391.00	386.00	385.00	387.00	389.00	390.00	396.00	399.00	403.00	405.00	408.00	411.00	417.00	419.00	419.00	414.00	410.00	409.00	409.00	406.00	403.00	399.00	393.00	387.00	375.00	369.00	364.00	355.00	353.00	355.00	356.00	357.00	359.00	356.00	355.00	351.00	350.00	349.00	349.00	350.00	348.00	344.00	340.00	335.00	331.00	328.00	322.00	318.00	308.00	305.00	291.00	285.00	278.00	275.00	275.00	263.00	248.00	226.00	206.00	189.00	188.00	182.00	174.00	168.00	163.00	167.00	170.00	174.00	197.00	205.00	211.00	216.00	223.00	234.00	237.00	241.00	242.00	246.00	252.00	257.00	268.00	273.00	275.00	276.00	276.00	279.00	287.00	288.00	288.00	291.00	292.00	291.00	292.00	290.00	290.00	293.00	297.00	304.00	308.00	305.00	292.00	290.00	290.00	292.00	300.00	307.00	311.00	310.00	314.00	317.00	314.00	312.00	312.00	311.00	311.00	310.00	312.00	316.00	324.00	323.00	320.00	320.00	328.00	333.00	338.00	341.00	343.00	342.00	340.00	339.00	339.00	341.00	342.00	343.00	340.00	337.00	332.00	330.00	329.00	328.00	322.00	318.00	315.00	311.00	307.00	305.00	302.00	302.00	300.00	297.00	295.00	291.00	285.00	271.00	276.00	287.00	298.00	310.00	310.00	305.00	296.00	288.00	281.00	296.00	309.00	327.00	345.00	365.00	373.00	378.00	390.00	415.00	474.00	502.00	542.00	545.00	528.00	514.00	502.00	490.00	457.00	443.00	451.00	470.00	483.00	483.00	475.00	465.00	461.00	454.00	452.00	449.00	448.00	448.00	453.00	450.00	446.00	448.00	452.00	456.00	455.00	451.00	452.00	449.00	444.00	437.00	435.00
363.00	366.00	378.00	388.00	389.00	401.00	405.00	410.00	412.00	416.00	428.00	429.00	430.00	430.00	423.00	422.00	423.00	424.00	424.00	418.00	417.00	413.00	409.00	403.00	401.00	400.00	401.00	400.00	399.00	400.00	400.00	401.00	402.00	405.00	408.00	408.00	408.00	409.00	408.00	406.00	405.00	406.00	405.00	404.00	404.00	402.00	397.00	393.00	391.00	391.00	386.00	385.00	387.00	389.00	390.00	396.00	399.00	403.00	405.00	408.00	411.00	417.00	419.00	419.00	414.00	410.00	409.00	409.00	406.00	403.00	399.00	393.00	387.00	375.00	369.00	364.00	355.00	353.00	355.00	356.00	357.00	359.00	356.00	355.00	351.00	350.00	349.00	349.00	350.00	348.00	344.00	340.00	335.00	331.00	328.00	322.00	318.00	308.00	305.00	291.00	285.00	278.00	275.00	275.00	263.00	248.00	226.00	206.00	189.00	188.00	182.00	174.00	168.00	163.00	167.00	170.00	174.00	197.00	205.00	211.00	216.00	223.00	234.00	237.00	241.00	242.00	246.00	252.00	257.00	268.00	273.00	275.00	276.00	276.00	279.00	287.00	288.00	288.00	291.00	292.00	291.00	292.00	290.00	290.00	293.00	297.00	304.00	308.00	305.00	292.00	290.00	290.00	292.00	300.00	307.00	311.00	310.00	314.00	317.00	314.00	312.00	312.00	311.00	311.00	310.00	312.00	316.00	324.00	323.00	320.00	320.00	328.00	333.00	338.00	341.00	343.00	342.00	340.00	339.00	339.00	341.00	342.00	343.00	340.00	337.00	332.00	330.00	329.00	328.00	322.00	318.00	315.00	311.00	307.00	305.00	302.00	302.00	300.00	297.00	295.00	291.00	285.00	271.00	276.00	287.00	298.00	310.00	310.00	305.00	296.00	288.00	281.00	296.00	309.00	327.00	345.00	365.00	373.00	378.00	390.00	415.00	474.00	502.00	542.00	545.00	528.00	514.00	502.00	490.00	457.00	443.00	451.00	470.00	483.00	483.00	475.00	465.00	461.00	454.00	452.00	449.00	448.00	448.00	453.00	450.00	446.00	448.00	452.00	456.00	455.00	451.00	452.00	449.00	444.00	437.00	435.00
363.00	366.00	378.00	388.00	389.00	401.00	405.00	410.00	412.00	416.00	428.00	429.00	430.00	430.00	423.00	422.00	423.00	424.00	424.00	418.00	417.00	413.00	409.00	403.00	401.00	400.00	401.00	400.00	399.00	400.00	400.00	401.00	402.00	405.00	408.00	408.00	408.00	409.00	408.00	406.00	405.00	406.00	405.00	404.00	404.00	402.00	397.00	393.00	391.00	391.00	386.00	385.00	387.00	389.00	390.00	396.00	399.00	403.00	405.00	408.00	411.00	417.00	419.00	419.00	414.00	410.00	409.00	409.00	406.00	403.00	399.00	393.00	387.00	375.00	369.00	364.00	355.00	353.00	355.00	356.00	357.00	359.00	356.00	355.00	351.00	350.00	349.00	349.00	350.00	348.00	344.00	340.00	335.00	331.00	328.00	322.00	318.00	308.00	305.00	291.00	285.00	278.00	275.00	275.00	263.00	248.00	226.00	206.00	189.00	188.00	182.00	174.00	168.00	163.00	167.00	170.00	174.00	197.00	205.00	211.00	216.00	223.00	234.00	237.00	241.00	242.00	246.00	252.00	257.00	268.00	273.00	275.00	276.00	276.00	279.00	287.00	288.00	288.00	291.00	292.00	291.00	292.00	290.00	290.00	293.00	297.00	304.00	308.00	305.00	292.00	290.00	290.00	292.00	300.00	307.00	311.00	310.00	314.00	317.00	314.00	312.00	312.00	311.00	311.00	310.00	312.00	316.00	324.00	323.00	320.00	320.00	328.00	333.00	338.00	341.00	343.00	342.00	340.00	339.00	339.00	341.00	342.00	343.00	340.00	337.00	332.00	330.00	329.00	328.00	322.00	318.00	315.00	311.00	307.00	305.00	302.00	302.00	300.00	297.00	295.00	291.00	285.00	271.00	276.00	287.00	298.00	310.00	310.00	305.00	296.00	288.00	281.00	296.00	309.00	327.00	345.00	365.00	373.00	378.00	390.00	415.00	474.00	502.00	542.00	545.00	528.00	514.00	502.00	490.00	457.00	443.00	451.00	470.00	483.00	483.00	475.00	465.00	461.00	454.00	452.00	449.00	448.00	448.00	453.00	450.00	446.00	448.00	452.00	456.00	455.00	451.00	452.00	449.00	444.00	437.00	435.00
375.00	401.00	403.00	417.00	424.00	428.00	429.00	433.00	437.00	439.00	441.00	443.00	441.00	438.00	432.00	431.00	430.00	429.00	427.00	424.00	421.00	419.00	416.00	411.00	409.00	406.00	404.00	403.00	405.00	406.00	407.00	407.00	406.00	406.00	405.00	404.00	405.00	407.00	407.00	407.00	407.00	408.00	408.00	406.00	406.00	408.00	406.00	404.00	402.00	398.00	394.00	396.00	397.00	393.00	395.00	406.00	410.00	411.00	414.00	422.00	426.00	428.00	428.00	430.00	434.00	433.00	428.00	428.00	425.00	422.00	421.00	423.00	424.00	419.00	416.00	412.00	402.00	391.00	386.00	382.00	378.00	376.00	374.00	373.00	373.00	372.00	369.00	366.00	365.00	364.00	360.00	356.00	350.00	345.00	340.00	330.00	326.00	318.00	316.00	304.00	297.00	290.00	285.00	279.00	264.00	248.00	225.00	207.00	189.00	186.00	183.00	179.00	179.00	173.00	177.00	182.00	193.00	197.00	215.00	222.00	227.00	239.00	251.00	256.00	258.00	259.00	270.00	277.00	284.00	290.00	290.00	289.00	289.00	290.00	292.00	299.00	302.00	304.00	306.00	305.00	300.00	298.00	300.00	304.00	311.00	310.00	311.00	314.00	315.00	309.00	308.00	307.00	305.00	308.00	312.00	316.00	319.00	323.00	333.00	336.00	343.00	344.00	346.00	346.00	343.00	341.00	338.00	336.00	340.00	342.00	346.00	356.00	357.00	358.00	357.00	359.00	358.00	357.00	353.00	352.00	350.00	346.00	342.00	342.00	339.00	338.00	337.00	335.00	333.00	326.00	323.00	321.00	313.00	313.00	312.00	310.00	307.00	305.00	298.00	297.00	295.00	291.00	271.00	261.00	264.00	263.00	260.00	260.00	260.00	259.00	257.00	257.00	244.00	252.00	268.00	282.00	300.00	310.00	309.00	314.00	336.00	410.00	447.00	507.00	525.00	529.00	515.00	499.00	484.00	454.00	445.00	455.00	471.00	485.00	495.00	494.00	490.00	491.00	492.00	488.00	486.00	483.00	481.00	476.00	468.00	465.00	465.00	464.00	465.00	469.00	474.00	474.00	469.00	466.00	469.00	466.00
375.00	401.00	403.00	417.00	424.00	428.00	429.00	433.00	437.00	439.00	441.00	443.00	441.00	438.00	432.00	431.00	430.00	429.00	427.00	424.00	421.00	419.00	416.00	411.00	409.00	406.00	404.00	403.00	405.00	406.00	407.00	407.00	406.00	406.00	405.00	404.00	405.00	407.00	407.00	407.00	407.00	408.00	408.00	406.00	406.00	408.00	406.00	404.00	402.00	398.00	394.00	396.00	397.00	393.00	395.00	406.00	410.00	411.00	414.00	422.00	426.00	428.00	428.00	430.00	434.00	433.00	428.00	428.00	425.00	422.00	421.00	423.00	424.00	419.00	416.00	412.00	402.00	391.00	386.00	382.00	378.00	376.00	374.00	373.00	373.00	372.00	369.00	366.00	365.00	364.00	360.00	356.00	350.00	345.00	340.00	330.00	326.00	318.00	316.00	304.00	297.00	290.00	285.00	279.00	264.00	248.00	225.00	207.00	189.00	186.00	183.00	179.00	179.00	173.00	177.00	182.00	193.00	197.00	215.00	222.00	227.00	239.00	251.00	256.00	258.00	259.00	270.00	277.00	284.00	290.00	290.00	289.00	289.00	290.00	292.00	299.00	302.00	304.00	306.00	305.00	300.00	298.00	300.00	304.00	311.00	310.00	311.00	314.00	315.00	309.00	308.00	307.00	305.00	308.00	312.00	316.00	319.00	323.00	333.00	336.00	343.00	344.00	346.00	346.00	343.00	341.00	338.00	336.00	340.00	342.00	346.00	356.00	357.00	358.00	357.00	359.00	358.00	357.00	353.00	352.00	350.00	346.00	342.00	342.00	339.00	338.00	337.00	335.00	333.00	326.00	323.00	321.00	313.00	313.00	312.00	310.00	307.00	305.00	298.00	297.00	295.00	291.00	271.00	261.00	264.00	263.00	260.00	260.00	260.00	259.00	257.00	257.00	244.00	252.00	268.00	282.00	300.00	310.00	309.00	314.00	336.00	410.00	447.00	507.00	525.00	529.00	515.00	499.00	484.00	454.00	445.00	455.00	471.00	485.00	495.00	494.00	490.00	491.00	492.00	488.00	486.00	483.00	481.00	476.00	468.00	465.00	465.00	464.00	465.00	469.00	474.00	474.00	469.00	466.00	469.00	466.00
375.00	401.00	403.00	417.00	424.00	428.00	429.00	433.00	437.00	439.00	441.00	443.00	441.00	438.00	432.00	431.00	430.00	429.00	427.00	424.00	421.00	419.00	416.00	411.00	409.00	406.00	404.00	403.00	405.00	406.00	407.00	407.00	406.00	406.00	405.00	404.00	405.00	407.00	407.00	407.00	407.00	408.00	408.00	406.00	406.00	408.00	406.00	404.00	402.00	398.00	394.00	396.00	397.00	393.00	395.00	406.00	410.00	411.00	414.00	422.00	426.00	428.00	428.00	430.00	434.00	433.00	428.00	428.00	425.00	422.00	421.00	423.00	424.00	419.00	416.00	412.00	402.00	391.00	386.00	382.00	378.00	376.00	374.00	373.00	373.00	372.00	369.00	366.00	365.00	364.00	360.00	356.00	350.00	345.00	340.00	330.00	326.00	318.00	316.00	304.00	297.00	290.00	285.00	279.00	264.00	248.00	225.00	207.00	189.00	186.00	183.00	179.00	179.00	173.00	177.00	182.00	193.00	197.00	215.00	222.00	227.00	239.00	251.00	256.00	258.00	259.00	270.00	277.00	284.00	290.00	290.00	289.00	289.00	290.00	292.00	299.00	302.00	304.00	306.00	305.00	300.00	298.00	300.00	304.00	311.00	310.00	311.00	314.00	315.00	309.00	308.00	307.00	305.00	308.00	312.00	316.00	319.00	323.00	333.00	336.00	343.00	344.00	346.00	346.00	343.00	341.00	338.00	336.00	340.00	342.00	346.00	356.00	357.00	358.00	357.00	359.00	358.00	357.00	353.00	352.00	350.00	346.00	342.00	342.00	339.00	338.00	337.00	335.00	333.00	326.00	323.00	321.00	313.00	313.00	312.00	310.00	307.00	305.00	298.00	297.00	295.00	291.00	271.00	261.00	264.00	263.00	260.00	260.00	260.00	259.00	257.00	257.00	244.00	252.00	268.00	282.00	300.00	310.00	309.00	314.00	336.00	410.00	447.00	507.00	525.00	529.00	515.00	499.00	484.00	454.00	445.00	455.00	471.00	485.00	495.00	494.00	490.00	491.00	492.00	488.00	486.00	483.00	481.00	476.00	468.00	465.00	465.00	464.00	465.00	469.00	474.00	474.00	469.00	466.00	469.00	466.00
385.00	403.00	409.00	428.00	436.00	439.00	441.00	443.00	444.00	443.00	445.00	441.00	439.00	440.00	440.00	439.00	436.00	435.00	434.00	435.00	437.00	435.00	432.00	424.00	420.00	418.00	415.00	414.00	412.00	410.00	410.00	410.00	409.00	408.00	407.00	407.00	407.00	405.00	405.00	405.00	406.00	409.00	410.00	412.00	413.00	412.00	411.00	409.00	407.00	408.00	414.00	416.00	419.00	421.00	423.00	425.00	426.00	427.00	429.00	431.00	434.00	435.00	441.00	445.00	448.00	448.00	449.00	448.00	446.00	443.00	441.00	439.00	438.00	434.00	431.00	428.00	424.00	421.00	418.00	415.00	413.00	409.00	400.00	398.00	395.00	389.00	378.00	373.00	370.00	369.00	367.00	368.00	368.00	367.00	364.00	348.00	341.00	330.00	328.00	318.00	309.00	299.00	291.00	285.00	259.00	241.00	227.00	226.00	262.00	271.00	283.00	291.00	301.00	313.00	311.00	310.00	315.00	311.00	305.00	295.00	284.00	275.00	271.00	270.00	270.00	273.00	286.00	290.00	295.00	300.00	298.00	299.00	301.00	304.00	309.00	312.00	314.00	316.00	315.00	313.00	311.00	310.00	311.00	311.00	320.00	323.00	324.00	323.00	322.00	315.00	314.00	317.00	319.00	323.00	325.00	325.00	327.00	333.00	339.00	343.00	349.00	355.00	364.00	366.00	367.00	368.00	370.00	369.00	368.00	369.00	370.00	372.00	371.00	370.00	369.00	368.00	368.00	365.00	363.00	361.00	352.00	351.00	351.00	349.00	348.00	343.00	338.00	336.00	336.00	330.00	326.00	323.00	317.00	315.00	307.00	303.00	302.00	301.00	298.00	296.00	294.00	289.00	273.00	262.00	260.00	259.00	257.00	254.00	252.00	250.00	248.00	247.00	236.00	236.00	236.00	241.00	265.00	265.00	266.00	277.00	283.00	300.00	313.00	352.00	380.00	432.00	443.00	438.00	430.00	427.00	437.00	445.00	454.00	466.00	492.00	493.00	493.00	498.00	503.00	512.00	513.00	514.00	514.00	496.00	484.00	476.00	470.00	469.00	472.00	474.00	471.00	471.00	477.00	478.00	479.00	480.00
385.00	403.00	409.00	428.00	436.00	439.00	441.00	443.00	444.00	443.00	445.00	441.00	439.00	440.00	440.00	439.00	436.00	435.00	434.00	435.00	437.00	435.00	432.00	424.00	420.00	418.00	415.00	414.00	412.00	410.00	410.00	410.00	409.00	408.00	407.00	407.00	407.00	405.00	405.00	405.00	406.00	409.00	410.00	412.00	413.00	412.00	411.00	409.00	407.00	408.00	414.00	416.00	419.00	421.00	423.00	425.00	426.00	427.00	429.00	431.00	434.00	435.00	441.00	445.00	448.00	448.00	449.00	448.00	446.00	443.00	441.00	439.00	438.00	434.00	431.00	428.00	424.00	421.00	418.00	415.00	413.00	409.00	400.00	398.00	395.00	389.00	378.00	373.00	370.00	369.00	367.00	368.00	368.00	367.00	364.00	348.00	341.00	330.00	328.00	318.00	309.00	299.00	291.00	285.00	259.00	241.00	227.00	226.00	262.00	271.00	283.00	291.00	301.00	313.00	311.00	310.00	315.00	311.00	305.00	295.00	284.00	275.00	271.00	270.00	270.00	273.00	286.00	290.00	295.00	300.00	298.00	299.00	301.00	304.00	309.00	312.00	314.00	316.00	315.00	313.00	311.00	310.00	311.00	311.00	320.00	323.00	324.00	323.00	322.00	315.00	314.00	317.00	319.00	323.00	325.00	325.00	327.00	333.00	339.00	343.00	349.00	355.00	364.00	366.00	367.00	368.00	370.00	369.00	368.00	369.00	370.00	372.00	371.00	370.00	369.00	368.00	368.00	365.00	363.00	361.00	352.00	351.00	351.00	349.00	348.00	343.00	338.00	336.00	336.00	330.00	326.00	323.00	317.00	315.00	307.00	303.00	302.00	301.00	298.00	296.00	294.00	289.00	273.00	262.00	260.00	259.00	257.00	254.00	252.00	250.00	248.00	247.00	236.00	236.00	236.00	241.00	265.00	265.00	266.00	277.00	283.00	300.00	313.00	352.00	380.00	432.00	443.00	438.00	430.00	427.00	437.00	445.00	454.00	466.00	492.00	493.00	493.00	498.00	503.00	512.00	513.00	514.00	514.00	496.00	484.00	476.00	470.00	469.00	472.00	474.00	471.00	471.00	477.00	478.00	479.00	480.00
385.00	403.00	409.00	428.00	436.00	439.00	441.00	443.00	444.00	443.00	445.00	441.00	439.00	440.00	440.00	439.00	436.00	435.00	434.00	435.00	437.00	435.00	432.00	424.00	420.00	418.00	415.00	414.00	412.00	410.00	410.00	410.00	409.00	408.00	407.00	407.00	407.00	405.00	405.00	405.00	406.00	409.00	410.00	412.00	413.00	412.00	411.00	409.00	407.00	408.00	414.00	416.00	419.00	421.00	423.00	425.00	426.00	427.00	429.00	431.00	434.00	435.00	441.00	445.00	448.00	448.00	449.00	448.00	446.00	443.00	441.00	439.00	438.00	434.00	431.00	428.00	424.00	421.00	418.00	415.00	413.00	409.00	400.00	398.00	395.00	389.00	378.00	373.00	370.00	369.00	367.00	368.00	368.00	367.00	364.00	348.00	341.00	330.00	328.00	318.00	309.00	299.00	291.00	285.00	259.00	241.00	227.00	226.00	262.00	271.00	283.00	291.00	301.00	313.00	311.00	310.00	315.00	311.00	305.00	295.00	284.00	275.00	271.00	270.00	270.00	273.00	286.00	290.00	295.00	300.00	298.00	299.00	301.00	304.00	309.00	312.00	314.00	316.00	315.00	313.00	311.00	310.00	311.00	311.00	320.00	323.00	324.00	323.00	322.00	315.00	314.00	317.00	319.00	323.00	325.00	325.00	327.00	333.00	339.00	343.00	349.00	355.00	364.00	366.00	367.00	368.00	370.00	369.00	368.00	369.00	370.00	372.00	371.00	370.00	369.00	368.00	368.00	365.00	363.00	361.00	352.00	351.00	351.00	349.00	348.00	343.00	338.00	336.00	336.00	330.00	326.00	323.00	317.00	315.00	307.00	303.00	302.00	301.00	298.00	296.00	294.00	289.00	273.00	262.00	260.00	259.00	257.00	254.00	252.00	250.00	248.00	247.00	236.00	236.00	236.00	241.00	265.00	265.00	266.00	277.00	283.00	300.00	313.00	352.00	380.00	432.00	443.00	438.00	430.00	427.00	437.00	445.00	454.00	466.00	492.00	493.00	493.00	498.00	503.00	512.00	513.00	514.00	514.00	496.00	484.00	476.00	470.00	469.00	472.00	474.00	471.00	471.00	477.00	478.00	479.00	480.00
391.00	413.00	417.00	430.00	434.00	438.00	439.00	439.00	439.00	441.00	441.00	442.00	442.00	444.00	439.00	440.00	442.00	445.00	446.00	447.00	446.00	446.00	448.00	447.00	445.00	442.00	437.00	432.00	427.00	423.00	422.00	423.00	422.00	420.00	413.00	411.00	407.00	405.00	406.00	406.00	404.00	406.00	406.00	409.00	412.00	420.00	422.00	425.00	428.00	429.00	437.00	443.00	447.00	454.00	456.00	459.00	457.00	455.00	451.00	446.00	449.00	451.00	451.00	451.00	454.00	456.00	456.00	457.00	458.00	457.00	456.00	453.00	452.00	451.00	450.00	446.00	438.00	431.00	430.00	428.00	426.00	424.00	420.00	416.00	413.00	409.00	403.00	401.00	396.00	392.00	373.00	367.00	365.00	360.00	355.00	358.00	357.00	347.00	343.00	326.00	316.00	308.00	296.00	280.00	266.00	272.00	283.00	295.00	342.00	365.00	393.00	424.00	452.00	488.00	495.00	496.00	496.00	480.00	430.00	402.00	378.00	359.00	335.00	320.00	305.00	296.00	290.00	291.00	291.00	299.00	304.00	313.00	314.00	316.00	317.00	317.00	313.00	310.00	308.00	304.00	311.00	311.00	315.00	322.00	327.00	327.00	325.00	323.00	323.00	323.00	325.00	324.00	326.00	338.00	342.00	347.00	354.00	358.00	373.00	384.00	390.00	390.00	391.00	392.00	391.00	389.00	390.00	388.00	385.00	382.00	381.00	375.00	375.00	375.00	374.00	373.00	371.00	371.00	370.00	368.00	365.00	360.00	358.00	356.00	357.00	360.00	355.00	347.00	341.00	332.00	325.00	322.00	313.00	306.00	290.00	285.00	284.00	288.00	291.00	288.00	286.00	288.00	280.00	259.00	256.00	252.00	250.00	244.00	242.00	242.00	241.00	239.00	249.00	261.00	271.00	264.00	239.00	236.00	240.00	268.00	296.00	322.00	329.00	332.00	339.00	367.00	380.00	402.00	423.00	450.00	455.00	460.00	473.00	483.00	512.00	519.00	523.00	528.00	528.00	527.00	526.00	519.00	514.00	508.00	497.00	490.00	482.00	479.00	481.00	479.00	478.00	479.00	482.00	486.00	486.00	485.00
391.00	413.00	417.00	430.00	434.00	438.00	439.00	439.00	439.00	441.00	441.00	442.00	442.00	444.00	439.00	440.00	442.00	445.00	446.00	447.00	446.00	446.00	448.00	447.00	445.00	442.00	437.00	432.00	427.00	423.00	422.00	423.00	422.00	420.00	413.00	411.00	407.00	405.00	406.00	406.00	404.00	406.00	406.00	409.00	412.00	420.00	422.00	425.00	428.00	429.00	437.00	443.00	447.00	454.00	456.00	459.00	457.00	455.00	451.00	446.00	449.00	451.00	451.00	451.00	454.00	456.00	456.00	457.00	458.00	457.00	456.00	453.00	452.00	451.00	450.00	446.00	438.00	431.00	430.00	428.00	426.00	424.00	420.00	416.00	413.00	409.00	403.00	401.00	396.00	392.00	373.00	367.00	365.00	360.00	355.00	358.00	357.00	347.00	343.00	326.00	316.00	308.00	296.00	280.00	266.00	272.00	283.00	295.00	342.00	365.00	393.00	424.00	452.00	488.00	495.00	496.00	496.00	480.00	430.00	402.00	378.00	359.00	335.00	320.00	305.00	296.00	290.00	291.00	291.00	299.00	304.00	313.00	314.00	316.00	317.00	317.00	313.00	310.00	308.00	304.00	311.00	311.00	315.00	322.00	327.00	327.00	325.00	323.00	323.00	323.00	325.00	324.00	326.00	338.00	342.00	347.00	354.00	358.00	373.00	384.00	390.00	390.00	391.00	392.00	391.00	389.00	390.00	388.00	385.00	382.00	381.00	375.00	375.00	375.00	374.00	373.00	371.00	371.00	370.00	368.00	365.00	360.00	358.00	356.00	357.00	360.00	355.00	347.00	341.00	332.00	325.00	322.00	313.00	306.00	290.00	285.00	284.00	288.00	291.00	288.00	286.00	288.00	280.00	259.00	256.00	252.00	250.00	244.00	242.00	242.00	241.00	239.00	249.00	261.00	271.00	264.00	239.00	236.00	240.00	268.00	296.00	322.00	329.00	332.00	339.00	367.00	380.00	402.00	423.00	450.00	455.00	460.00	473.00	483.00	512.00	519.00	523.00	528.00	528.00	527.00	526.00	519.00	514.00	508.00	497.00	490.00	482.00	479.00	481.00	479.00	478.00	479.00	482.00	486.00	486.00	485.00
414.00	429.00	434.00	442.00	440.00	442.00	445.00	449.00	449.00	447.00	448.00	450.00	451.00	451.00	445.00	443.00	443.00	447.00	451.00	456.00	455.00	454.00	456.00	457.00	454.00	454.00	454.00	451.00	447.00	445.00	441.00	439.00	434.00	430.00	424.00	421.00	417.00	405.00	404.00	405.00	407.00	410.00	411.00	416.00	418.00	425.00	432.00	433.00	436.00	437.00	444.00	451.00	455.00	462.00	471.00	476.00	473.00	472.00	471.00	469.00	466.00	464.00	464.00	465.00	461.00	461.00	464.00	466.00	468.00	465.00	463.00	462.00	461.00	459.00	458.00	456.00	453.00	448.00	446.00	444.00	441.00	441.00	437.00	434.00	431.00	429.00	410.00	404.00	400.00	396.00	394.00	392.00	388.00	385.00	381.00	378.00	384.00	393.00	391.00	371.00	368.00	374.00	388.00	401.00	415.00	412.00	409.00	405.00	390.00	399.00	416.00	438.00	461.00	499.00	503.00	497.00	486.00	458.00	421.00	402.00	384.00	366.00	346.00	340.00	335.00	326.00	313.00	308.00	303.00	306.00	309.00	313.00	318.00	322.00	323.00	323.00	315.00	307.00	302.00	310.00	323.00	321.00	320.00	323.00	325.00	325.00	330.00	332.00	338.00	359.00	364.00	363.00	365.00	374.00	379.00	381.00	386.00	389.00	396.00	398.00	400.00	403.00	403.00	406.00	406.00	406.00	405.00	402.00	401.00	399.00	397.00	391.00	391.00	388.00	384.00	380.00	376.00	374.00	375.00	375.00	372.00	371.00	371.00	369.00	368.00	363.00	360.00	349.00	337.00	315.00	303.00	301.00	300.00	294.00	280.00	277.00	275.00	276.00	292.00	291.00	282.00	268.00	248.00	244.00	243.00	243.00	242.00	236.00	236.00	236.00	236.00	236.00	246.00	275.00	290.00	300.00	294.00	282.00	286.00	302.00	325.00	376.00	393.00	395.00	395.00	410.00	427.00	446.00	464.00	486.00	485.00	491.00	501.00	510.00	536.00	538.00	540.00	545.00	539.00	531.00	524.00	517.00	512.00	509.00	504.00	502.00	504.00	501.00	498.00	496.00	491.00	488.00	487.00	487.00	486.00	487.00
414.00	429.00	434.00	442.00	440.00	442.00	445.00	449.00	449.00	447.00	448.00	450.00	451.00	451.00	445.00	443.00	443.00	447.00	451.00	456.00	455.00	454.00	456.00	457.00	454.00	454.00	454.00	451.00	447.00	445.00	441.00	439.00	434.00	430.00	424.00	421.00	417.00	405.00	404.00	405.00	407.00	410.00	411.00	416.00	418.00	425.00	432.00	433.00	436.00	437.00	444.00	451.00	455.00	462.00	471.00	476.00	473.00	472.00	471.00	469.00	466.00	464.00	464.00	465.00	461.00	461.00	464.00	466.00	468.00	465.00	463.00	462.00	461.00	459.00	458.00	456.00	453.00	448.00	446.00	444.00	441.00	441.00	437.00	434.00	431.00	429.00	410.00	404.00	400.00	396.00	394.00	392.00	388.00	385.00	381.00	378.00	384.00	393.00	391.00	371.00	368.00	374.00	388.00	401.00	415.00	412.00	409.00	405.00	390.00	399.00	416.00	438.00	461.00	499.00	503.00	497.00	486.00	458.00	421.00	402.00	384.00	366.00	346.00	340.00	335.00	326.00	313.00	308.00	303.00	306.00	309.00	313.00	318.00	322.00	323.00	323.00	315.00	307.00	302.00	310.00	323.00	321.00	320.00	323.00	325.00	325.00	330.00	332.00	338.00	359.00	364.00	363.00	365.00	374.00	379.00	381.00	386.00	389.00	396.00	398.00	400.00	403.00	403.00	406.00	406.00	406.00	405.00	402.00	401.00	399.00	397.00	391.00	391.00	388.00	384.00	380.00	376.00	374.00	375.00	375.00	372.00	371.00	371.00	369.00	368.00	363.00	360.00	349.00	337.00	315.00	303.00	301.00	300.00	294.00	280.00	277.00	275.00	276.00	292.00	291.00	282.00	268.00	248.00	244.00	243.00	243.00	242.00	236.00	236.00	236.00	236.00	236.00	246.00	275.00	290.00	300.00	294.00	282.00	286.00	302.00	325.00	376.00	393.00	395.00	395.00	410.00	427.00	446.00	464.00	486.00	485.00	491.00	501.00	510.00	536.00	538.00	540.00	545.00	539.00	531.00	524.00	517.00	512.00	509.00	504.00	502.00	504.00	501.00	498.00	496.00	491.00	488.00	487.00	487.00	486.00	487.00
414.00	429.00	434.00	442.00	440.00	442.00	445.00	449.00	449.00	447.00	448.00	450.00	451.00	451.00	445.00	443.00	443.00	447.00	451.00	456.00	455.00	454.00	456.00	457.00	454.00	454.00	454.00	451.00	447.00	445.00	441.00	439.00	434.00	430.00	424.00	421.00	417.00	405.00	404.00	405.00	407.00	410.00	411.00	416.00	418.00	425.00	432.00	433.00	436.00	437.00	444.00	451.00	455.00	462.00	471.00	476.00	473.00	472.00	471.00	469.00	466.00	464.00	464.00	465.00	461.00	461.00	464.00	466.00	468.00	465.00	463.00	462.00	461.00	459.00	458.00	456.00	453.00	448.00	446.00	444.00	441.00	441.00	437.00	434.00	431.00	429.00	410.00	404.00	400.00	396.00	394.00	392.00	388.00	385.00	381.00	378.00	384.00	393.00	391.00	371.00	368.00	374.00	388.00	401.00	415.00	412.00	409.00	405.00	390.00	399.00	416.00	438.00	461.00	499.00	503.00	497.00	486.00	458.00	421.00	402.00	384.00	366.00	346.00	340.00	335.00	326.00	313.00	308.00	303.00	306.00	309.00	313.00	318.00	322.00	323.00	323.00	315.00	307.00	302.00	310.00	323.00	321.00	320.00	323.00	325.00	325.00	330.00	332.00	338.00	359.00	364.00	363.00	365.00	374.00	379.00	381.00	386.00	389.00	396.00	398.00	400.00	403.00	403.00	406.00	406.00	406.00	405.00	402.00	401.00	399.00	397.00	391.00	391.00	388.00	384.00	380.00	376.00	374.00	375.00	375.00	372.00	371.00	371.00	369.00	368.00	363.00	360.00	349.00	337.00	315.00	303.00	301.00	300.00	294.00	280.00	277.00	275.00	276.00	292.00	291.00	282.00	268.00	248.00	244.00	243.00	243.00	242.00	236.00	236.00	236.00	236.00	236.00	246.00	275.00	290.00	300.00	294.00	282.00	286.00	302.00	325.00	376.00	393.00	395.00	395.00	410.00	427.00	446.00	464.00	486.00	485.00	491.00	501.00	510.00	536.00	538.00	540.00	545.00	539.00	531.00	524.00	517.00	512.00	509.00	504.00	502.00	504.00	501.00	498.00	496.00	491.00	488.00	487.00	487.00	486.00	487.00
414.00	429.00	434.00	442.00	440.00	442.00	445.00	449.00	449.00	447.00	448.00	450.00	451.00	451.00	445.00	443.00	443.00	447.00	451.00	456.00	455.00	454.00	456.00	457.00	454.00	454.00	454.00	451.00	447.00	445.00	441.00	439.00	434.00	430.00	424.00	421.00	417.00	405.00	404.00	405.00	407.00	410.00	411.00	416.00	418.00	425.00	432.00	433.00	436.00	437.00	444.00	451.00	455.00	462.00	471.00	476.00	473.00	472.00	471.00	469.00	466.00	464.00	464.00	465.00	461.00	461.00	464.00	466.00	468.00	465.00	463.00	462.00	461.00	459.00	458.00	456.00	453.00	448.00	446.00	444.00	441.00	441.00	437.00	434.00	431.00	429.00	410.00	404.00	400.00	396.00	394.00	392.00	388.00	385.00	381.00	378.00	384.00	393.00	391.00	371.00	368.00	374.00	388.00	401.00	415.00	412.00	409.00	405.00	390.00	399.00	416.00	438.00	461.00	499.00	503.00	497.00	486.00	458.00	421.00	402.00	384.00	366.00	346.00	340.00	335.00	326.00	313.00	308.00	303.00	306.00	309.00	313.00	318.00	322.00	323.00	323.00	315.00	307.00	302.00	310.00	323.00	321.00	320.00	323.00	325.00	325.00	330.00	332.00	338.00	359.00	364.00	363.00	365.00	374.00	379.00	381.00	386.00	389.00	396.00	398.00	400.00	403.00	403.00	406.00	406.00	406.00	405.00	402.00	401.00	399.00	397.00	391.00	391.00	388.00	384.00	380.00	376.00	374.00	375.00	375.00	372.00	371.00	371.00	369.00	368.00	363.00	360.00	349.00	337.00	315.00	303.00	301.00	300.00	294.00	280.00	277.00	275.00	276.00	292.00	291.00	282.00	268.00	248.00	244.00	243.00	243.00	242.00	236.00	236.00	236.00	236.00	236.00	246.00	275.00	290.00	300.00	294.00	282.00	286.00	302.00	325.00	376.00	393.00	395.00	395.00	410.00	427.00	446.00	464.00	486.00	485.00	491.00	501.00	510.00	536.00	538.00	540.00	545.00	539.00	531.00	524.00	517.00	512.00	509.00	504.00	502.00	504.00	501.00	498.00	496.00	491.00	488.00	487.00	487.00	486.00	487.00
441.00	446.00	451.00	454.00	452.00	451.00	451.00	451.00	454.00	454.00	451.00	449.00	449.00	451.00	452.00	452.00	452.00	452.00	452.00	454.00	456.00	458.00	460.00	456.00	454.00	453.00	452.00	453.00	449.00	448.00	448.00	448.00	445.00	443.00	441.00	437.00	441.00	471.00	483.00	483.00	469.00	433.00	429.00	433.00	436.00	442.00	445.00	447.00	450.00	454.00	462.00	466.00	470.00	472.00	474.00	473.00	474.00	475.00	476.00	474.00	473.00	472.00	471.00	470.00	471.00	471.00	475.00	475.00	474.00	476.00	475.00	473.00	472.00	471.00	469.00	467.00	465.00	461.00	458.00	457.00	453.00	449.00	444.00	437.00	429.00	425.00	425.00	424.00	423.00	423.00	454.00	471.00	480.00	475.00	466.00	476.00	492.00	518.00	523.00	503.00	489.00	486.00	493.00	508.00	533.00	537.00	532.00	524.00	488.00	498.00	510.00	516.00	525.00	538.00	533.00	525.00	511.00	484.00	458.00	447.00	436.00	420.00	393.00	381.00	369.00	361.00	356.00	354.00	356.00	356.00	350.00	344.00	348.00	348.00	347.00	344.00	344.00	346.00	353.00	370.00	379.00	380.00	383.00	384.00	383.00	380.00	381.00	381.00	381.00	390.00	390.00	391.00	395.00	399.00	399.00	399.00	400.00	402.00	405.00	407.00	407.00	407.00	407.00	408.00	411.00	412.00	413.00	413.00	412.00	411.00	406.00	400.00	397.00	396.00	397.00	395.00	390.00	387.00	382.00	379.00	374.00	371.00	372.00	375.00	379.00	377.00	372.00	368.00	360.00	343.00	333.00	326.00	304.00	292.00	279.00	272.00	268.00	266.00	265.00	254.00	242.00	236.00	239.00	249.00	252.00	258.00	261.00	256.00	244.00	237.00	236.00	236.00	238.00	244.00	252.00	269.00	322.00	341.00	354.00	363.00	375.00	416.00	431.00	438.00	446.00	456.00	462.00	471.00	481.00	494.00	503.00	509.00	516.00	524.00	549.00	552.00	548.00	543.00	532.00	523.00	520.00	518.00	517.00	516.00	510.00	507.00	506.00	506.00	503.00	498.00	498.00	497.00	490.00	488.00	492.00	493.00
441.00	446.00	451.00	454.00	452.00	451.00	451.00	451.00	454.00	454.00	451.00	449.00	449.00	451.00	452.00	452.00	452.00	452.00	452.00	454.00	456.00	458.00	460.00	456.00	454.00	453.00	452.00	453.00	449.00	448.00	448.00	448.00	445.00	443.00	441.00	437.00	441.00	471.00	483.00	483.00	469.00	433.00	429.00	433.00	436.00	442.00	445.00	447.00	450.00	454.00	462.00	466.00	470.00	472.00	474.00	473.00	474.00	475.00	476.00	474.00	473.00	472.00	471.00	470.00	471.00	471.00	475.00	475.00	474.00	476.00	475.00	473.00	472.00	471.00	469.00	467.00	465.00	461.00	458.00	457.00	453.00	449.00	444.00	437.00	429.00	425.00	425.00	424.00	423.00	423.00	454.00	471.00	480.00	475.00	466.00	476.00	492.00	518.00	523.00	503.00	489.00	486.00	493.00	508.00	533.00	537.00	532.00	524.00	488.00	498.00	510.00	516.00	525.00	538.00	533.00	525.00	511.00	484.00	458.00	447.00	436.00	420.00	393.00	381.00	369.00	361.00	356.00	354.00	356.00	356.00	350.00	344.00	348.00	348.00	347.00	344.00	344.00	346.00	353.00	370.00	379.00	380.00	383.00	384.00	383.00	380.00	381.00	381.00	381.00	390.00	390.00	391.00	395.00	399.00	399.00	399.00	400.00	402.00	405.00	407.00	407.00	407.00	407.00	408.00	411.00	412.00	413.00	413.00	412.00	411.00	406.00	400.00	397.00	396.00	397.00	395.00	390.00	387.00	382.00	379.00	374.00	371.00	372.00	375.00	379.00	377.00	372.00	368.00	360.00	343.00	333.00	326.00	304.00	292.00	279.00	272.00	268.00	266.00	265.00	254.00	242.00	236.00	239.00	249.00	252.00	258.00	261.00	256.00	244.00	237.00	236.00	236.00	238.00	244.00	252.00	269.00	322.00	341.00	354.00	363.00	375.00	416.00	431.00	438.00	446.00	456.00	462.00	471.00	481.00	494.00	503.00	509.00	516.00	524.00	549.00	552.00	548.00	543.00	532.00	523.00	520.00	518.00	517.00	516.00	510.00	507.00	506.00	506.00	503.00	498.00	498.00	497.00	490.00	488.00	492.00	493.00
441.00	446.00	451.00	454.00	452.00	451.00	451.00	451.00	454.00	454.00	451.00	449.00	449.00	451.00	452.00	452.00	452.00	452.00	452.00	454.00	456.00	458.00	460.00	456.00	454.00	453.00	452.00	453.00	449.00	448.00	448.00	448.00	445.00	443.00	441.00	437.00	441.00	471.00	483.00	483.00	469.00	433.00	429.00	433.00	436.00	442.00	445.00	447.00	450.00	454.00	462.00	466.00	470.00	472.00	474.00	473.00	474.00	475.00	476.00	474.00	473.00	472.00	471.00	470.00	471.00	471.00	475.00	475.00	474.00	476.00	475.00	473.00	472.00	471.00	469.00	467.00	465.00	461.00	458.00	457.00	453.00	449.00	444.00	437.00	429.00	425.00	425.00	424.00	423.00	423.00	454.00	471.00	480.00	475.00	466.00	476.00	492.00	518.00	523.00	503.00	489.00	486.00	493.00	508.00	533.00	537.00	532.00	524.00	488.00	498.00	510.00	516.00	525.00	538.00	533.00	525.00	511.00	484.00	458.00	447.00	436.00	420.00	393.00	381.00	369.00	361.00	356.00	354.00	356.00	356.00	350.00	344.00	348.00	348.00	347.00	344.00	344.00	346.00	353.00	370.00	379.00	380.00	383.00	384.00	383.00	380.00	381.00	381.00	381.00	390.00	390.00	391.00	395.00	399.00	399.00	399.00	400.00	402.00	405.00	407.00	407.00	407.00	407.00	408.00	411.00	412.00	413.00	413.00	412.00	411.00	406.00	400.00	397.00	396.00	397.00	395.00	390.00	387.00	382.00	379.00	374.00	371.00	372.00	375.00	379.00	377.00	372.00	368.00	360.00	343.00	333.00	326.00	304.00	292.00	279.00	272.00	268.00	266.00	265.00	254.00	242.00	236.00	239.00	249.00	252.00	258.00	261.00	256.00	244.00	237.00	236.00	236.00	238.00	244.00	252.00	269.00	322.00	341.00	354.00	363.00	375.00	416.00	431.00	438.00	446.00	456.00	462.00	471.00	481.00	494.00	503.00	509.00	516.00	524.00	549.00	552.00	548.00	543.00	532.00	523.00	520.00	518.00	517.00	516.00	510.00	507.00	506.00	506.00	503.00	498.00	498.00	497.00	490.00	488.00	492.00	493.00
447.00	451.00	452.00	451.00	451.00	451.00	452.00	453.00	455.00	457.00	455.00	454.00	453.00	452.00	452.00	453.00	453.00	454.00	453.00	455.00	455.00	457.00	459.00	460.00	461.00	463.00	463.00	460.00	456.00	453.00	451.00	449.00	444.00	442.00	440.00	439.00	439.00	460.00	480.00	503.00	519.00	495.00	473.00	457.00	449.00	450.00	456.00	459.00	462.00	465.00	471.00	473.00	478.00	482.00	485.00	493.00	492.00	491.00	491.00	489.00	488.00	487.00	490.00	491.00	485.00	484.00	483.00	481.00	481.00	481.00	482.00	484.00	484.00	480.00	478.00	477.00	472.00	466.00	461.00	455.00	448.00	444.00	447.00	451.00	454.00	457.00	508.00	522.00	532.00	541.00	567.00	575.00	575.00	570.00	563.00	549.00	551.00	573.00	582.00	596.00	589.00	583.00	586.00	589.00	579.00	571.00	562.00	557.00	524.00	520.00	518.00	513.00	513.00	511.00	508.00	501.00	493.00	484.00	476.00	470.00	462.00	450.00	419.00	409.00	400.00	390.00	381.00	377.00	379.00	379.00	379.00	380.00	379.00	377.00	378.00	388.00	392.00	397.00	402.00	415.00	419.00	419.00	417.00	415.00	409.00	405.00	402.00	399.00	396.00	400.00	399.00	398.00	395.00	394.00	395.00	398.00	399.00	398.00	400.00	401.00	406.00	410.00	413.00	415.00	415.00	413.00	413.00	411.00	411.00	412.00	413.00	411.00	410.00	410.00	408.00	405.00	401.00	397.00	394.00	390.00	382.00	383.00	385.00	386.00	384.00	374.00	369.00	367.00	363.00	354.00	347.00	340.00	322.00	316.00	284.00	263.00	249.00	254.00	280.00	285.00	291.00	298.00	309.00	315.00	333.00	344.00	350.00	365.00	360.00	336.00	294.00	249.00	236.00	236.00	249.00	312.00	432.00	472.00	489.00	484.00	465.00	446.00	453.00	466.00	473.00	486.00	490.00	495.00	507.00	520.00	533.00	540.00	543.00	549.00	549.00	542.00	534.00	528.00	522.00	520.00	517.00	516.00	517.00	516.00	513.00	511.00	509.00	507.00	506.00	507.00	503.00	499.00	496.00	498.00	505.00	503.00
447.00	451.00	452.00	451.00	451.00	451.00	452.00	453.00	455.00	457.00	455.00	454.00	453.00	452.00	452.00	453.00	453.00	454.00	453.00	455.00	455.00	457.00	459.00	460.00	461.00	463.00	463.00	460.00	456.00	453.00	451.00	449.00	444.00	442.00	440.00	439.00	439.00	460.00	480.00	503.00	519.00	495.00	473.00	457.00	449.00	450.00	456.00	459.00	462.00	465.00	471.00	473.00	478.00	482.00	485.00	493.00	492.00	491.00	491.00	489.00	488.00	487.00	490.00	491.00	485.00	484.00	483.00	481.00	481.00	481.00	482.00	484.00	484.00	480.00	478.00	477.00	472.00	466.00	461.00	455.00	448.00	444.00	447.00	451.00	454.00	457.00	508.00	522.00	532.00	541.00	567.00	575.00	575.00	570.00	563.00	549.00	551.00	573.00	582.00	596.00	589.00	583.00	586.00	589.00	579.00	571.00	562.00	557.00	524.00	520.00	518.00	513.00	513.00	511.00	508.00	501.00	493.00	484.00	476.00	470.00	462.00	450.00	419.00	409.00	400.00	390.00	381.00	377.00	379.00	379.00	379.00	380.00	379.00	377.00	378.00	388.00	392.00	397.00	402.00	415.00	419.00	419.00	417.00	415.00	409.00	405.00	402.00	399.00	396.00	400.00	399.00	398.00	395.00	394.00	395.00	398.00	399.00	398.00	400.00	401.00	406.00	410.00	413.00	415.00	415.00	413.00	413.00	411.00	411.00	412.00	413.00	411.00	410.00	410.00	408.00	405.00	401.00	397.00	394.00	390.00	382.00	383.00	385.00	386.00	384.00	374.00	369.00	367.00	363.00	354.00	347.00	340.00	322.00	316.00	284.00	263.00	249.00	254.00	280.00	285.00	291.00	298.00	309.00	315.00	333.00	344.00	350.00	365.00	360.00	336.00	294.00	249.00	236.00	236.00	249.00	312.00	432.00	472.00	489.00	484.00	465.00	446.00	453.00	466.00	473.00	486.00	490.00	495.00	507.00	520.00	533.00	540.00	543.00	549.00	549.00	542.00	534.00	528.00	522.00	520.00	517.00	516.00	517.00	516.00	513.00	511.00	509.00	507.00	506.00	507.00	503.00	499.00	496.00	498.00	505.00	503.00
447.00	451.00	452.00	451.00	451.00	451.00	452.00	453.00	455.00	457.00	455.00	454.00	453.00	452.00	452.00	453.00	453.00	454.00	453.00	455.00	455.00	457.00	459.00	460.00	461.00	463.00	463.00	460.00	456.00	453.00	451.00	449.00	444.00	442.00	440.00	439.00	439.00	460.00	480.00	503.00	519.00	495.00	473.00	457.00	449.00	450.00	456.00	459.00	462.00	465.00	471.00	473.00	478.00	482.00	485.00	493.00	492.00	491.00	491.00	489.00	488.00	487.00	490.00	491.00	485.00	484.00	483.00	481.00	481.00	481.00	482.00	484.00	484.00	480.00	478.00	477.00	472.00	466.00	461.00	455.00	448.00	444.00	447.00	451.00	454.00	457.00	508.00	522.00	532.00	541.00	567.00	575.00	575.00	570.00	563.00	549.00	551.00	573.00	582.00	596.00	589.00	583.00	586.00	589.00	579.00	571.00	562.00	557.00	524.00	520.00	518.00	513.00	513.00	511.00	508.00	501.00	493.00	484.00	476.00	470.00	462.00	450.00	419.00	409.00	400.00	390.00	381.00	377.00	379.00	379.00	379.00	380.00	379.00	377.00	378.00	388.00	392.00	397.00	402.00	415.00	419.00	419.00	417.00	415.00	409.00	405.00	402.00	399.00	396.00	400.00	399.00	398.00	395.00	394.00	395.00	398.00	399.00	398.00	400.00	401.00	406.00	410.00	413.00	415.00	415.00	413.00	413.00	411.00	411.00	412.00	413.00	411.00	410.00	410.00	408.00	405.00	401.00	397.00	394.00	390.00	382.00	383.00	385.00	386.00	384.00	374.00	369.00	367.00	363.00	354.00	347.00	340.00	322.00	316.00	284.00	263.00	249.00	254.00	280.00	285.00	291.00	298.00	309.00	315.00	333.00	344.00	350.00	365.00	360.00	336.00	294.00	249.00	236.00	236.00	249.00	312.00	432.00	472.00	489.00	484.00	465.00	446.00	453.00	466.00	473.00	486.00	490.00	495.00	507.00	520.00	533.00	540.00	543.00	549.00	549.00	542.00	534.00	528.00	522.00	520.00	517.00	516.00	517.00	516.00	513.00	511.00	509.00	507.00	506.00	507.00	503.00	499.00	496.00	498.00	505.00	503.00
439.00	446.00	446.00	447.00	447.00	446.00	447.00	447.00	449.00	454.00	457.00	459.00	461.00	461.00	459.00	461.00	461.00	462.00	463.00	462.00	462.00	462.00	462.00	461.00	462.00	462.00	463.00	465.00	464.00	459.00	446.00	436.00	436.00	436.00	436.00	437.00	441.00	448.00	453.00	461.00	473.00	503.00	508.00	510.00	512.00	512.00	498.00	486.00	477.00	474.00	474.00	477.00	481.00	485.00	488.00	495.00	497.00	500.00	501.00	503.00	504.00	505.00	505.00	504.00	503.00	501.00	497.00	496.00	495.00	494.00	494.00	491.00	488.00	483.00	480.00	477.00	472.00	463.00	461.00	471.00	486.00	503.00	525.00	521.00	518.00	514.00	526.00	545.00	568.00	581.00	590.00	594.00	595.00	596.00	595.00	590.00	588.00	597.00	601.00	604.00	603.00	600.00	595.00	592.00	576.00	568.00	564.00	559.00	535.00	531.00	527.00	525.00	522.00	518.00	514.00	509.00	504.00	489.00	473.00	467.00	460.00	453.00	439.00	433.00	425.00	416.00	404.00	402.00	400.00	411.00	412.00	413.00	409.00	404.00	399.00	401.00	401.00	400.00	402.00	410.00	412.00	411.00	409.00	406.00	405.00	409.00	411.00	411.00	409.00	407.00	404.00	400.00	398.00	396.00	398.00	399.00	400.00	400.00	402.00	404.00	412.00	415.00	417.00	418.00	420.00	421.00	419.00	417.00	416.00	415.00	413.00	415.00	415.00	413.00	414.00	415.00	414.00	412.00	410.00	407.00	399.00	396.00	394.00	393.00	390.00	379.00	374.00	370.00	367.00	361.00	357.00	356.00	337.00	317.00	279.00	264.00	269.00	293.00	329.00	337.00	348.00	358.00	372.00	379.00	402.00	428.00	452.00	493.00	502.00	499.00	488.00	457.00	295.00	260.00	292.00	353.00	494.00	550.00	583.00	591.00	577.00	540.00	524.00	513.00	520.00	534.00	544.00	552.00	556.00	553.00	554.00	560.00	561.00	558.00	543.00	536.00	529.00	525.00	525.00	525.00	528.00	529.00	529.00	530.00	529.00	528.00	527.00	517.00	514.00	512.00	509.00	511.00	512.00	507.00	504.00	505.00
439.00	446.00	446.00	447.00	447.00	446.00	447.00	447.00	449.00	454.00	457.00	459.00	461.00	461.00	459.00	461.00	461.00	462.00	463.00	462.00	462.00	462.00	462.00	461.00	462.00	462.00	463.00	465.00	464.00	459.00	446.00	436.00	436.00	436.00	436.00	437.00	441.00	448.00	453.00	461.00	473.00	503.00	508.00	510.00	512.00	512.00	498.00	486.00	477.00	474.00	474.00	477.00	481.00	485.00	488.00	495.00	497.00	500.00	501.00	503.00	504.00	505.00	505.00	504.00	503.00	501.00	497.00	496.00	495.00	494.00	494.00	491.00	488.00	483.00	480.00	477.00	472.00	463.00	461.00	471.00	486.00	503.00	525.00	521.00	518.00	514.00	526.00	545.00	568.00	581.00	590.00	594.00	595.00	596.00	595.00	590.00	588.00	597.00	601.00	604.00	603.00	600.00	595.00	592.00	576.00	568.00	564.00	559.00	535.00	531.00	527.00	525.00	522.00	518.00	514.00	509.00	504.00	489.00	473.00	467.00	460.00	453.00	439.00	433.00	425.00	416.00	404.00	402.00	400.00	411.00	412.00	413.00	409.00	404.00	399.00	401.00	401.00	400.00	402.00	410.00	412.00	411.00	409.00	406.00	405.00	409.00	411.00	411.00	409.00	407.00	404.00	400.00	398.00	396.00	398.00	399.00	400.00	400.00	402.00	404.00	412.00	415.00	417.00	418.00	420.00	421.00	419.00	417.00	416.00	415.00	413.00	415.00	415.00	413.00	414.00	415.00	414.00	412.00	410.00	407.00	399.00	396.00	394.00	393.00	390.00	379.00	374.00	370.00	367.00	361.00	357.00	356.00	337.00	317.00	279.00	264.00	269.00	293.00	329.00	337.00	348.00	358.00	372.00	379.00	402.00	428.00	452.00	493.00	502.00	499.00	488.00	457.00	295.00	260.00	292.00	353.00	494.00	550.00	583.00	591.00	577.00	540.00	524.00	513.00	520.00	534.00	544.00	552.00	556.00	553.00	554.00	560.00	561.00	558.00	543.00	536.00	529.00	525.00	525.00	525.00	528.00	529.00	529.00	530.00	529.00	528.00	527.00	517.00	514.00	512.00	509.00	511.00	512.00	507.00	504.00	505.00
439.00	446.00	446.00	447.00	447.00	446.00	447.00	447.00	449.00	454.00	457.00	459.00	461.00	461.00	459.00	461.00	461.00	462.00	463.00	462.00	462.00	462.00	462.00	461.00	462.00	462.00	463.00	465.00	464.00	459.00	446.00	436.00	436.00	436.00	436.00	437.00	441.00	448.00	453.00	461.00	473.00	503.00	508.00	510.00	512.00	512.00	498.00	486.00	477.00	474.00	474.00	477.00	481.00	485.00	488.00	495.00	497.00	500.00	501.00	503.00	504.00	505.00	505.00	504.00	503.00	501.00	497.00	496.00	495.00	494.00	494.00	491.00	488.00	483.00	480.00	477.00	472.00	463.00	461.00	471.00	486.00	503.00	525.00	521.00	518.00	514.00	526.00	545.00	568.00	581.00	590.00	594.00	595.00	596.00	595.00	590.00	588.00	597.00	601.00	604.00	603.00	600.00	595.00	592.00	576.00	568.00	564.00	559.00	535.00	531.00	527.00	525.00	522.00	518.00	514.00	509.00	504.00	489.00	473.00	467.00	460.00	453.00	439.00	433.00	425.00	416.00	404.00	402.00	400.00	411.00	412.00	413.00	409.00	404.00	399.00	401.00	401.00	400.00	402.00	410.00	412.00	411.00	409.00	406.00	405.00	409.00	411.00	411.00	409.00	407.00	404.00	400.00	398.00	396.00	398.00	399.00	400.00	400.00	402.00	404.00	412.00	415.00	417.00	418.00	420.00	421.00	419.00	417.00	416.00	415.00	413.00	415.00	415.00	413.00	414.00	415.00	414.00	412.00	410.00	407.00	399.00	396.00	394.00	393.00	390.00	379.00	374.00	370.00	367.00	361.00	357.00	356.00	337.00	317.00	279.00	264.00	269.00	293.00	329.00	337.00	348.00	358.00	372.00	379.00	402.00	428.00	452.00	493.00	502.00	499.00	488.00	457.00	295.00	260.00	292.00	353.00	494.00	550.00	583.00	591.00	577.00	540.00	524.00	513.00	520.00	534.00	544.00	552.00	556.00	553.00	554.00	560.00	561.00	558.00	543.00	536.00	529.00	525.00	525.00	525.00	528.00	529.00	529.00	530.00	529.00	528.00	527.00	517.00	514.00	512.00	509.00	511.00	512.00	507.00	504.00	505.00
437.00	437.00	438.00	440.00	438.00	442.00	443.00	443.00	446.00	447.00	453.00	455.00	458.00	461.00	470.00	470.00	471.00	471.00	473.00	475.00	475.00	474.00	474.00	467.00	466.00	464.00	461.00	458.00	445.00	438.00	436.00	437.00	445.00	449.00	470.00	479.00	484.00	503.00	517.00	533.00	549.00	577.00	589.00	599.00	604.00	595.00	595.00	587.00	567.00	542.00	494.00	484.00	483.00	484.00	485.00	497.00	500.00	505.00	507.00	509.00	509.00	506.00	506.00	508.00	510.00	512.00	508.00	509.00	508.00	507.00	506.00	504.00	503.00	502.00	498.00	495.00	490.00	490.00	493.00	500.00	508.00	517.00	533.00	539.00	541.00	542.00	549.00	551.00	555.00	560.00	573.00	579.00	584.00	589.00	591.00	593.00	594.00	596.00	596.00	586.00	584.00	580.00	574.00	568.00	559.00	557.00	555.00	552.00	540.00	537.00	533.00	531.00	529.00	519.00	516.00	511.00	506.00	497.00	486.00	480.00	474.00	468.00	455.00	449.00	443.00	437.00	422.00	416.00	408.00	400.00	397.00	397.00	406.00	404.00	398.00	399.00	403.00	405.00	407.00	404.00	411.00	413.00	414.00	414.00	415.00	413.00	410.00	411.00	411.00	412.00	411.00	410.00	406.00	401.00	401.00	399.00	398.00	401.00	402.00	405.00	409.00	411.00	416.00	419.00	421.00	424.00	426.00	424.00	422.00	421.00	421.00	420.00	421.00	422.00	422.00	421.00	417.00	418.00	418.00	417.00	414.00	408.00	407.00	406.00	403.00	395.00	391.00	384.00	381.00	371.00	363.00	355.00	333.00	322.00	291.00	289.00	303.00	318.00	343.00	358.00	378.00	398.00	438.00	498.00	529.00	555.00	572.00	574.00	559.00	544.00	530.00	518.00	418.00	399.00	419.00	466.00	570.00	600.00	616.00	621.00	614.00	585.00	573.00	558.00	558.00	567.00	569.00	570.00	571.00	575.00	572.00	572.00	571.00	572.00	570.00	569.00	565.00	560.00	554.00	551.00	547.00	547.00	542.00	538.00	529.00	529.00	528.00	525.00	526.00	527.00	528.00	526.00	520.00	518.00	510.00	506.00
437.00	437.00	438.00	440.00	438.00	442.00	443.00	443.00	446.00	447.00	453.00	455.00	458.00	461.00	470.00	470.00	471.00	471.00	473.00	475.00	475.00	474.00	474.00	467.00	466.00	464.00	461.00	458.00	445.00	438.00	436.00	437.00	445.00	449.00	470.00	479.00	484.00	503.00	517.00	533.00	549.00	577.00	589.00	599.00	604.00	595.00	595.00	587.00	567.00	542.00	494.00	484.00	483.00	484.00	485.00	497.00	500.00	505.00	507.00	509.00	509.00	506.00	506.00	508.00	510.00	512.00	508.00	509.00	508.00	507.00	506.00	504.00	503.00	502.00	498.00	495.00	490.00	490.00	493.00	500.00	508.00	517.00	533.00	539.00	541.00	542.00	549.00	551.00	555.00	560.00	573.00	579.00	584.00	589.00	591.00	593.00	594.00	596.00	596.00	586.00	584.00	580.00	574.00	568.00	559.00	557.00	555.00	552.00	540.00	537.00	533.00	531.00	529.00	519.00	516.00	511.00	506.00	497.00	486.00	480.00	474.00	468.00	455.00	449.00	443.00	437.00	422.00	416.00	408.00	400.00	397.00	397.00	406.00	404.00	398.00	399.00	403.00	405.00	407.00	404.00	411.00	413.00	414.00	414.00	415.00	413.00	410.00	411.00	411.00	412.00	411.00	410.00	406.00	401.00	401.00	399.00	398.00	401.00	402.00	405.00	409.00	411.00	416.00	419.00	421.00	424.00	426.00	424.00	422.00	421.00	421.00	420.00	421.00	422.00	422.00	421.00	417.00	418.00	418.00	417.00	414.00	408.00	407.00	406.00	403.00	395.00	391.00	384.00	381.00	371.00	363.00	355.00	333.00	322.00	291.00	289.00	303.00	318.00	343.00	358.00	378.00	398.00	438.00	498.00	529.00	555.00	572.00	574.00	559.00	544.00	530.00	518.00	418.00	399.00	419.00	466.00	570.00	600.00	616.00	621.00	614.00	585.00	573.00	558.00	558.00	567.00	569.00	570.00	571.00	575.00	572.00	572.00	571.00	572.00	570.00	569.00	565.00	560.00	554.00	551.00	547.00	547.00	542.00	538.00	529.00	529.00	528.00	525.00	526.00	527.00	528.00	526.00	520.00	518.00	510.00	506.00
437.00	437.00	438.00	440.00	438.00	442.00	443.00	443.00	446.00	447.00	453.00	455.00	458.00	461.00	470.00	470.00	471.00	471.00	473.00	475.00	475.00	474.00	474.00	467.00	466.00	464.00	461.00	458.00	445.00	438.00	436.00	437.00	445.00	449.00	470.00	479.00	484.00	503.00	517.00	533.00	549.00	577.00	589.00	599.00	604.00	595.00	595.00	587.00	567.00	542.00	494.00	484.00	483.00	484.00	485.00	497.00	500.00	505.00	507.00	509.00	509.00	506.00	506.00	508.00	510.00	512.00	508.00	509.00	508.00	507.00	506.00	504.00	503.00	502.00	498.00	495.00	490.00	490.00	493.00	500.00	508.00	517.00	533.00	539.00	541.00	542.00	549.00	551.00	555.00	560.00	573.00	579.00	584.00	589.00	591.00	593.00	594.00	596.00	596.00	586.00	584.00	580.00	574.00	568.00	559.00	557.00	555.00	552.00	540.00	537.00	533.00	531.00	529.00	519.00	516.00	511.00	506.00	497.00	486.00	480.00	474.00	468.00	455.00	449.00	443.00	437.00	422.00	416.00	408.00	400.00	397.00	397.00	406.00	404.00	398.00	399.00	403.00	405.00	407.00	404.00	411.00	413.00	414.00	414.00	415.00	413.00	410.00	411.00	411.00	412.00	411.00	410.00	406.00	401.00	401.00	399.00	398.00	401.00	402.00	405.00	409.00	411.00	416.00	419.00	421.00	424.00	426.00	424.00	422.00	421.00	421.00	420.00	421.00	422.00	422.00	421.00	417.00	418.00	418.00	417.00	414.00	408.00	407.00	406.00	403.00	395.00	391.00	384.00	381.00	371.00	363.00	355.00	333.00	322.00	291.00	289.00	303.00	318.00	343.00	358.00	378.00	398.00	438.00	498.00	529.00	555.00	572.00	574.00	559.00	544.00	530.00	518.00	418.00	399.00	419.00	466.00	570.00	600.00	616.00	621.00	614.00	585.00	573.00	558.00	558.00	567.00	569.00	570.00	571.00	575.00	572.00	572.00	571.00	572.00	570.00	569.00	565.00	560.00	554.00	551.00	547.00	547.00	542.00	538.00	529.00	529.00	528.00	525.00	526.00	527.00	528.00	526.00	520.00	518.00	510.00	506.00
423.00	432.00	434.00	442.00	444.00	452.00	452.00	454.00	458.00	460.00	456.00	456.00	459.00	465.00	475.00	478.00	480.00	482.00	484.00	484.00	483.00	482.00	481.00	478.00	477.00	474.00	469.00	463.00	455.00	462.00	472.00	480.00	505.00	517.00	533.00	542.00	549.00	559.00	565.00	573.00	581.00	604.00	613.00	616.00	617.00	615.00	610.00	604.00	595.00	588.00	560.00	543.00	529.00	520.00	515.00	495.00	493.00	496.00	498.00	506.00	511.00	515.00	518.00	519.00	519.00	519.00	515.00	514.00	514.00	517.00	519.00	519.00	518.00	515.00	514.00	515.00	516.00	522.00	523.00	528.00	535.00	541.00	552.00	555.00	557.00	559.00	564.00	565.00	568.00	570.00	580.00	585.00	590.00	595.00	598.00	596.00	595.00	591.00	587.00	579.00	575.00	572.00	570.00	568.00	559.00	553.00	551.00	546.00	530.00	527.00	526.00	524.00	520.00	517.00	513.00	509.00	503.00	494.00	483.00	479.00	476.00	473.00	467.00	464.00	460.00	456.00	446.00	441.00	435.00	423.00	419.00	417.00	416.00	414.00	414.00	415.00	419.00	421.00	420.00	425.00	424.00	425.00	427.00	426.00	428.00	425.00	421.00	418.00	416.00	407.00	407.00	407.00	405.00	404.00	403.00	403.00	405.00	404.00	407.00	408.00	414.00	416.00	425.00	427.00	426.00	424.00	423.00	420.00	420.00	422.00	423.00	422.00	421.00	421.00	420.00	419.00	420.00	418.00	419.00	417.00	411.00	411.00	412.00	409.00	407.00	403.00	402.00	397.00	393.00	379.00	373.00	365.00	345.00	329.00	304.00	319.00	334.00	347.00	371.00	385.00	408.00	439.00	510.00	565.00	585.00	599.00	607.00	589.00	572.00	554.00	535.00	518.00	497.00	503.00	521.00	548.00	593.00	597.00	603.00	609.00	611.00	605.00	603.00	598.00	597.00	597.00	599.00	595.00	596.00	595.00	588.00	585.00	585.00	581.00	567.00	565.00	564.00	563.00	563.00	561.00	558.00	554.00	551.00	547.00	551.00	549.00	543.00	538.00	537.00	535.00	533.00	533.00	532.00	534.00	538.00	538.00
423.00	432.00	434.00	442.00	444.00	452.00	452.00	454.00	458.00	460.00	456.00	456.00	459.00	465.00	475.00	478.00	480.00	482.00	484.00	484.00	483.00	482.00	481.00	478.00	477.00	474.00	469.00	463.00	455.00	462.00	472.00	480.00	505.00	517.00	533.00	542.00	549.00	559.00	565.00	573.00	581.00	604.00	613.00	616.00	617.00	615.00	610.00	604.00	595.00	588.00	560.00	543.00	529.00	520.00	515.00	495.00	493.00	496.00	498.00	506.00	511.00	515.00	518.00	519.00	519.00	519.00	515.00	514.00	514.00	517.00	519.00	519.00	518.00	515.00	514.00	515.00	516.00	522.00	523.00	528.00	535.00	541.00	552.00	555.00	557.00	559.00	564.00	565.00	568.00	570.00	580.00	585.00	590.00	595.00	598.00	596.00	595.00	591.00	587.00	579.00	575.00	572.00	570.00	568.00	559.00	553.00	551.00	546.00	530.00	527.00	526.00	524.00	520.00	517.00	513.00	509.00	503.00	494.00	483.00	479.00	476.00	473.00	467.00	464.00	460.00	456.00	446.00	441.00	435.00	423.00	419.00	417.00	416.00	414.00	414.00	415.00	419.00	421.00	420.00	425.00	424.00	425.00	427.00	426.00	428.00	425.00	421.00	418.00	416.00	407.00	407.00	407.00	405.00	404.00	403.00	403.00	405.00	404.00	407.00	408.00	414.00	416.00	425.00	427.00	426.00	424.00	423.00	420.00	420.00	422.00	423.00	422.00	421.00	421.00	420.00	419.00	420.00	418.00	419.00	417.00	411.00	411.00	412.00	409.00	407.00	403.00	402.00	397.00	393.00	379.00	373.00	365.00	345.00	329.00	304.00	319.00	334.00	347.00	371.00	385.00	408.00	439.00	510.00	565.00	585.00	599.00	607.00	589.00	572.00	554.00	535.00	518.00	497.00	503.00	521.00	548.00	593.00	597.00	603.00	609.00	611.00	605.00	603.00	598.00	597.00	597.00	599.00	595.00	596.00	595.00	588.00	585.00	585.00	581.00	567.00	565.00	564.00	563.00	563.00	561.00	558.00	554.00	551.00	547.00	551.00	549.00	543.00	538.00	537.00	535.00	533.00	533.00	532.00	534.00	538.00	538.00
423.00	432.00	434.00	442.00	444.00	452.00	452.00	454.00	458.00	460.00	456.00	456.00	459.00	465.00	475.00	478.00	480.00	482.00	484.00	484.00	483.00	482.00	481.00	478.00	477.00	474.00	469.00	463.00	455.00	462.00	472.00	480.00	505.00	517.00	533.00	542.00	549.00	559.00	565.00	573.00	581.00	604.00	613.00	616.00	617.00	615.00	610.00	604.00	595.00	588.00	560.00	543.00	529.00	520.00	515.00	495.00	493.00	496.00	498.00	506.00	511.00	515.00	518.00	519.00	519.00	519.00	515.00	514.00	514.00	517.00	519.00	519.00	518.00	515.00	514.00	515.00	516.00	522.00	523.00	528.00	535.00	541.00	552.00	555.00	557.00	559.00	564.00	565.00	568.00	570.00	580.00	585.00	590.00	595.00	598.00	596.00	595.00	591.00	587.00	579.00	575.00	572.00	570.00	568.00	559.00	553.00	551.00	546.00	530.00	527.00	526.00	524.00	520.00	517.00	513.00	509.00	503.00	494.00	483.00	479.00	476.00	473.00	467.00	464.00	460.00	456.00	446.00	441.00	435.00	423.00	419.00	417.00	416.00	414.00	414.00	415.00	419.00	421.00	420.00	425.00	424.00	425.00	427.00	426.00	428.00	425.00	421.00	418.00	416.00	407.00	407.00	407.00	405.00	404.00	403.00	403.00	405.00	404.00	407.00	408.00	414.00	416.00	425.00	427.00	426.00	424.00	423.00	420.00	420.00	422.00	423.00	422.00	421.00	421.00	420.00	419.00	420.00	418.00	419.00	417.00	411.00	411.00	412.00	409.00	407.00	403.00	402.00	397.00	393.00	379.00	373.00	365.00	345.00	329.00	304.00	319.00	334.00	347.00	371.00	385.00	408.00	439.00	510.00	565.00	585.00	599.00	607.00	589.00	572.00	554.00	535.00	518.00	497.00	503.00	521.00	548.00	593.00	597.00	603.00	609.00	611.00	605.00	603.00	598.00	597.00	597.00	599.00	595.00	596.00	595.00	588.00	585.00	585.00	581.00	567.00	565.00	564.00	563.00	563.00	561.00	558.00	554.00	551.00	547.00	551.00	549.00	543.00	538.00	537.00	535.00	533.00	533.00	532.00	534.00	538.00	538.00
423.00	432.00	434.00	442.00	444.00	452.00	452.00	454.00	458.00	460.00	456.00	456.00	459.00	465.00	475.00	478.00	480.00	482.00	484.00	484.00	483.00	482.00	481.00	478.00	477.00	474.00	469.00	463.00	455.00	462.00	472.00	480.00	505.00	517.00	533.00	542.00	549.00	559.00	565.00	573.00	581.00	604.00	613.00	616.00	617.00	615.00	610.00	604.00	595.00	588.00	560.00	543.00	529.00	520.00	515.00	495.00	493.00	496.00	498.00	506.00	511.00	515.00	518.00	519.00	519.00	519.00	515.00	514.00	514.00	517.00	519.00	519.00	518.00	515.00	514.00	515.00	516.00	522.00	523.00	528.00	535.00	541.00	552.00	555.00	557.00	559.00	564.00	565.00	568.00	570.00	580.00	585.00	590.00	595.00	598.00	596.00	595.00	591.00	587.00	579.00	575.00	572.00	570.00	568.00	559.00	553.00	551.00	546.00	530.00	527.00	526.00	524.00	520.00	517.00	513.00	509.00	503.00	494.00	483.00	479.00	476.00	473.00	467.00	464.00	460.00	456.00	446.00	441.00	435.00	423.00	419.00	417.00	416.00	414.00	414.00	415.00	419.00	421.00	420.00	425.00	424.00	425.00	427.00	426.00	428.00	425.00	421.00	418.00	416.00	407.00	407.00	407.00	405.00	404.00	403.00	403.00	405.00	404.00	407.00	408.00	414.00	416.00	425.00	427.00	426.00	424.00	423.00	420.00	420.00	422.00	423.00	422.00	421.00	421.00	420.00	419.00	420.00	418.00	419.00	417.00	411.00	411.00	412.00	409.00	407.00	403.00	402.00	397.00	393.00	379.00	373.00	365.00	345.00	329.00	304.00	319.00	334.00	347.00	371.00	385.00	408.00	439.00	510.00	565.00	585.00	599.00	607.00	589.00	572.00	554.00	535.00	518.00	497.00	503.00	521.00	548.00	593.00	597.00	603.00	609.00	611.00	605.00	603.00	598.00	597.00	597.00	599.00	595.00	596.00	595.00	588.00	585.00	585.00	581.00	567.00	565.00	564.00	563.00	563.00	561.00	558.00	554.00	551.00	547.00	551.00	549.00	543.00	538.00	537.00	535.00	533.00	533.00	532.00	534.00	538.00	538.00
476.00	488.00	495.00	506.00	513.00	529.00	533.00	541.00	544.00	537.00	511.00	498.00	488.00	481.00	478.00	478.00	483.00	488.00	492.00	495.00	498.00	498.00	496.00	487.00	485.00	486.00	491.00	497.00	506.00	509.00	511.00	520.00	535.00	543.00	555.00	559.00	563.00	576.00	581.00	583.00	584.00	593.00	597.00	598.00	601.00	607.00	602.00	598.00	592.00	583.00	562.00	551.00	547.00	541.00	536.00	517.00	512.00	509.00	507.00	509.00	511.00	512.00	517.00	522.00	526.00	528.00	529.00	531.00	529.00	527.00	527.00	527.00	526.00	529.00	531.00	534.00	538.00	542.00	542.00	546.00	551.00	554.00	560.00	562.00	562.00	562.00	571.00	577.00	580.00	583.00	592.00	596.00	598.00	596.00	595.00	592.00	589.00	584.00	580.00	571.00	570.00	569.00	566.00	562.00	552.00	545.00	544.00	543.00	535.00	530.00	528.00	524.00	516.00	510.00	506.00	506.00	503.00	494.00	488.00	485.00	477.00	471.00	467.00	465.00	463.00	463.00	465.00	465.00	455.00	437.00	432.00	429.00	431.00	430.00	427.00	424.00	424.00	426.00	428.00	428.00	428.00	429.00	430.00	429.00	429.00	427.00	425.00	424.00	421.00	411.00	410.00	411.00	413.00	414.00	411.00	409.00	411.00	412.00	412.00	415.00	424.00	427.00	429.00	428.00	425.00	424.00	426.00	424.00	424.00	424.00	423.00	423.00	422.00	421.00	421.00	421.00	416.00	413.00	411.00	410.00	402.00	403.00	404.00	405.00	402.00	394.00	390.00	388.00	384.00	376.00	364.00	350.00	325.00	312.00	299.00	300.00	319.00	347.00	423.00	466.00	505.00	534.00	567.00	582.00	585.00	580.00	569.00	556.00	550.00	544.00	541.00	538.00	546.00	550.00	555.00	564.00	591.00	596.00	602.00	611.00	615.00	624.00	627.00	627.00	625.00	611.00	605.00	605.00	604.00	601.00	601.00	600.00	597.00	594.00	590.00	586.00	579.00	570.00	560.00	559.00	556.00	557.00	557.00	553.00	552.00	556.00	555.00	555.00	554.00	549.00	550.00	549.00	540.00	539.00	545.00	546.00
476.00	488.00	495.00	506.00	513.00	529.00	533.00	541.00	544.00	537.00	511.00	498.00	488.00	481.00	478.00	478.00	483.00	488.00	492.00	495.00	498.00	498.00	496.00	487.00	485.00	486.00	491.00	497.00	506.00	509.00	511.00	520.00	535.00	543.00	555.00	559.00	563.00	576.00	581.00	583.00	584.00	593.00	597.00	598.00	601.00	607.00	602.00	598.00	592.00	583.00	562.00	551.00	547.00	541.00	536.00	517.00	512.00	509.00	507.00	509.00	511.00	512.00	517.00	522.00	526.00	528.00	529.00	531.00	529.00	527.00	527.00	527.00	526.00	529.00	531.00	534.00	538.00	542.00	542.00	546.00	551.00	554.00	560.00	562.00	562.00	562.00	571.00	577.00	580.00	583.00	592.00	596.00	598.00	596.00	595.00	592.00	589.00	584.00	580.00	571.00	570.00	569.00	566.00	562.00	552.00	545.00	544.00	543.00	535.00	530.00	528.00	524.00	516.00	510.00	506.00	506.00	503.00	494.00	488.00	485.00	477.00	471.00	467.00	465.00	463.00	463.00	465.00	465.00	455.00	437.00	432.00	429.00	431.00	430.00	427.00	424.00	424.00	426.00	428.00	428.00	428.00	429.00	430.00	429.00	429.00	427.00	425.00	424.00	421.00	411.00	410.00	411.00	413.00	414.00	411.00	409.00	411.00	412.00	412.00	415.00	424.00	427.00	429.00	428.00	425.00	424.00	426.00	424.00	424.00	424.00	423.00	423.00	422.00	421.00	421.00	421.00	416.00	413.00	411.00	410.00	402.00	403.00	404.00	405.00	402.00	394.00	390.00	388.00	384.00	376.00	364.00	350.00	325.00	312.00	299.00	300.00	319.00	347.00	423.00	466.00	505.00	534.00	567.00	582.00	585.00	580.00	569.00	556.00	550.00	544.00	541.00	538.00	546.00	550.00	555.00	564.00	591.00	596.00	602.00	611.00	615.00	624.00	627.00	627.00	625.00	611.00	605.00	605.00	604.00	601.00	601.00	600.00	597.00	594.00	590.00	586.00	579.00	570.00	560.00	559.00	556.00	557.00	557.00	553.00	552.00	556.00	555.00	555.00	554.00	549.00	550.00	549.00	540.00	539.00	545.00	546.00
476.00	488.00	495.00	506.00	513.00	529.00	533.00	541.00	544.00	537.00	511.00	498.00	488.00	481.00	478.00	478.00	483.00	488.00	492.00	495.00	498.00	498.00	496.00	487.00	485.00	486.00	491.00	497.00	506.00	509.00	511.00	520.00	535.00	543.00	555.00	559.00	563.00	576.00	581.00	583.00	584.00	593.00	597.00	598.00	601.00	607.00	602.00	598.00	592.00	583.00	562.00	551.00	547.00	541.00	536.00	517.00	512.00	509.00	507.00	509.00	511.00	512.00	517.00	522.00	526.00	528.00	529.00	531.00	529.00	527.00	527.00	527.00	526.00	529.00	531.00	534.00	538.00	542.00	542.00	546.00	551.00	554.00	560.00	562.00	562.00	562.00	571.00	577.00	580.00	583.00	592.00	596.00	598.00	596.00	595.00	592.00	589.00	584.00	580.00	571.00	570.00	569.00	566.00	562.00	552.00	545.00	544.00	543.00	535.00	530.00	528.00	524.00	516.00	510.00	506.00	506.00	503.00	494.00	488.00	485.00	477.00	471.00	467.00	465.00	463.00	463.00	465.00	465.00	455.00	437.00	432.00	429.00	431.00	430.00	427.00	424.00	424.00	426.00	428.00	428.00	428.00	429.00	430.00	429.00	429.00	427.00	425.00	424.00	421.00	411.00	410.00	411.00	413.00	414.00	411.00	409.00	411.00	412.00	412.00	415.00	424.00	427.00	429.00	428.00	425.00	424.00	426.00	424.00	424.00	424.00	423.00	423.00	422.00	421.00	421.00	421.00	416.00	413.00	411.00	410.00	402.00	403.00	404.00	405.00	402.00	394.00	390.00	388.00	384.00	376.00	364.00	350.00	325.00	312.00	299.00	300.00	319.00	347.00	423.00	466.00	505.00	534.00	567.00	582.00	585.00	580.00	569.00	556.00	550.00	544.00	541.00	538.00	546.00	550.00	555.00	564.00	591.00	596.00	602.00	611.00	615.00	624.00	627.00	627.00	625.00	611.00	605.00	605.00	604.00	601.00	601.00	600.00	597.00	594.00	590.00	586.00	579.00	570.00	560.00	559.00	556.00	557.00	557.00	553.00	552.00	556.00	555.00	555.00	554.00	549.00	550.00	549.00	540.00	539.00	545.00	546.00
532.00	542.00	557.00	564.00	564.00	568.00	566.00	566.00	562.00	555.00	542.00	530.00	518.00	509.00	506.00	501.00	499.00	498.00	497.00	501.00	504.00	506.00	507.00	516.00	517.00	516.00	518.00	521.00	528.00	535.00	538.00	538.00	543.00	550.00	559.00	561.00	563.00	573.00	574.00	578.00	580.00	588.00	595.00	600.00	603.00	600.00	595.00	591.00	587.00	581.00	569.00	564.00	559.00	556.00	552.00	538.00	536.00	533.00	530.00	525.00	525.00	525.00	523.00	525.00	530.00	531.00	540.00	540.00	539.00	537.00	533.00	534.00	536.00	534.00	536.00	540.00	545.00	547.00	548.00	548.00	551.00	553.00	556.00	561.00	562.00	566.00	573.00	578.00	585.00	588.00	596.00	597.00	598.00	596.00	594.00	587.00	584.00	577.00	573.00	570.00	568.00	565.00	564.00	561.00	552.00	548.00	543.00	539.00	527.00	526.00	522.00	518.00	514.00	507.00	501.00	498.00	495.00	487.00	483.00	482.00	479.00	476.00	465.00	464.00	463.00	461.00	452.00	450.00	445.00	437.00	433.00	429.00	426.00	424.00	423.00	423.00	424.00	426.00	426.00	426.00	429.00	428.00	428.00	428.00	430.00	430.00	429.00	426.00	427.00	432.00	436.00	441.00	443.00	448.00	449.00	447.00	447.00	448.00	448.00	446.00	442.00	441.00	437.00	434.00	430.00	429.00	427.00	424.00	422.00	422.00	423.00	420.00	421.00	421.00	421.00	420.00	418.00	416.00	413.00	409.00	400.00	396.00	399.00	403.00	401.00	398.00	394.00	384.00	376.00	353.00	344.00	330.00	298.00	292.00	294.00	291.00	305.00	337.00	422.00	468.00	507.00	535.00	579.00	581.00	566.00	556.00	552.00	548.00	551.00	557.00	561.00	565.00	579.00	584.00	591.00	598.00	623.00	632.00	637.00	642.00	644.00	643.00	634.00	608.00	600.00	591.00	589.00	587.00	588.00	587.00	589.00	592.00	593.00	592.00	591.00	591.00	592.00	592.00	583.00	576.00	569.00	565.00	564.00	571.00	571.00	570.00	571.00	572.00	571.00	572.00	575.00	579.00	574.00	565.00	562.00	566.00
532.00	542.00	557.00	564.00	564.00	568.00	566.00	566.00	562.00	555.00	542.00	530.00	518.00	509.00	506.00	501.00	499.00	498.00	497.00	501.00	504.00	506.00	507.00	516.00	517.00	516.00	518.00	521.00	528.00	535.00	538.00	538.00	543.00	550.00	559.00	561.00	563.00	573.00	574.00	578.00	580.00	588.00	595.00	600.00	603.00	600.00	595.00	591.00	587.00	581.00	569.00	564.00	559.00	556.00	552.00	538.00	536.00	533.00	530.00	525.00	525.00	525.00	523.00	525.00	530.00	531.00	540.00	540.00	539.00	537.00	533.00	534.00	536.00	534.00	536.00	540.00	545.00	547.00	548.00	548.00	551.00	553.00	556.00	561.00	562.00	566.00	573.00	578.00	585.00	588.00	596.00	597.00	598.00	596.00	594.00	587.00	584.00	577.00	573.00	570.00	568.00	565.00	564.00	561.00	552.00	548.00	543.00	539.00	527.00	526.00	522.00	518.00	514.00	507.00	501.00	498.00	495.00	487.00	483.00	482.00	479.00	476.00	465.00	464.00	463.00	461.00	452.00	450.00	445.00	437.00	433.00	429.00	426.00	424.00	423.00	423.00	424.00	426.00	426.00	426.00	429.00	428.00	428.00	428.00	430.00	430.00	429.00	426.00	427.00	432.00	436.00	441.00	443.00	448.00	449.00	447.00	447.00	448.00	448.00	446.00	442.00	441.00	437.00	434.00	430.00	429.00	427.00	424.00	422.00	422.00	423.00	420.00	421.00	421.00	421.00	420.00	418.00	416.00	413.00	409.00	400.00	396.00	399.00	403.00	401.00	398.00	394.00	384.00	376.00	353.00	344.00	330.00	298.00	292.00	294.00	291.00	305.00	337.00	422.00	468.00	507.00	535.00	579.00	581.00	566.00	556.00	552.00	548.00	551.00	557.00	561.00	565.00	579.00	584.00	591.00	598.00	623.00	632.00	637.00	642.00	644.00	643.00	634.00	608.00	600.00	591.00	589.00	587.00	588.00	587.00	589.00	592.00	593.00	592.00	591.00	591.00	592.00	592.00	583.00	576.00	569.00	565.00	564.00	571.00	571.00	570.00	571.00	572.00	571.00	572.00	575.00	579.00	574.00	565.00	562.00	566.00
532.00	542.00	557.00	564.00	564.00	568.00	566.00	566.00	562.00	555.00	542.00	530.00	518.00	509.00	506.00	501.00	499.00	498.00	497.00	501.00	504.00	506.00	507.00	516.00	517.00	516.00	518.00	521.00	528.00	535.00	538.00	538.00	543.00	550.00	559.00	561.00	563.00	573.00	574.00	578.00	580.00	588.00	595.00	600.00	603.00	600.00	595.00	591.00	587.00	581.00	569.00	564.00	559.00	556.00	552.00	538.00	536.00	533.00	530.00	525.00	525.00	525.00	523.00	525.00	530.00	531.00	540.00	540.00	539.00	537.00	533.00	534.00	536.00	534.00	536.00	540.00	545.00	547.00	548.00	548.00	551.00	553.00	556.00	561.00	562.00	566.00	573.00	578.00	585.00	588.00	596.00	597.00	598.00	596.00	594.00	587.00	584.00	577.00	573.00	570.00	568.00	565.00	564.00	561.00	552.00	548.00	543.00	539.00	527.00	526.00	522.00	518.00	514.00	507.00	501.00	498.00	495.00	487.00	483.00	482.00	479.00	476.00	465.00	464.00	463.00	461.00	452.00	450.00	445.00	437.00	433.00	429.00	426.00	424.00	423.00	423.00	424.00	426.00	426.00	426.00	429.00	428.00	428.00	428.00	430.00	430.00	429.00	426.00	427.00	432.00	436.00	441.00	443.00	448.00	449.00	447.00	447.00	448.00	448.00	446.00	442.00	441.00	437.00	434.00	430.00	429.00	427.00	424.00	422.00	422.00	423.00	420.00	421.00	421.00	421.00	420.00	418.00	416.00	413.00	409.00	400.00	396.00	399.00	403.00	401.00	398.00	394.00	384.00	376.00	353.00	344.00	330.00	298.00	292.00	294.00	291.00	305.00	337.00	422.00	468.00	507.00	535.00	579.00	581.00	566.00	556.00	552.00	548.00	551.00	557.00	561.00	565.00	579.00	584.00	591.00	598.00	623.00	632.00	637.00	642.00	644.00	643.00	634.00	608.00	600.00	591.00	589.00	587.00	588.00	587.00	589.00	592.00	593.00	592.00	591.00	591.00	592.00	592.00	583.00	576.00	569.00	565.00	564.00	571.00	571.00	570.00	571.00	572.00	571.00	572.00	575.00	579.00	574.00	565.00	562.00	566.00
561.00	565.00	566.00	569.00	571.00	573.00	568.00	564.00	561.00	557.00	551.00	547.00	541.00	535.00	526.00	526.00	526.00	526.00	525.00	524.00	522.00	519.00	520.00	523.00	526.00	527.00	530.00	536.00	538.00	540.00	542.00	543.00	538.00	540.00	550.00	554.00	559.00	576.00	580.00	585.00	585.00	588.00	589.00	589.00	589.00	590.00	584.00	580.00	574.00	571.00	564.00	565.00	564.00	560.00	556.00	548.00	544.00	543.00	541.00	537.00	536.00	535.00	535.00	534.00	533.00	531.00	534.00	537.00	544.00	548.00	550.00	547.00	545.00	542.00	542.00	544.00	548.00	551.00	555.00	555.00	558.00	564.00	574.00	577.00	579.00	583.00	595.00	597.00	597.00	599.00	604.00	606.00	607.00	605.00	599.00	592.00	588.00	579.00	576.00	570.00	566.00	562.00	559.00	557.00	553.00	551.00	547.00	543.00	529.00	526.00	521.00	518.00	515.00	509.00	503.00	499.00	495.00	491.00	489.00	488.00	485.00	482.00	475.00	471.00	467.00	463.00	461.00	460.00	457.00	450.00	448.00	443.00	443.00	442.00	441.00	439.00	439.00	437.00	434.00	431.00	432.00	434.00	436.00	439.00	441.00	446.00	447.00	448.00	448.00	452.00	457.00	461.00	464.00	463.00	463.00	464.00	462.00	460.00	459.00	458.00	456.00	452.00	445.00	443.00	440.00	439.00	438.00	432.00	431.00	429.00	428.00	430.00	428.00	427.00	428.00	427.00	420.00	414.00	410.00	407.00	401.00	390.00	381.00	374.00	369.00	360.00	357.00	352.00	342.00	320.00	307.00	312.00	342.00	352.00	383.00	391.00	387.00	370.00	374.00	396.00	416.00	437.00	510.00	588.00	604.00	606.00	606.00	608.00	612.00	614.00	618.00	623.00	637.00	639.00	640.00	645.00	649.00	645.00	644.00	641.00	638.00	632.00	625.00	618.00	614.00	603.00	597.00	594.00	589.00	584.00	583.00	582.00	581.00	582.00	585.00	585.00	585.00	582.00	589.00	588.00	585.00	582.00	578.00	575.00	574.00	569.00	569.00	576.00	577.00	578.00	582.00	589.00	592.00	592.00	599.00	602.00
561.00	565.00	566.00	569.00	571.00	573.00	568.00	564.00	561.00	557.00	551.00	547.00	541.00	535.00	526.00	526.00	526.00	526.00	525.00	524.00	522.00	519.00	520.00	523.00	526.00	527.00	530.00	536.00	538.00	540.00	542.00	543.00	538.00	540.00	550.00	554.00	559.00	576.00	580.00	585.00	585.00	588.00	589.00	589.00	589.00	590.00	584.00	580.00	574.00	571.00	564.00	565.00	564.00	560.00	556.00	548.00	544.00	543.00	541.00	537.00	536.00	535.00	535.00	534.00	533.00	531.00	534.00	537.00	544.00	548.00	550.00	547.00	545.00	542.00	542.00	544.00	548.00	551.00	555.00	555.00	558.00	564.00	574.00	577.00	579.00	583.00	595.00	597.00	597.00	599.00	604.00	606.00	607.00	605.00	599.00	592.00	588.00	579.00	576.00	570.00	566.00	562.00	559.00	557.00	553.00	551.00	547.00	543.00	529.00	526.00	521.00	518.00	515.00	509.00	503.00	499.00	495.00	491.00	489.00	488.00	485.00	482.00	475.00	471.00	467.00	463.00	461.00	460.00	457.00	450.00	448.00	443.00	443.00	442.00	441.00	439.00	439.00	437.00	434.00	431.00	432.00	434.00	436.00	439.00	441.00	446.00	447.00	448.00	448.00	452.00	457.00	461.00	464.00	463.00	463.00	464.00	462.00	460.00	459.00	458.00	456.00	452.00	445.00	443.00	440.00	439.00	438.00	432.00	431.00	429.00	428.00	430.00	428.00	427.00	428.00	427.00	420.00	414.00	410.00	407.00	401.00	390.00	381.00	374.00	369.00	360.00	357.00	352.00	342.00	320.00	307.00	312.00	342.00	352.00	383.00	391.00	387.00	370.00	374.00	396.00	416.00	437.00	510.00	588.00	604.00	606.00	606.00	608.00	612.00	614.00	618.00	623.00	637.00	639.00	640.00	645.00	649.00	645.00	644.00	641.00	638.00	632.00	625.00	618.00	614.00	603.00	597.00	594.00	589.00	584.00	583.00	582.00	581.00	582.00	585.00	585.00	585.00	582.00	589.00	588.00	585.00	582.00	578.00	575.00	574.00	569.00	569.00	576.00	577.00	578.00	582.00	589.00	592.00	592.00	599.00	602.00
561.00	565.00	566.00	569.00	571.00	573.00	568.00	564.00	561.00	557.00	551.00	547.00	541.00	535.00	526.00	526.00	526.00	526.00	525.00	524.00	522.00	519.00	520.00	523.00	526.00	527.00	530.00	536.00	538.00	540.00	542.00	543.00	538.00	540.00	550.00	554.00	559.00	576.00	580.00	585.00	585.00	588.00	589.00	589.00	589.00	590.00	584.00	580.00	574.00	571.00	564.00	565.00	564.00	560.00	556.00	548.00	544.00	543.00	541.00	537.00	536.00	535.00	535.00	534.00	533.00	531.00	534.00	537.00	544.00	548.00	550.00	547.00	545.00	542.00	542.00	544.00	548.00	551.00	555.00	555.00	558.00	564.00	574.00	577.00	579.00	583.00	595.00	597.00	597.00	599.00	604.00	606.00	607.00	605.00	599.00	592.00	588.00	579.00	576.00	570.00	566.00	562.00	559.00	557.00	553.00	551.00	547.00	543.00	529.00	526.00	521.00	518.00	515.00	509.00	503.00	499.00	495.00	491.00	489.00	488.00	485.00	482.00	475.00	471.00	467.00	463.00	461.00	460.00	457.00	450.00	448.00	443.00	443.00	442.00	441.00	439.00	439.00	437.00	434.00	431.00	432.00	434.00	436.00	439.00	441.00	446.00	447.00	448.00	448.00	452.00	457.00	461.00	464.00	463.00	463.00	464.00	462.00	460.00	459.00	458.00	456.00	452.00	445.00	443.00	440.00	439.00	438.00	432.00	431.00	429.00	428.00	430.00	428.00	427.00	428.00	427.00	420.00	414.00	410.00	407.00	401.00	390.00	381.00	374.00	369.00	360.00	357.00	352.00	342.00	320.00	307.00	312.00	342.00	352.00	383.00	391.00	387.00	370.00	374.00	396.00	416.00	437.00	510.00	588.00	604.00	606.00	606.00	608.00	612.00	614.00	618.00	623.00	637.00	639.00	640.00	645.00	649.00	645.00	644.00	641.00	638.00	632.00	625.00	618.00	614.00	603.00	597.00	594.00	589.00	584.00	583.00	582.00	581.00	582.00	585.00	585.00	585.00	582.00	589.00	588.00	585.00	582.00	578.00	575.00	574.00	569.00	569.00	576.00	577.00	578.00	582.00	589.00	592.00	592.00	599.00	602.00
574.00	574.00	574.00	573.00	571.00	567.00	566.00	566.00	565.00	561.00	550.00	547.00	545.00	542.00	535.00	535.00	534.00	534.00	534.00	528.00	529.00	528.00	529.00	533.00	534.00	536.00	540.00	542.00	544.00	542.00	537.00	536.00	539.00	540.00	546.00	552.00	555.00	570.00	575.00	583.00	586.00	596.00	600.00	600.00	600.00	595.00	588.00	586.00	583.00	578.00	570.00	568.00	567.00	566.00	564.00	558.00	557.00	552.00	548.00	547.00	546.00	546.00	547.00	548.00	550.00	549.00	545.00	541.00	542.00	545.00	548.00	549.00	550.00	550.00	552.00	555.00	567.00	572.00	573.00	578.00	582.00	586.00	593.00	594.00	596.00	595.00	602.00	605.00	606.00	609.00	609.00	607.00	601.00	596.00	592.00	583.00	578.00	573.00	575.00	573.00	571.00	566.00	562.00	558.00	552.00	549.00	547.00	546.00	535.00	531.00	529.00	524.00	521.00	513.00	510.00	506.00	503.00	496.00	492.00	493.00	492.00	489.00	485.00	482.00	480.00	478.00	475.00	473.00	472.00	477.00	475.00	475.00	473.00	473.00	474.00	469.00	465.00	459.00	455.00	446.00	442.00	442.00	442.00	445.00	449.00	450.00	453.00	458.00	461.00	464.00	466.00	466.00	465.00	464.00	465.00	465.00	462.00	459.00	461.00	462.00	461.00	460.00	456.00	455.00	456.00	454.00	456.00	452.00	451.00	451.00	451.00	452.00	448.00	444.00	440.00	439.00	436.00	432.00	429.00	426.00	417.00	400.00	387.00	373.00	363.00	363.00	357.00	348.00	343.00	336.00	323.00	314.00	342.00	360.00	392.00	408.00	421.00	427.00	448.00	470.00	494.00	525.00	601.00	654.00	661.00	660.00	656.00	650.00	651.00	655.00	658.00	658.00	662.00	663.00	664.00	663.00	659.00	654.00	652.00	651.00	644.00	633.00	631.00	624.00	620.00	614.00	608.00	605.00	602.00	596.00	593.00	589.00	586.00	584.00	580.00	583.00	586.00	591.00	598.00	602.00	609.00	611.00	610.00	608.00	607.00	603.00	592.00	589.00	592.00	596.00	595.00	595.00	597.00	595.00	601.00	604.00
574.00	574.00	574.00	573.00	571.00	567.00	566.00	566.00	565.00	561.00	550.00	547.00	545.00	542.00	535.00	535.00	534.00	534.00	534.00	528.00	529.00	528.00	529.00	533.00	534.00	536.00	540.00	542.00	544.00	542.00	537.00	536.00	539.00	540.00	546.00	552.00	555.00	570.00	575.00	583.00	586.00	596.00	600.00	600.00	600.00	595.00	588.00	586.00	583.00	578.00	570.00	568.00	567.00	566.00	564.00	558.00	557.00	552.00	548.00	547.00	546.00	546.00	547.00	548.00	550.00	549.00	545.00	541.00	542.00	545.00	548.00	549.00	550.00	550.00	552.00	555.00	567.00	572.00	573.00	578.00	582.00	586.00	593.00	594.00	596.00	595.00	602.00	605.00	606.00	609.00	609.00	607.00	601.00	596.00	592.00	583.00	578.00	573.00	575.00	573.00	571.00	566.00	562.00	558.00	552.00	549.00	547.00	546.00	535.00	531.00	529.00	524.00	521.00	513.00	510.00	506.00	503.00	496.00	492.00	493.00	492.00	489.00	485.00	482.00	480.00	478.00	475.00	473.00	472.00	477.00	475.00	475.00	473.00	473.00	474.00	469.00	465.00	459.00	455.00	446.00	442.00	442.00	442.00	445.00	449.00	450.00	453.00	458.00	461.00	464.00	466.00	466.00	465.00	464.00	465.00	465.00	462.00	459.00	461.00	462.00	461.00	460.00	456.00	455.00	456.00	454.00	456.00	452.00	451.00	451.00	451.00	452.00	448.00	444.00	440.00	439.00	436.00	432.00	429.00	426.00	417.00	400.00	387.00	373.00	363.00	363.00	357.00	348.00	343.00	336.00	323.00	314.00	342.00	360.00	392.00	408.00	421.00	427.00	448.00	470.00	494.00	525.00	601.00	654.00	661.00	660.00	656.00	650.00	651.00	655.00	658.00	658.00	662.00	663.00	664.00	663.00	659.00	654.00	652.00	651.00	644.00	633.00	631.00	624.00	620.00	614.00	608.00	605.00	602.00	596.00	593.00	589.00	586.00	584.00	580.00	583.00	586.00	591.00	598.00	602.00	609.00	611.00	610.00	608.00	607.00	603.00	592.00	589.00	592.00	596.00	595.00	595.00	597.00	595.00	601.00	604.00
574.00	574.00	574.00	573.00	571.00	567.00	566.00	566.00	565.00	561.00	550.00	547.00	545.00	542.00	535.00	535.00	534.00	534.00	534.00	528.00	529.00	528.00	529.00	533.00	534.00	536.00	540.00	542.00	544.00	542.00	537.00	536.00	539.00	540.00	546.00	552.00	555.00	570.00	575.00	583.00	586.00	596.00	600.00	600.00	600.00	595.00	588.00	586.00	583.00	578.00	570.00	568.00	567.00	566.00	564.00	558.00	557.00	552.00	548.00	547.00	546.00	546.00	547.00	548.00	550.00	549.00	545.00	541.00	542.00	545.00	548.00	549.00	550.00	550.00	552.00	555.00	567.00	572.00	573.00	578.00	582.00	586.00	593.00	594.00	596.00	595.00	602.00	605.00	606.00	609.00	609.00	607.00	601.00	596.00	592.00	583.00	578.00	573.00	575.00	573.00	571.00	566.00	562.00	558.00	552.00	549.00	547.00	546.00	535.00	531.00	529.00	524.00	521.00	513.00	510.00	506.00	503.00	496.00	492.00	493.00	492.00	489.00	485.00	482.00	480.00	478.00	475.00	473.00	472.00	477.00	475.00	475.00	473.00	473.00	474.00	469.00	465.00	459.00	455.00	446.00	442.00	442.00	442.00	445.00	449.00	450.00	453.00	458.00	461.00	464.00	466.00	466.00	465.00	464.00	465.00	465.00	462.00	459.00	461.00	462.00	461.00	460.00	456.00	455.00	456.00	454.00	456.00	452.00	451.00	451.00	451.00	452.00	448.00	444.00	440.00	439.00	436.00	432.00	429.00	426.00	417.00	400.00	387.00	373.00	363.00	363.00	357.00	348.00	343.00	336.00	323.00	314.00	342.00	360.00	392.00	408.00	421.00	427.00	448.00	470.00	494.00	525.00	601.00	654.00	661.00	660.00	656.00	650.00	651.00	655.00	658.00	658.00	662.00	663.00	664.00	663.00	659.00	654.00	652.00	651.00	644.00	633.00	631.00	624.00	620.00	614.00	608.00	605.00	602.00	596.00	593.00	589.00	586.00	584.00	580.00	583.00	586.00	591.00	598.00	602.00	609.00	611.00	610.00	608.00	607.00	603.00	592.00	589.00	592.00	596.00	595.00	595.00	597.00	595.00	601.00	604.00
580.00	584.00	583.00	580.00	581.00	575.00	572.00	569.00	567.00	566.00	561.00	557.00	553.00	548.00	537.00	536.00	534.00	535.00	535.00	533.00	532.00	532.00	533.00	532.00	532.00	535.00	541.00	543.00	542.00	544.00	547.00	548.00	551.00	551.00	555.00	557.00	563.00	578.00	584.00	590.00	597.00	602.00	603.00	600.00	598.00	601.00	607.00	604.00	599.00	595.00	589.00	586.00	583.00	580.00	577.00	569.00	568.00	566.00	566.00	566.00	566.00	568.00	569.00	569.00	569.00	571.00	567.00	566.00	566.00	564.00	564.00	566.00	567.00	572.00	575.00	575.00	573.00	578.00	581.00	586.00	588.00	588.00	594.00	597.00	600.00	601.00	603.00	602.00	603.00	605.00	606.00	605.00	600.00	595.00	592.00	586.00	583.00	575.00	571.00	564.00	564.00	563.00	561.00	558.00	555.00	553.00	552.00	548.00	534.00	530.00	530.00	528.00	525.00	519.00	517.00	514.00	513.00	512.00	506.00	502.00	502.00	504.00	505.00	504.00	504.00	502.00	499.00	498.00	496.00	493.00	490.00	484.00	483.00	480.00	477.00	471.00	471.00	470.00	469.00	462.00	452.00	450.00	450.00	451.00	456.00	458.00	459.00	460.00	461.00	468.00	470.00	472.00	475.00	471.00	470.00	468.00	465.00	463.00	464.00	464.00	463.00	462.00	460.00	462.00	464.00	466.00	467.00	471.00	474.00	479.00	483.00	483.00	482.00	483.00	482.00	478.00	469.00	462.00	457.00	452.00	439.00	425.00	412.00	396.00	383.00	361.00	365.00	369.00	367.00	345.00	342.00	345.00	380.00	406.00	456.00	469.00	474.00	480.00	489.00	492.00	504.00	534.00	618.00	667.00	670.00	664.00	652.00	648.00	654.00	660.00	661.00	659.00	659.00	657.00	654.00	655.00	659.00	661.00	660.00	655.00	653.00	650.00	648.00	645.00	640.00	630.00	629.00	626.00	623.00	616.00	613.00	606.00	601.00	598.00	597.00	598.00	595.00	591.00	588.00	589.00	591.00	594.00	598.00	598.00	587.00	585.00	585.00	595.00	600.00	600.00	604.00	610.00	618.00	623.00	626.00	624.00
580.00	584.00	583.00	580.00	581.00	575.00	572.00	569.00	567.00	566.00	561.00	557.00	553.00	548.00	537.00	536.00	534.00	535.00	535.00	533.00	532.00	532.00	533.00	532.00	532.00	535.00	541.00	543.00	542.00	544.00	547.00	548.00	551.00	551.00	555.00	557.00	563.00	578.00	584.00	590.00	597.00	602.00	603.00	600.00	598.00	601.00	607.00	604.00	599.00	595.00	589.00	586.00	583.00	580.00	577.00	569.00	568.00	566.00	566.00	566.00	566.00	568.00	569.00	569.00	569.00	571.00	567.00	566.00	566.00	564.00	564.00	566.00	567.00	572.00	575.00	575.00	573.00	578.00	581.00	586.00	588.00	588.00	594.00	597.00	600.00	601.00	603.00	602.00	603.00	605.00	606.00	605.00	600.00	595.00	592.00	586.00	583.00	575.00	571.00	564.00	564.00	563.00	561.00	558.00	555.00	553.00	552.00	548.00	534.00	530.00	530.00	528.00	525.00	519.00	517.00	514.00	513.00	512.00	506.00	502.00	502.00	504.00	505.00	504.00	504.00	502.00	499.00	498.00	496.00	493.00	490.00	484.00	483.00	480.00	477.00	471.00	471.00	470.00	469.00	462.00	452.00	450.00	450.00	451.00	456.00	458.00	459.00	460.00	461.00	468.00	470.00	472.00	475.00	471.00	470.00	468.00	465.00	463.00	464.00	464.00	463.00	462.00	460.00	462.00	464.00	466.00	467.00	471.00	474.00	479.00	483.00	483.00	482.00	483.00	482.00	478.00	469.00	462.00	457.00	452.00	439.00	425.00	412.00	396.00	383.00	361.00	365.00	369.00	367.00	345.00	342.00	345.00	380.00	406.00	456.00	469.00	474.00	480.00	489.00	492.00	504.00	534.00	618.00	667.00	670.00	664.00	652.00	648.00	654.00	660.00	661.00	659.00	659.00	657.00	654.00	655.00	659.00	661.00	660.00	655.00	653.00	650.00	648.00	645.00	640.00	630.00	629.00	626.00	623.00	616.00	613.00	606.00	601.00	598.00	597.00	598.00	595.00	591.00	588.00	589.00	591.00	594.00	598.00	598.00	587.00	585.00	585.00	595.00	600.00	600.00	604.00	610.00	618.00	623.00	626.00	624.00
580.00	584.00	583.00	580.00	581.00	575.00	572.00	569.00	567.00	566.00	561.00	557.00	553.00	548.00	537.00	536.00	534.00	535.00	535.00	533.00	532.00	532.00	533.00	532.00	532.00	535.00	541.00	543.00	542.00	544.00	547.00	548.00	551.00	551.00	555.00	557.00	563.00	578.00	584.00	590.00	597.00	602.00	603.00	600.00	598.00	601.00	607.00	604.00	599.00	595.00	589.00	586.00	583.00	580.00	577.00	569.00	568.00	566.00	566.00	566.00	566.00	568.00	569.00	569.00	569.00	571.00	567.00	566.00	566.00	564.00	564.00	566.00	567.00	572.00	575.00	575.00	573.00	578.00	581.00	586.00	588.00	588.00	594.00	597.00	600.00	601.00	603.00	602.00	603.00	605.00	606.00	605.00	600.00	595.00	592.00	586.00	583.00	575.00	571.00	564.00	564.00	563.00	561.00	558.00	555.00	553.00	552.00	548.00	534.00	530.00	530.00	528.00	525.00	519.00	517.00	514.00	513.00	512.00	506.00	502.00	502.00	504.00	505.00	504.00	504.00	502.00	499.00	498.00	496.00	493.00	490.00	484.00	483.00	480.00	477.00	471.00	471.00	470.00	469.00	462.00	452.00	450.00	450.00	451.00	456.00	458.00	459.00	460.00	461.00	468.00	470.00	472.00	475.00	471.00	470.00	468.00	465.00	463.00	464.00	464.00	463.00	462.00	460.00	462.00	464.00	466.00	467.00	471.00	474.00	479.00	483.00	483.00	482.00	483.00	482.00	478.00	469.00	462.00	457.00	452.00	439.00	425.00	412.00	396.00	383.00	361.00	365.00	369.00	367.00	345.00	342.00	345.00	380.00	406.00	456.00	469.00	474.00	480.00	489.00	492.00	504.00	534.00	618.00	667.00	670.00	664.00	652.00	648.00	654.00	660.00	661.00	659.00	659.00	657.00	654.00	655.00	659.00	661.00	660.00	655.00	653.00	650.00	648.00	645.00	640.00	630.00	629.00	626.00	623.00	616.00	613.00	606.00	601.00	598.00	597.00	598.00	595.00	591.00	588.00	589.00	591.00	594.00	598.00	598.00	587.00	585.00	585.00	595.00	600.00	600.00	604.00	610.00	618.00	623.00	626.00	624.00
580.00	584.00	583.00	580.00	581.00	575.00	572.00	569.00	567.00	566.00	561.00	557.00	553.00	548.00	537.00	536.00	534.00	535.00	535.00	533.00	532.00	532.00	533.00	532.00	532.00	535.00	541.00	543.00	542.00	544.00	547.00	548.00	551.00	551.00	555.00	557.00	563.00	578.00	584.00	590.00	597.00	602.00	603.00	600.00	598.00	601.00	607.00	604.00	599.00	595.00	589.00	586.00	583.00	580.00	577.00	569.00	568.00	566.00	566.00	566.00	566.00	568.00	569.00	569.00	569.00	571.00	567.00	566.00	566.00	564.00	564.00	566.00	567.00	572.00	575.00	575.00	573.00	578.00	581.00	586.00	588.00	588.00	594.00	597.00	600.00	601.00	603.00	602.00	603.00	605.00	606.00	605.00	600.00	595.00	592.00	586.00	583.00	575.00	571.00	564.00	564.00	563.00	561.00	558.00	555.00	553.00	552.00	548.00	534.00	530.00	530.00	528.00	525.00	519.00	517.00	514.00	513.00	512.00	506.00	502.00	502.00	504.00	505.00	504.00	504.00	502.00	499.00	498.00	496.00	493.00	490.00	484.00	483.00	480.00	477.00	471.00	471.00	470.00	469.00	462.00	452.00	450.00	450.00	451.00	456.00	458.00	459.00	460.00	461.00	468.00	470.00	472.00	475.00	471.00	470.00	468.00	465.00	463.00	464.00	464.00	463.00	462.00	460.00	462.00	464.00	466.00	467.00	471.00	474.00	479.00	483.00	483.00	482.00	483.00	482.00	478.00	469.00	462.00	457.00	452.00	439.00	425.00	412.00	396.00	383.00	361.00	365.00	369.00	367.00	345.00	342.00	345.00	380.00	406.00	456.00	469.00	474.00	480.00	489.00	492.00	504.00	534.00	618.00	667.00	670.00	664.00	652.00	648.00	654.00	660.00	661.00	659.00	659.00	657.00	654.00	655.00	659.00	661.00	660.00	655.00	653.00	650.00	648.00	645.00	640.00	630.00	629.00	626.00	623.00	616.00	613.00	606.00	601.00	598.00	597.00	598.00	595.00	591.00	588.00	589.00	591.00	594.00	598.00	598.00	587.00	585.00	585.00	595.00	600.00	600.00	604.00	610.00	618.00	623.00	626.00	624.00
566.00	569.00	566.00	565.00	570.00	569.00	564.00	560.00	558.00	559.00	556.00	554.00	557.00	559.00	554.00	554.00	553.00	552.00	555.00	561.00	563.00	567.00	572.00	580.00	572.00	574.00	579.00	583.00	578.00	577.00	586.00	589.00	587.00	587.00	594.00	597.00	599.00	607.00	610.00	614.00	621.00	617.00	619.00	618.00	615.00	606.00	593.00	593.00	595.00	596.00	599.00	598.00	597.00	596.00	593.00	588.00	586.00	583.00	580.00	580.00	580.00	579.00	578.00	577.00	581.00	584.00	581.00	577.00	573.00	571.00	571.00	570.00	572.00	576.00	576.00	577.00	580.00	583.00	583.00	583.00	586.00	588.00	593.00	595.00	595.00	600.00	607.00	607.00	604.00	603.00	601.00	598.00	597.00	594.00	591.00	590.00	588.00	582.00	580.00	578.00	576.00	574.00	571.00	568.00	561.00	558.00	555.00	554.00	545.00	540.00	535.00	531.00	528.00	524.00	520.00	520.00	522.00	519.00	517.00	516.00	515.00	515.00	509.00	506.00	503.00	500.00	497.00	496.00	493.00	486.00	484.00	478.00	476.00	475.00	474.00	474.00	473.00	475.00	477.00	477.00	467.00	460.00	456.00	456.00	458.00	461.00	464.00	467.00	466.00	471.00	472.00	473.00	472.00	471.00	470.00	468.00	467.00	467.00	463.00	463.00	460.00	464.00	471.00	476.00	478.00	482.00	489.00	500.00	500.00	499.00	500.00	508.00	509.00	507.00	505.00	505.00	500.00	495.00	492.00	488.00	472.00	449.00	439.00	424.00	407.00	368.00	365.00	376.00	383.00	398.00	415.00	441.00	477.00	481.00	522.00	533.00	533.00	537.00	539.00	537.00	544.00	563.00	611.00	650.00	657.00	655.00	650.00	643.00	648.00	650.00	651.00	655.00	654.00	645.00	639.00	640.00	644.00	650.00	653.00	644.00	633.00	632.00	638.00	636.00	632.00	624.00	622.00	620.00	618.00	615.00	615.00	613.00	611.00	611.00	601.00	603.00	600.00	596.00	591.00	588.00	589.00	588.00	591.00	603.00	595.00	591.00	583.00	583.00	594.00	601.00	609.00	612.00	611.00	616.00	622.00	619.00
566.00	569.00	566.00	565.00	570.00	569.00	564.00	560.00	558.00	559.00	556.00	554.00	557.00	559.00	554.00	554.00	553.00	552.00	555.00	561.00	563.00	567.00	572.00	580.00	572.00	574.00	579.00	583.00	578.00	577.00	586.00	589.00	587.00	587.00	594.00	597.00	599.00	607.00	610.00	614.00	621.00	617.00	619.00	618.00	615.00	606.00	593.00	593.00	595.00	596.00	599.00	598.00	597.00	596.00	593.00	588.00	586.00	583.00	580.00	580.00	580.00	579.00	578.00	577.00	581.00	584.00	581.00	577.00	573.00	571.00	571.00	570.00	572.00	576.00	576.00	577.00	580.00	583.00	583.00	583.00	586.00	588.00	593.00	595.00	595.00	600.00	607.00	607.00	604.00	603.00	601.00	598.00	597.00	594.00	591.00	590.00	588.00	582.00	580.00	578.00	576.00	574.00	571.00	568.00	561.00	558.00	555.00	554.00	545.00	540.00	535.00	531.00	528.00	524.00	520.00	520.00	522.00	519.00	517.00	516.00	515.00	515.00	509.00	506.00	503.00	500.00	497.00	496.00	493.00	486.00	484.00	478.00	476.00	475.00	474.00	474.00	473.00	475.00	477.00	477.00	467.00	460.00	456.00	456.00	458.00	461.00	464.00	467.00	466.00	471.00	472.00	473.00	472.00	471.00	470.00	468.00	467.00	467.00	463.00	463.00	460.00	464.00	471.00	476.00	478.00	482.00	489.00	500.00	500.00	499.00	500.00	508.00	509.00	507.00	505.00	505.00	500.00	495.00	492.00	488.00	472.00	449.00	439.00	424.00	407.00	368.00	365.00	376.00	383.00	398.00	415.00	441.00	477.00	481.00	522.00	533.00	533.00	537.00	539.00	537.00	544.00	563.00	611.00	650.00	657.00	655.00	650.00	643.00	648.00	650.00	651.00	655.00	654.00	645.00	639.00	640.00	644.00	650.00	653.00	644.00	633.00	632.00	638.00	636.00	632.00	624.00	622.00	620.00	618.00	615.00	615.00	613.00	611.00	611.00	601.00	603.00	600.00	596.00	591.00	588.00	589.00	588.00	591.00	603.00	595.00	591.00	583.00	583.00	594.00	601.00	609.00	612.00	611.00	616.00	622.00	619.00
566.00	569.00	566.00	565.00	570.00	569.00	564.00	560.00	558.00	559.00	556.00	554.00	557.00	559.00	554.00	554.00	553.00	552.00	555.00	561.00	563.00	567.00	572.00	580.00	572.00	574.00	579.00	583.00	578.00	577.00	586.00	589.00	587.00	587.00	594.00	597.00	599.00	607.00	610.00	614.00	621.00	617.00	619.00	618.00	615.00	606.00	593.00	593.00	595.00	596.00	599.00	598.00	597.00	596.00	593.00	588.00	586.00	583.00	580.00	580.00	580.00	579.00	578.00	577.00	581.00	584.00	581.00	577.00	573.00	571.00	571.00	570.00	572.00	576.00	576.00	577.00	580.00	583.00	583.00	583.00	586.00	588.00	593.00	595.00	595.00	600.00	607.00	607.00	604.00	603.00	601.00	598.00	597.00	594.00	591.00	590.00	588.00	582.00	580.00	578.00	576.00	574.00	571.00	568.00	561.00	558.00	555.00	554.00	545.00	540.00	535.00	531.00	528.00	524.00	520.00	520.00	522.00	519.00	517.00	516.00	515.00	515.00	509.00	506.00	503.00	500.00	497.00	496.00	493.00	486.00	484.00	478.00	476.00	475.00	474.00	474.00	473.00	475.00	477.00	477.00	467.00	460.00	456.00	456.00	458.00	461.00	464.00	467.00	466.00	471.00	472.00	473.00	472.00	471.00	470.00	468.00	467.00	467.00	463.00	463.00	460.00	464.00	471.00	476.00	478.00	482.00	489.00	500.00	500.00	499.00	500.00	508.00	509.00	507.00	505.00	505.00	500.00	495.00	492.00	488.00	472.00	449.00	439.00	424.00	407.00	368.00	365.00	376.00	383.00	398.00	415.00	441.00	477.00	481.00	522.00	533.00	533.00	537.00	539.00	537.00	544.00	563.00	611.00	650.00	657.00	655.00	650.00	643.00	648.00	650.00	651.00	655.00	654.00	645.00	639.00	640.00	644.00	650.00	653.00	644.00	633.00	632.00	638.00	636.00	632.00	624.00	622.00	620.00	618.00	615.00	615.00	613.00	611.00	611.00	601.00	603.00	600.00	596.00	591.00	588.00	589.00	588.00	591.00	603.00	595.00	591.00	583.00	583.00	594.00	601.00	609.00	612.00	611.00	616.00	622.00	619.00
549.00	544.00	542.00	541.00	542.00	542.00	541.00	540.00	540.00	544.00	553.00	560.00	564.00	567.00	579.00	587.00	594.00	600.00	609.00	621.00	623.00	627.00	637.00	641.00	638.00	639.00	640.00	642.00	640.00	640.00	642.00	643.00	642.00	643.00	644.00	646.00	646.00	648.00	649.00	650.00	651.00	649.00	649.00	649.00	647.00	637.00	598.00	599.00	598.00	598.00	596.00	593.00	591.00	592.00	594.00	594.00	593.00	592.00	591.00	590.00	589.00	589.00	588.00	588.00	590.00	588.00	585.00	584.00	581.00	581.00	580.00	578.00	579.00	578.00	579.00	581.00	587.00	589.00	589.00	589.00	591.00	593.00	597.00	602.00	606.00	608.00	612.00	613.00	613.00	612.00	612.00	610.00	608.00	605.00	602.00	596.00	594.00	593.00	592.00	590.00	587.00	583.00	580.00	575.00	565.00	561.00	557.00	551.00	541.00	538.00	536.00	531.00	528.00	523.00	523.00	520.00	518.00	518.00	517.00	515.00	512.00	509.00	505.00	504.00	502.00	499.00	495.00	492.00	491.00	487.00	484.00	476.00	474.00	472.00	472.00	471.00	472.00	476.00	480.00	483.00	479.00	474.00	468.00	464.00	462.00	463.00	465.00	468.00	469.00	469.00	470.00	471.00	472.00	472.00	472.00	473.00	472.00	471.00	470.00	470.00	471.00	473.00	478.00	481.00	487.00	494.00	502.00	513.00	520.00	524.00	522.00	514.00	517.00	520.00	518.00	517.00	518.00	514.00	511.00	508.00	499.00	485.00	476.00	465.00	452.00	420.00	416.00	425.00	435.00	453.00	466.00	485.00	529.00	543.00	560.00	565.00	566.00	568.00	569.00	568.00	571.00	577.00	591.00	631.00	645.00	644.00	642.00	638.00	638.00	638.00	638.00	638.00	634.00	630.00	626.00	625.00	624.00	625.00	625.00	622.00	618.00	615.00	616.00	613.00	610.00	606.00	604.00	602.00	601.00	599.00	598.00	597.00	596.00	595.00	591.00	592.00	591.00	590.00	588.00	587.00	587.00	586.00	587.00	590.00	587.00	586.00	584.00	583.00	586.00	588.00	589.00	590.00	589.00	590.00	589.00	588.00
549.00	544.00	542.00	541.00	542.00	542.00	541.00	540.00	540.00	544.00	553.00	560.00	564.00	567.00	579.00	587.00	594.00	600.00	609.00	621.00	623.00	627.00	637.00	641.00	638.00	639.00	640.00	642.00	640.00	640.00	642.00	643.00	642.00	643.00	644.00	646.00	646.00	648.00	649.00	650.00	651.00	649.00	649.00	649.00	647.00	637.00	598.00	599.00	598.00	598.00	596.00	593.00	591.00	592.00	594.00	594.00	593.00	592.00	591.00	590.00	589.00	589.00	588.00	588.00	590.00	588.00	585.00	584.00	581.00	581.00	580.00	578.00	579.00	578.00	579.00	581.00	587.00	589.00	589.00	589.00	591.00	593.00	597.00	602.00	606.00	608.00	612.00	613.00	613.00	612.00	612.00	610.00	608.00	605.00	602.00	596.00	594.00	593.00	592.00	590.00	587.00	583.00	580.00	575.00	565.00	561.00	557.00	551.00	541.00	538.00	536.00	531.00	528.00	523.00	523.00	520.00	518.00	518.00	517.00	515.00	512.00	509.00	505.00	504.00	502.00	499.00	495.00	492.00	491.00	487.00	484.00	476.00	474.00	472.00	472.00	471.00	472.00	476.00	480.00	483.00	479.00	474.00	468.00	464.00	462.00	463.00	465.00	468.00	469.00	469.00	470.00	471.00	472.00	472.00	472.00	473.00	472.00	471.00	470.00	470.00	471.00	473.00	478.00	481.00	487.00	494.00	502.00	513.00	520.00	524.00	522.00	514.00	517.00	520.00	518.00	517.00	518.00	514.00	511.00	508.00	499.00	485.00	476.00	465.00	452.00	420.00	416.00	425.00	435.00	453.00	466.00	485.00	529.00	543.00	560.00	565.00	566.00	568.00	569.00	568.00	571.00	577.00	591.00	631.00	645.00	644.00	642.00	638.00	638.00	638.00	638.00	638.00	634.00	630.00	626.00	625.00	624.00	625.00	625.00	622.00	618.00	615.00	616.00	613.00	610.00	606.00	604.00	602.00	601.00	599.00	598.00	597.00	596.00	595.00	591.00	592.00	591.00	590.00	588.00	587.00	587.00	586.00	587.00	590.00	587.00	586.00	584.00	583.00	586.00	588.00	589.00	590.00	589.00	590.00	589.00	588.00
549.00	544.00	542.00	541.00	542.00	542.00	541.00	540.00	540.00	544.00	553.00	560.00	564.00	567.00	579.00	587.00	594.00	600.00	609.00	621.00	623.00	627.00	637.00	641.00	638.00	639.00	640.00	642.00	640.00	640.00	642.00	643.00	642.00	643.00	644.00	646.00	646.00	648.00	649.00	650.00	651.00	649.00	649.00	649.00	647.00	637.00	598.00	599.00	598.00	598.00	596.00	593.00	591.00	592.00	594.00	594.00	593.00	592.00	591.00	590.00	589.00	589.00	588.00	588.00	590.00	588.00	585.00	584.00	581.00	581.00	580.00	578.00	579.00	578.00	579.00	581.00	587.00	589.00	589.00	589.00	591.00	593.00	597.00	602.00	606.00	608.00	612.00	613.00	613.00	612.00	612.00	610.00	608.00	605.00	602.00	596.00	594.00	593.00	592.00	590.00	587.00	583.00	580.00	575.00	565.00	561.00	557.00	551.00	541.00	538.00	536.00	531.00	528.00	523.00	523.00	520.00	518.00	518.00	517.00	515.00	512.00	509.00	505.00	504.00	502.00	499.00	495.00	492.00	491.00	487.00	484.00	476.00	474.00	472.00	472.00	471.00	472.00	476.00	480.00	483.00	479.00	474.00	468.00	464.00	462.00	463.00	465.00	468.00	469.00	469.00	470.00	471.00	472.00	472.00	472.00	473.00	472.00	471.00	470.00	470.00	471.00	473.00	478.00	481.00	487.00	494.00	502.00	513.00	520.00	524.00	522.00	514.00	517.00	520.00	518.00	517.00	518.00	514.00	511.00	508.00	499.00	485.00	476.00	465.00	452.00	420.00	416.00	425.00	435.00	453.00	466.00	485.00	529.00	543.00	560.00	565.00	566.00	568.00	569.00	568.00	571.00	577.00	591.00	631.00	645.00	644.00	642.00	638.00	638.00	638.00	638.00	638.00	634.00	630.00	626.00	625.00	624.00	625.00	625.00	622.00	618.00	615.00	616.00	613.00	610.00	606.00	604.00	602.00	601.00	599.00	598.00	597.00	596.00	595.00	591.00	592.00	591.00	590.00	588.00	587.00	587.00	586.00	587.00	590.00	587.00	586.00	584.00	583.00	586.00	588.00	589.00	590.00	589.00	590.00	589.00	588.00
575.00	570.00	565.00	559.00	557.00	557.00	558.00	563.00	566.00	571.00	583.00	589.00	597.00	604.00	634.00	642.00	651.00	657.00	662.00	667.00	669.00	671.00	673.00	675.00	676.00	676.00	676.00	676.00	676.00	676.00	675.00	675.00	674.00	673.00	672.00	671.00	670.00	669.00	669.00	668.00	668.00	667.00	666.00	665.00	664.00	650.00	606.00	605.00	604.00	602.00	602.00	603.00	603.00	601.00	600.00	599.00	598.00	597.00	597.00	593.00	592.00	590.00	588.00	587.00	586.00	587.00	588.00	588.00	589.00	588.00	588.00	588.00	590.00	593.00	592.00	595.00	596.00	600.00	603.00	606.00	608.00	608.00	611.00	613.00	616.00	618.00	622.00	622.00	622.00	622.00	621.00	620.00	617.00	615.00	613.00	609.00	604.00	600.00	599.00	589.00	585.00	584.00	582.00	578.00	567.00	561.00	555.00	551.00	545.00	543.00	540.00	536.00	532.00	526.00	525.00	523.00	522.00	520.00	518.00	517.00	512.00	508.00	504.00	501.00	499.00	497.00	494.00	494.00	494.00	490.00	488.00	484.00	481.00	479.00	476.00	473.00	475.00	477.00	479.00	482.00	482.00	479.00	475.00	471.00	468.00	469.00	468.00	468.00	468.00	465.00	466.00	467.00	469.00	472.00	472.00	473.00	474.00	475.00	477.00	476.00	476.00	478.00	494.00	501.00	505.00	510.00	514.00	522.00	522.00	524.00	528.00	533.00	532.00	531.00	529.00	527.00	527.00	525.00	524.00	523.00	519.00	513.00	507.00	500.00	493.00	490.00	497.00	511.00	528.00	539.00	533.00	531.00	551.00	571.00	593.00	598.00	600.00	601.00	601.00	600.00	599.00	599.00	597.00	625.00	638.00	638.00	636.00	634.00	632.00	631.00	630.00	628.00	623.00	622.00	621.00	619.00	615.00	613.00	612.00	611.00	609.00	606.00	605.00	602.00	601.00	597.00	596.00	595.00	593.00	590.00	590.00	589.00	588.00	588.00	586.00	585.00	585.00	585.00	584.00	584.00	584.00	583.00	582.00	581.00	581.00	581.00	580.00	580.00	580.00	579.00	579.00	578.00	577.00	576.00	575.00	575.00
575.00	570.00	565.00	559.00	557.00	557.00	558.00	563.00	566.00	571.00	583.00	589.00	597.00	604.00	634.00	642.00	651.00	657.00	662.00	667.00	669.00	671.00	673.00	675.00	676.00	676.00	676.00	676.00	676.00	676.00	675.00	675.00	674.00	673.00	672.00	671.00	670.00	669.00	669.00	668.00	668.00	667.00	666.00	665.00	664.00	650.00	606.00	605.00	604.00	602.00	602.00	603.00	603.00	601.00	600.00	599.00	598.00	597.00	597.00	593.00	592.00	590.00	588.00	587.00	586.00	587.00	588.00	588.00	589.00	588.00	588.00	588.00	590.00	593.00	592.00	595.00	596.00	600.00	603.00	606.00	608.00	608.00	611.00	613.00	616.00	618.00	622.00	622.00	622.00	622.00	621.00	620.00	617.00	615.00	613.00	609.00	604.00	600.00	599.00	589.00	585.00	584.00	582.00	578.00	567.00	561.00	555.00	551.00	545.00	543.00	540.00	536.00	532.00	526.00	525.00	523.00	522.00	520.00	518.00	517.00	512.00	508.00	504.00	501.00	499.00	497.00	494.00	494.00	494.00	490.00	488.00	484.00	481.00	479.00	476.00	473.00	475.00	477.00	479.00	482.00	482.00	479.00	475.00	471.00	468.00	469.00	468.00	468.00	468.00	465.00	466.00	467.00	469.00	472.00	472.00	473.00	474.00	475.00	477.00	476.00	476.00	478.00	494.00	501.00	505.00	510.00	514.00	522.00	522.00	524.00	528.00	533.00	532.00	531.00	529.00	527.00	527.00	525.00	524.00	523.00	519.00	513.00	507.00	500.00	493.00	490.00	497.00	511.00	528.00	539.00	533.00	531.00	551.00	571.00	593.00	598.00	600.00	601.00	601.00	600.00	599.00	599.00	597.00	625.00	638.00	638.00	636.00	634.00	632.00	631.00	630.00	628.00	623.00	622.00	621.00	619.00	615.00	613.00	612.00	611.00	609.00	606.00	605.00	602.00	601.00	597.00	596.00	595.00	593.00	590.00	590.00	589.00	588.00	588.00	586.00	585.00	585.00	585.00	584.00	584.00	584.00	583.00	582.00	581.00	581.00	581.00	580.00	580.00	580.00	579.00	579.00	578.00	577.00	576.00	575.00	575.00
629.00	626.00	625.00	626.00	627.00	631.00	632.00	635.00	641.00	648.00	657.00	664.00	669.00	674.00	683.00	684.00	685.00	685.00	686.00	686.00	686.00	686.00	685.00	685.00	685.00	685.00	685.00	685.00	684.00	684.00	684.00	683.00	683.00	682.00	681.00	681.00	680.00	678.00	677.00	676.00	675.00	673.00	672.00	671.00	670.00	655.00	614.00	612.00	612.00	611.00	610.00	609.00	610.00	613.00	613.00	609.00	608.00	607.00	603.00	602.00	602.00	600.00	598.00	596.00	590.00	587.00	588.00	589.00	594.00	595.00	598.00	601.00	600.00	597.00	598.00	600.00	601.00	606.00	609.00	614.00	617.00	617.00	616.00	616.00	619.00	621.00	624.00	625.00	625.00	625.00	621.00	620.00	620.00	618.00	617.00	614.00	613.00	607.00	601.00	591.00	586.00	583.00	581.00	578.00	572.00	568.00	560.00	555.00	546.00	543.00	541.00	537.00	535.00	532.00	531.00	531.00	530.00	528.00	525.00	523.00	521.00	517.00	513.00	513.00	514.00	512.00	504.00	505.00	504.00	503.00	501.00	500.00	498.00	495.00	492.00	490.00	488.00	487.00	487.00	486.00	482.00	479.00	475.00	473.00	465.00	462.00	462.00	461.00	459.00	463.00	464.00	468.00	475.00	482.00	482.00	481.00	479.00	476.00	474.00	475.00	482.00	490.00	505.00	510.00	515.00	519.00	525.00	532.00	533.00	534.00	532.00	532.00	529.00	527.00	530.00	533.00	534.00	533.00	535.00	535.00	529.00	519.00	516.00	510.00	510.00	524.00	528.00	531.00	535.00	555.00	566.00	578.00	592.00	603.00	611.00	612.00	612.00	612.00	613.00	612.00	611.00	610.00	609.00	626.00	634.00	633.00	632.00	629.00	628.00	627.00	625.00	624.00	620.00	618.00	617.00	615.00	612.00	610.00	609.00	607.00	605.00	603.00	602.00	599.00	598.00	595.00	594.00	592.00	591.00	589.00	588.00	588.00	587.00	586.00	584.00	584.00	583.00	583.00	582.00	582.00	581.00	581.00	580.00	579.00	578.00	578.00	578.00	577.00	576.00	575.00	575.00	574.00	573.00	572.00	570.00	569.00
629.00	626.00	625.00	626.00	627.00	631.00	632.00	635.00	641.00	648.00	657.00	664.00	669.00	674.00	683.00	684.00	685.00	685.00	686.00	686.00	686.00	686.00	685.00	685.00	685.00	685.00	685.00	685.00	684.00	684.00	684.00	683.00	683.00	682.00	681.00	681.00	680.00	678.00	677.00	676.00	675.00	673.00	672.00	671.00	670.00	655.00	614.00	612.00	612.00	611.00	610.00	609.00	610.00	613.00	613.00	609.00	608.00	607.00	603.00	602.00	602.00	600.00	598.00	596.00	590.00	587.00	588.00	589.00	594.00	595.00	598.00	601.00	600.00	597.00	598.00	600.00	601.00	606.00	609.00	614.00	617.00	617.00	616.00	616.00	619.00	621.00	624.00	625.00	625.00	625.00	621.00	620.00	620.00	618.00	617.00	614.00	613.00	607.00	601.00	591.00	586.00	583.00	581.00	578.00	572.00	568.00	560.00	555.00	546.00	543.00	541.00	537.00	535.00	532.00	531.00	531.00	530.00	528.00	525.00	523.00	521.00	517.00	513.00	513.00	514.00	512.00	504.00	505.00	504.00	503.00	501.00	500.00	498.00	495.00	492.00	490.00	488.00	487.00	487.00	486.00	482.00	479.00	475.00	473.00	465.00	462.00	462.00	461.00	459.00	463.00	464.00	468.00	475.00	482.00	482.00	481.00	479.00	476.00	474.00	475.00	482.00	490.00	505.00	510.00	515.00	519.00	525.00	532.00	533.00	534.00	532.00	532.00	529.00	527.00	530.00	533.00	534.00	533.00	535.00	535.00	529.00	519.00	516.00	510.00	510.00	524.00	528.00	531.00	535.00	555.00	566.00	578.00	592.00	603.00	611.00	612.00	612.00	612.00	613.00	612.00	611.00	610.00	609.00	626.00	634.00	633.00	632.00	629.00	628.00	627.00	625.00	624.00	620.00	618.00	617.00	615.00	612.00	610.00	609.00	607.00	605.00	603.00	602.00	599.00	598.00	595.00	594.00	592.00	591.00	589.00	588.00	588.00	587.00	586.00	584.00	584.00	583.00	583.00	582.00	582.00	581.00	581.00	580.00	579.00	578.00	578.00	578.00	577.00	576.00	575.00	575.00	574.00	573.00	572.00	570.00	569.00
629.00	626.00	625.00	626.00	627.00	631.00	632.00	635.00	641.00	648.00	657.00	664.00	669.00	674.00	683.00	684.00	685.00	685.00	686.00	686.00	686.00	686.00	685.00	685.00	685.00	685.00	685.00	685.00	684.00	684.00	684.00	683.00	683.00	682.00	681.00	681.00	680.00	678.00	677.00	676.00	675.00	673.00	672.00	671.00	670.00	655.00	614.00	612.00	612.00	611.00	610.00	609.00	610.00	613.00	613.00	609.00	608.00	607.00	603.00	602.00	602.00	600.00	598.00	596.00	590.00	587.00	588.00	589.00	594.00	595.00	598.00	601.00	600.00	597.00	598.00	600.00	601.00	606.00	609.00	614.00	617.00	617.00	616.00	616.00	619.00	621.00	624.00	625.00	625.00	625.00	621.00	620.00	620.00	618.00	617.00	614.00	613.00	607.00	601.00	591.00	586.00	583.00	581.00	578.00	572.00	568.00	560.00	555.00	546.00	543.00	541.00	537.00	535.00	532.00	531.00	531.00	530.00	528.00	525.00	523.00	521.00	517.00	513.00	513.00	514.00	512.00	504.00	505.00	504.00	503.00	501.00	500.00	498.00	495.00	492.00	490.00	488.00	487.00	487.00	486.00	482.00	479.00	475.00	473.00	465.00	462.00	462.00	461.00	459.00	463.00	464.00	468.00	475.00	482.00	482.00	481.00	479.00	476.00	474.00	475.00	482.00	490.00	505.00	510.00	515.00	519.00	525.00	532.00	533.00	534.00	532.00	532.00	529.00	527.00	530.00	533.00	534.00	533.00	535.00	535.00	529.00	519.00	516.00	510.00	510.00	524.00	528.00	531.00	535.00	555.00	566.00	578.00	592.00	603.00	611.00	612.00	612.00	612.00	613.00	612.00	611.00	610.00	609.00	626.00	634.00	633.00	632.00	629.00	628.00	627.00	625.00	624.00	620.00	618.00	617.00	615.00	612.00	610.00	609.00	607.00	605.00	603.00	602.00	599.00	598.00	595.00	594.00	592.00	591.00	589.00	588.00	588.00	587.00	586.00	584.00	584.00	583.00	583.00	582.00	582.00	581.00	581.00	580.00	579.00	578.00	578.00	578.00	577.00	576.00	575.00	575.00	574.00	573.00	572.00	570.00	569.00
629.00	626.00	625.00	626.00	627.00	631.00	632.00	635.00	641.00	648.00	657.00	664.00	669.00	674.00	683.00	684.00	685.00	685.00	686.00	686.00	686.00	686.00	685.00	685.00	685.00	685.00	685.00	685.00	684.00	684.00	684.00	683.00	683.00	682.00	681.00	681.00	680.00	678.00	677.00	676.00	675.00	673.00	672.00	671.00	670.00	655.00	614.00	612.00	612.00	611.00	610.00	609.00	610.00	613.00	613.00	609.00	608.00	607.00	603.00	602.00	602.00	600.00	598.00	596.00	590.00	587.00	588.00	589.00	594.00	595.00	598.00	601.00	600.00	597.00	598.00	600.00	601.00	606.00	609.00	614.00	617.00	617.00	616.00	616.00	619.00	621.00	624.00	625.00	625.00	625.00	621.00	620.00	620.00	618.00	617.00	614.00	613.00	607.00	601.00	591.00	586.00	583.00	581.00	578.00	572.00	568.00	560.00	555.00	546.00	543.00	541.00	537.00	535.00	532.00	531.00	531.00	530.00	528.00	525.00	523.00	521.00	517.00	513.00	513.00	514.00	512.00	504.00	505.00	504.00	503.00	501.00	500.00	498.00	495.00	492.00	490.00	488.00	487.00	487.00	486.00	482.00	479.00	475.00	473.00	465.00	462.00	462.00	461.00	459.00	463.00	464.00	468.00	475.00	482.00	482.00	481.00	479.00	476.00	474.00	475.00	482.00	490.00	505.00	510.00	515.00	519.00	525.00	532.00	533.00	534.00	532.00	532.00	529.00	527.00	530.00	533.00	534.00	533.00	535.00	535.00	529.00	519.00	516.00	510.00	510.00	524.00	528.00	531.00	535.00	555.00	566.00	578.00	592.00	603.00	611.00	612.00	612.00	612.00	613.00	612.00	611.00	610.00	609.00	626.00	634.00	633.00	632.00	629.00	628.00	627.00	625.00	624.00	620.00	618.00	617.00	615.00	612.00	610.00	609.00	607.00	605.00	603.00	602.00	599.00	598.00	595.00	594.00	592.00	591.00	589.00	588.00	588.00	587.00	586.00	584.00	584.00	583.00	583.00	582.00	582.00	581.00	581.00	580.00	579.00	578.00	578.00	578.00	577.00	576.00	575.00	575.00	574.00	573.00	572.00	570.00	569.00
667.00	671.00	673.00	677.00	679.00	681.00	682.00	683.00	685.00	686.00	688.00	689.00	690.00	690.00	691.00	691.00	691.00	691.00	691.00	691.00	691.00	691.00	691.00	692.00	692.00	692.00	692.00	691.00	690.00	689.00	689.00	688.00	686.00	686.00	685.00	684.00	684.00	683.00	682.00	681.00	681.00	680.00	679.00	678.00	677.00	664.00	631.00	630.00	628.00	627.00	625.00	625.00	623.00	619.00	617.00	618.00	617.00	616.00	616.00	612.00	609.00	607.00	606.00	605.00	601.00	601.00	598.00	595.00	596.00	599.00	600.00	599.00	599.00	599.00	600.00	601.00	601.00	604.00	608.00	610.00	612.00	613.00	614.00	617.00	621.00	623.00	629.00	629.00	630.00	629.00	625.00	625.00	625.00	626.00	625.00	620.00	618.00	616.00	615.00	611.00	607.00	602.00	595.00	587.00	575.00	573.00	569.00	563.00	549.00	547.00	544.00	542.00	539.00	535.00	533.00	532.00	533.00	531.00	528.00	528.00	529.00	529.00	527.00	524.00	522.00	523.00	522.00	520.00	516.00	513.00	512.00	504.00	500.00	497.00	495.00	492.00	491.00	489.00	486.00	485.00	482.00	482.00	481.00	480.00	470.00	464.00	461.00	460.00	462.00	473.00	477.00	482.00	487.00	494.00	492.00	489.00	487.00	486.00	486.00	489.00	499.00	509.00	526.00	534.00	536.00	539.00	541.00	538.00	538.00	536.00	532.00	518.00	517.00	521.00	526.00	527.00	531.00	533.00	535.00	534.00	539.00	532.00	530.00	535.00	543.00	561.00	570.00	578.00	583.00	589.00	595.00	605.00	618.00	617.00	617.00	618.00	618.00	618.00	618.00	618.00	618.00	617.00	618.00	626.00	630.00	629.00	627.00	624.00	623.00	622.00	621.00	620.00	616.00	615.00	613.00	611.00	609.00	607.00	604.00	603.00	602.00	599.00	598.00	596.00	595.00	592.00	590.00	589.00	588.00	586.00	586.00	585.00	584.00	584.00	582.00	581.00	581.00	580.00	580.00	579.00	579.00	578.00	577.00	576.00	575.00	574.00	574.00	573.00	572.00	572.00	570.00	569.00	567.00	565.00	562.00	561.00
667.00	671.00	673.00	677.00	679.00	681.00	682.00	683.00	685.00	686.00	688.00	689.00	690.00	690.00	691.00	691.00	691.00	691.00	691.00	691.00	691.00	691.00	691.00	692.00	692.00	692.00	692.00	691.00	690.00	689.00	689.00	688.00	686.00	686.00	685.00	684.00	684.00	683.00	682.00	681.00	681.00	680.00	679.00	678.00	677.00	664.00	631.00	630.00	628.00	627.00	625.00	625.00	623.00	619.00	617.00	618.00	617.00	616.00	616.00	612.00	609.00	607.00	606.00	605.00	601.00	601.00	598.00	595.00	596.00	599.00	600.00	599.00	599.00	599.00	600.00	601.00	601.00	604.00	608.00	610.00	612.00	613.00	614.00	617.00	621.00	623.00	629.00	629.00	630.00	629.00	625.00	625.00	625.00	626.00	625.00	620.00	618.00	616.00	615.00	611.00	607.00	602.00	595.00	587.00	575.00	573.00	569.00	563.00	549.00	547.00	544.00	542.00	539.00	535.00	533.00	532.00	533.00	531.00	528.00	528.00	529.00	529.00	527.00	524.00	522.00	523.00	522.00	520.00	516.00	513.00	512.00	504.00	500.00	497.00	495.00	492.00	491.00	489.00	486.00	485.00	482.00	482.00	481.00	480.00	470.00	464.00	461.00	460.00	462.00	473.00	477.00	482.00	487.00	494.00	492.00	489.00	487.00	486.00	486.00	489.00	499.00	509.00	526.00	534.00	536.00	539.00	541.00	538.00	538.00	536.00	532.00	518.00	517.00	521.00	526.00	527.00	531.00	533.00	535.00	534.00	539.00	532.00	530.00	535.00	543.00	561.00	570.00	578.00	583.00	589.00	595.00	605.00	618.00	617.00	617.00	618.00	618.00	618.00	618.00	618.00	618.00	617.00	618.00	626.00	630.00	629.00	627.00	624.00	623.00	622.00	621.00	620.00	616.00	615.00	613.00	611.00	609.00	607.00	604.00	603.00	602.00	599.00	598.00	596.00	595.00	592.00	590.00	589.00	588.00	586.00	586.00	585.00	584.00	584.00	582.00	581.00	581.00	580.00	580.00	579.00	579.00	578.00	577.00	576.00	575.00	574.00	574.00	573.00	572.00	572.00	570.00	569.00	567.00	565.00	562.00	561.00
667.00	671.00	673.00	677.00	679.00	681.00	682.00	683.00	685.00	686.00	688.00	689.00	690.00	690.00	691.00	691.00	691.00	691.00	691.00	691.00	691.00	691.00	691.00	692.00	692.00	692.00	692.00	691.00	690.00	689.00	689.00	688.00	686.00	686.00	685.00	684.00	684.00	683.00	682.00	681.00	681.00	680.00	679.00	678.00	677.00	664.00	631.00	630.00	628.00	627.00	625.00	625.00	623.00	619.00	617.00	618.00	617.00	616.00	616.00	612.00	609.00	607.00	606.00	605.00	601.00	601.00	598.00	595.00	596.00	599.00	600.00	599.00	599.00	599.00	600.00	601.00	601.00	604.00	608.00	610.00	612.00	613.00	614.00	617.00	621.00	623.00	629.00	629.00	630.00	629.00	625.00	625.00	625.00	626.00	625.00	620.00	618.00	616.00	615.00	611.00	607.00	602.00	595.00	587.00	575.00	573.00	569.00	563.00	549.00	547.00	544.00	542.00	539.00	535.00	533.00	532.00	533.00	531.00	528.00	528.00	529.00	529.00	527.00	524.00	522.00	523.00	522.00	520.00	516.00	513.00	512.00	504.00	500.00	497.00	495.00	492.00	491.00	489.00	486.00	485.00	482.00	482.00	481.00	480.00	470.00	464.00	461.00	460.00	462.00	473.00	477.00	482.00	487.00	494.00	492.00	489.00	487.00	486.00	486.00	489.00	499.00	509.00	526.00	534.00	536.00	539.00	541.00	538.00	538.00	536.00	532.00	518.00	517.00	521.00	526.00	527.00	531.00	533.00	535.00	534.00	539.00	532.00	530.00	535.00	543.00	561.00	570.00	578.00	583.00	589.00	595.00	605.00	618.00	617.00	617.00	618.00	618.00	618.00	618.00	618.00	618.00	617.00	618.00	626.00	630.00	629.00	627.00	624.00	623.00	622.00	621.00	620.00	616.00	615.00	613.00	611.00	609.00	607.00	604.00	603.00	602.00	599.00	598.00	596.00	595.00	592.00	590.00	589.00	588.00	586.00	586.00	585.00	584.00	584.00	582.00	581.00	581.00	580.00	580.00	579.00	579.00	578.00	577.00	576.00	575.00	574.00	574.00	573.00	572.00	572.00	570.00	569.00	567.00	565.00	562.00	561.00
682.00	683.00	683.00	685.00	687.00	689.00	690.00	690.00	691.00	691.00	692.00	693.00	693.00	693.00	694.00	694.00	694.00	694.00	694.00	694.00	694.00	695.00	698.00	700.00	700.00	699.00	699.00	698.00	697.00	696.00	696.00	695.00	693.00	692.00	691.00	690.00	690.00	688.00	688.00	687.00	686.00	685.00	685.00	685.00	684.00	671.00	635.00	637.00	637.00	637.00	634.00	633.00	631.00	632.00	631.00	627.00	626.00	623.00	621.00	619.00	619.00	618.00	619.00	619.00	617.00	617.00	614.00	615.00	618.00	620.00	622.00	623.00	620.00	612.00	609.00	608.00	609.00	607.00	607.00	609.00	612.00	615.00	618.00	619.00	622.00	624.00	635.00	638.00	638.00	638.00	637.00	635.00	633.00	632.00	633.00	633.00	633.00	630.00	628.00	622.00	619.00	616.00	610.00	604.00	593.00	586.00	579.00	573.00	557.00	554.00	552.00	552.00	552.00	549.00	546.00	545.00	544.00	540.00	535.00	534.00	531.00	531.00	532.00	532.00	530.00	527.00	520.00	517.00	514.00	510.00	509.00	505.00	504.00	500.00	497.00	492.00	490.00	489.00	486.00	480.00	483.00	483.00	485.00	488.00	490.00	489.00	488.00	488.00	488.00	498.00	503.00	504.00	502.00	495.00	492.00	488.00	489.00	491.00	504.00	508.00	528.00	535.00	544.00	546.00	544.00	542.00	540.00	535.00	533.00	533.00	533.00	531.00	534.00	535.00	535.00	533.00	539.00	542.00	539.00	536.00	536.00	542.00	546.00	553.00	559.00	578.00	590.00	599.00	607.00	619.00	622.00	632.00	642.00	629.00	622.00	622.00	623.00	624.00	624.00	624.00	624.00	624.00	624.00	625.00	626.00	625.00	623.00	621.00	620.00	619.00	618.00	616.00	613.00	611.00	610.00	608.00	603.00	602.00	601.00	600.00	598.00	596.00	595.00	592.00	590.00	587.00	586.00	585.00	584.00	583.00	582.00	581.00	580.00	580.00	579.00	579.00	578.00	578.00	577.00	576.00	576.00	575.00	574.00	573.00	572.00	571.00	570.00	567.00	566.00	565.00	563.00	562.00	560.00	559.00	557.00	556.00
682.00	683.00	683.00	685.00	687.00	689.00	690.00	690.00	691.00	691.00	692.00	693.00	693.00	693.00	694.00	694.00	694.00	694.00	694.00	694.00	694.00	695.00	698.00	700.00	700.00	699.00	699.00	698.00	697.00	696.00	696.00	695.00	693.00	692.00	691.00	690.00	690.00	688.00	688.00	687.00	686.00	685.00	685.00	685.00	684.00	671.00	635.00	637.00	637.00	637.00	634.00	633.00	631.00	632.00	631.00	627.00	626.00	623.00	621.00	619.00	619.00	618.00	619.00	619.00	617.00	617.00	614.00	615.00	618.00	620.00	622.00	623.00	620.00	612.00	609.00	608.00	609.00	607.00	607.00	609.00	612.00	615.00	618.00	619.00	622.00	624.00	635.00	638.00	638.00	638.00	637.00	635.00	633.00	632.00	633.00	633.00	633.00	630.00	628.00	622.00	619.00	616.00	610.00	604.00	593.00	586.00	579.00	573.00	557.00	554.00	552.00	552.00	552.00	549.00	546.00	545.00	544.00	540.00	535.00	534.00	531.00	531.00	532.00	532.00	530.00	527.00	520.00	517.00	514.00	510.00	509.00	505.00	504.00	500.00	497.00	492.00	490.00	489.00	486.00	480.00	483.00	483.00	485.00	488.00	490.00	489.00	488.00	488.00	488.00	498.00	503.00	504.00	502.00	495.00	492.00	488.00	489.00	491.00	504.00	508.00	528.00	535.00	544.00	546.00	544.00	542.00	540.00	535.00	533.00	533.00	533.00	531.00	534.00	535.00	535.00	533.00	539.00	542.00	539.00	536.00	536.00	542.00	546.00	553.00	559.00	578.00	590.00	599.00	607.00	619.00	622.00	632.00	642.00	629.00	622.00	622.00	623.00	624.00	624.00	624.00	624.00	624.00	624.00	625.00	626.00	625.00	623.00	621.00	620.00	619.00	618.00	616.00	613.00	611.00	610.00	608.00	603.00	602.00	601.00	600.00	598.00	596.00	595.00	592.00	590.00	587.00	586.00	585.00	584.00	583.00	582.00	581.00	580.00	580.00	579.00	579.00	578.00	578.00	577.00	576.00	576.00	575.00	574.00	573.00	572.00	571.00	570.00	567.00	566.00	565.00	563.00	562.00	560.00	559.00	557.00	556.00
682.00	683.00	683.00	685.00	687.00	689.00	690.00	690.00	691.00	691.00	692.00	693.00	693.00	693.00	694.00	694.00	694.00	694.00	694.00	694.00	694.00	695.00	698.00	700.00	700.00	699.00	699.00	698.00	697.00	696.00	696.00	695.00	693.00	692.00	691.00	690.00	690.00	688.00	688.00	687.00	686.00	685.00	685.00	685.00	684.00	671.00	635.00	637.00	637.00	637.00	634.00	633.00	631.00	632.00	631.00	627.00	626.00	623.00	621.00	619.00	619.00	618.00	619.00	619.00	617.00	617.00	614.00	615.00	618.00	620.00	622.00	623.00	620.00	612.00	609.00	608.00	609.00	607.00	607.00	609.00	612.00	615.00	618.00	619.00	622.00	624.00	635.00	638.00	638.00	638.00	637.00	635.00	633.00	632.00	633.00	633.00	633.00	630.00	628.00	622.00	619.00	616.00	610.00	604.00	593.00	586.00	579.00	573.00	557.00	554.00	552.00	552.00	552.00	549.00	546.00	545.00	544.00	540.00	535.00	534.00	531.00	531.00	532.00	532.00	530.00	527.00	520.00	517.00	514.00	510.00	509.00	505.00	504.00	500.00	497.00	492.00	490.00	489.00	486.00	480.00	483.00	483.00	485.00	488.00	490.00	489.00	488.00	488.00	488.00	498.00	503.00	504.00	502.00	495.00	492.00	488.00	489.00	491.00	504.00	508.00	528.00	535.00	544.00	546.00	544.00	542.00	540.00	535.00	533.00	533.00	533.00	531.00	534.00	535.00	535.00	533.00	539.00	542.00	539.00	536.00	536.00	542.00	546.00	553.00	559.00	578.00	590.00	599.00	607.00	619.00	622.00	632.00	642.00	629.00	622.00	622.00	623.00	624.00	624.00	624.00	624.00	624.00	624.00	625.00	626.00	625.00	623.00	621.00	620.00	619.00	618.00	616.00	613.00	611.00	610.00	608.00	603.00	602.00	601.00	600.00	598.00	596.00	595.00	592.00	590.00	587.00	586.00	585.00	584.00	583.00	582.00	581.00	580.00	580.00	579.00	579.00	578.00	578.00	577.00	576.00	576.00	575.00	574.00	573.00	572.00	571.00	570.00	567.00	566.00	565.00	563.00	562.00	560.00	559.00	557.00	556.00
684.00	687.00	688.00	690.00	691.00	692.00	693.00	693.00	694.00	695.00	696.00	696.00	697.00	698.00	698.00	698.00	698.00	698.00	698.00	698.00	698.00	699.00	704.00	707.00	706.00	706.00	706.00	705.00	704.00	704.00	703.00	703.00	701.00	701.00	699.00	698.00	697.00	695.00	695.00	694.00	694.00	692.00	692.00	691.00	690.00	676.00	638.00	638.00	639.00	640.00	637.00	636.00	634.00	633.00	633.00	634.00	635.00	635.00	633.00	631.00	630.00	628.00	627.00	626.00	622.00	623.00	630.00	632.00	628.00	626.00	626.00	626.00	626.00	626.00	625.00	625.00	622.00	620.00	620.00	621.00	622.00	623.00	626.00	624.00	625.00	629.00	634.00	639.00	641.00	642.00	642.00	643.00	643.00	641.00	640.00	640.00	640.00	634.00	633.00	629.00	624.00	619.00	615.00	609.00	594.00	589.00	583.00	575.00	564.00	561.00	557.00	553.00	550.00	551.00	550.00	549.00	547.00	547.00	546.00	544.00	540.00	535.00	531.00	529.00	528.00	525.00	519.00	516.00	514.00	504.00	503.00	501.00	499.00	499.00	499.00	492.00	489.00	486.00	485.00	484.00	492.00	496.00	500.00	503.00	508.00	508.00	508.00	510.00	511.00	513.00	514.00	514.00	514.00	519.00	520.00	517.00	517.00	522.00	534.00	539.00	552.00	556.00	557.00	555.00	554.00	550.00	545.00	541.00	541.00	542.00	545.00	564.00	567.00	565.00	565.00	563.00	559.00	556.00	554.00	556.00	556.00	561.00	567.00	575.00	585.00	600.00	606.00	615.00	624.00	635.00	639.00	645.00	652.00	637.00	628.00	629.00	630.00	631.00	632.00	632.00	633.00	633.00	633.00	625.00	622.00	621.00	620.00	617.00	616.00	615.00	614.00	613.00	609.00	606.00	604.00	602.00	600.00	599.00	598.00	597.00	595.00	592.00	590.00	586.00	585.00	582.00	581.00	581.00	580.00	579.00	578.00	578.00	577.00	577.00	576.00	575.00	575.00	574.00	573.00	573.00	572.00	571.00	569.00	567.00	565.00	564.00	563.00	561.00	560.00	559.00	558.00	557.00	555.00	554.00	553.00	551.00
684.00	687.00	688.00	690.00	691.00	692.00	693.00	693.00	694.00	695.00	696.00	696.00	697.00	698.00	698.00	698.00	698.00	698.00	698.00	698.00	698.00	699.00	704.00	707.00	706.00	706.00	706.00	705.00	704.00	704.00	703.00	703.00	701.00	701.00	699.00	698.00	697.00	695.00	695.00	694.00	694.00	692.00	692.00	691.00	690.00	676.00	638.00	638.00	639.00	640.00	637.00	636.00	634.00	633.00	633.00	634.00	635.00	635.00	633.00	631.00	630.00	628.00	627.00	626.00	622.00	623.00	630.00	632.00	628.00	626.00	626.00	626.00	626.00	626.00	625.00	625.00	622.00	620.00	620.00	621.00	622.00	623.00	626.00	624.00	625.00	629.00	634.00	639.00	641.00	642.00	642.00	643.00	643.00	641.00	640.00	640.00	640.00	634.00	633.00	629.00	624.00	619.00	615.00	609.00	594.00	589.00	583.00	575.00	564.00	561.00	557.00	553.00	550.00	551.00	550.00	549.00	547.00	547.00	546.00	544.00	540.00	535.00	531.00	529.00	528.00	525.00	519.00	516.00	514.00	504.00	503.00	501.00	499.00	499.00	499.00	492.00	489.00	486.00	485.00	484.00	492.00	496.00	500.00	503.00	508.00	508.00	508.00	510.00	511.00	513.00	514.00	514.00	514.00	519.00	520.00	517.00	517.00	522.00	534.00	539.00	552.00	556.00	557.00	555.00	554.00	550.00	545.00	541.00	541.00	542.00	545.00	564.00	567.00	565.00	565.00	563.00	559.00	556.00	554.00	556.00	556.00	561.00	567.00	575.00	585.00	600.00	606.00	615.00	624.00	635.00	639.00	645.00	652.00	637.00	628.00	629.00	630.00	631.00	632.00	632.00	633.00	633.00	633.00	625.00	622.00	621.00	620.00	617.00	616.00	615.00	614.00	613.00	609.00	606.00	604.00	602.00	600.00	599.00	598.00	597.00	595.00	592.00	590.00	586.00	585.00	582.00	581.00	581.00	580.00	579.00	578.00	578.00	577.00	577.00	576.00	575.00	575.00	574.00	573.00	573.00	572.00	571.00	569.00	567.00	565.00	564.00	563.00	561.00	560.00	559.00	558.00	557.00	555.00	554.00	553.00	551.00
684.00	687.00	688.00	690.00	691.00	692.00	693.00	693.00	694.00	695.00	696.00	696.00	697.00	698.00	698.00	698.00	698.00	698.00	698.00	698.00	698.00	699.00	704.00	707.00	706.00	706.00	706.00	705.00	704.00	704.00	703.00	703.00	701.00	701.00	699.00	698.00	697.00	695.00	695.00	694.00	694.00	692.00	692.00	691.00	690.00	676.00	638.00	638.00	639.00	640.00	637.00	636.00	634.00	633.00	633.00	634.00	635.00	635.00	633.00	631.00	630.00	628.00	627.00	626.00	622.00	623.00	630.00	632.00	628.00	626.00	626.00	626.00	626.00	626.00	625.00	625.00	622.00	620.00	620.00	621.00	622.00	623.00	626.00	624.00	625.00	629.00	634.00	639.00	641.00	642.00	642.00	643.00	643.00	641.00	640.00	640.00	640.00	634.00	633.00	629.00	624.00	619.00	615.00	609.00	594.00	589.00	583.00	575.00	564.00	561.00	557.00	553.00	550.00	551.00	550.00	549.00	547.00	547.00	546.00	544.00	540.00	535.00	531.00	529.00	528.00	525.00	519.00	516.00	514.00	504.00	503.00	501.00	499.00	499.00	499.00	492.00	489.00	486.00	485.00	484.00	492.00	496.00	500.00	503.00	508.00	508.00	508.00	510.00	511.00	513.00	514.00	514.00	514.00	519.00	520.00	517.00	517.00	522.00	534.00	539.00	552.00	556.00	557.00	555.00	554.00	550.00	545.00	541.00	541.00	542.00	545.00	564.00	567.00	565.00	565.00	563.00	559.00	556.00	554.00	556.00	556.00	561.00	567.00	575.00	585.00	600.00	606.00	615.00	624.00	635.00	639.00	645.00	652.00	637.00	628.00	629.00	630.00	631.00	632.00	632.00	633.00	633.00	633.00	625.00	622.00	621.00	620.00	617.00	616.00	615.00	614.00	613.00	609.00	606.00	604.00	602.00	600.00	599.00	598.00	597.00	595.00	592.00	590.00	586.00	585.00	582.00	581.00	581.00	580.00	579.00	578.00	578.00	577.00	577.00	576.00	575.00	575.00	574.00	573.00	573.00	572.00	571.00	569.00	567.00	565.00	564.00	563.00	561.00	560.00	559.00	558.00	557.00	555.00	554.00	553.00	551.00
688.00	690.00	691.00	692.00	693.00	694.00	695.00	696.00	697.00	698.00	699.00	700.00	701.00	702.00	704.00	704.00	704.00	704.00	704.00	704.00	704.00	706.00	710.00	713.00	713.00	713.00	713.00	713.00	712.00	712.00	711.00	711.00	710.00	709.00	709.00	708.00	707.00	705.00	704.00	703.00	702.00	700.00	699.00	699.00	698.00	683.00	642.00	643.00	643.00	645.00	646.00	644.00	642.00	640.00	638.00	637.00	636.00	636.00	636.00	637.00	636.00	637.00	638.00	638.00	637.00	637.00	642.00	642.00	636.00	632.00	630.00	629.00	628.00	627.00	627.00	626.00	622.00	624.00	626.00	629.00	629.00	628.00	635.00	640.00	643.00	646.00	655.00	657.00	654.00	651.00	651.00	652.00	651.00	650.00	650.00	647.00	645.00	641.00	639.00	633.00	627.00	621.00	616.00	610.00	594.00	589.00	586.00	580.00	563.00	560.00	556.00	553.00	551.00	555.00	557.00	559.00	557.00	553.00	543.00	540.00	539.00	537.00	535.00	533.00	532.00	533.00	531.00	530.00	528.00	517.00	510.00	495.00	492.00	490.00	487.00	483.00	484.00	485.00	483.00	480.00	500.00	507.00	508.00	513.00	518.00	523.00	525.00	527.00	529.00	536.00	537.00	534.00	535.00	546.00	552.00	552.00	553.00	555.00	557.00	558.00	561.00	561.00	564.00	562.00	557.00	552.00	550.00	549.00	552.00	556.00	557.00	566.00	574.00	581.00	582.00	581.00	582.00	582.00	580.00	580.00	581.00	589.00	593.00	595.00	598.00	605.00	608.00	614.00	622.00	636.00	640.00	644.00	645.00	638.00	634.00	635.00	635.00	636.00	638.00	638.00	639.00	640.00	640.00	625.00	618.00	616.00	615.00	613.00	611.00	610.00	609.00	608.00	603.00	601.00	600.00	599.00	597.00	596.00	594.00	591.00	589.00	585.00	584.00	580.00	579.00	578.00	578.00	577.00	576.00	575.00	575.00	574.00	574.00	573.00	572.00	571.00	570.00	570.00	568.00	567.00	566.00	564.00	563.00	561.00	559.00	558.00	558.00	556.00	555.00	554.00	553.00	552.00	551.00	550.00	549.00	548.00
688.00	690.00	691.00	692.00	693.00	694.00	695.00	696.00	697.00	698.00	699.00	700.00	701.00	702.00	704.00	704.00	704.00	704.00	704.00	704.00	704.00	706.00	710.00	713.00	713.00	713.00	713.00	713.00	712.00	712.00	711.00	711.00	710.00	709.00	709.00	708.00	707.00	705.00	704.00	703.00	702.00	700.00	699.00	699.00	698.00	683.00	642.00	643.00	643.00	645.00	646.00	644.00	642.00	640.00	638.00	637.00	636.00	636.00	636.00	637.00	636.00	637.00	638.00	638.00	637.00	637.00	642.00	642.00	636.00	632.00	630.00	629.00	628.00	627.00	627.00	626.00	622.00	624.00	626.00	629.00	629.00	628.00	635.00	640.00	643.00	646.00	655.00	657.00	654.00	651.00	651.00	652.00	651.00	650.00	650.00	647.00	645.00	641.00	639.00	633.00	627.00	621.00	616.00	610.00	594.00	589.00	586.00	580.00	563.00	560.00	556.00	553.00	551.00	555.00	557.00	559.00	557.00	553.00	543.00	540.00	539.00	537.00	535.00	533.00	532.00	533.00	531.00	530.00	528.00	517.00	510.00	495.00	492.00	490.00	487.00	483.00	484.00	485.00	483.00	480.00	500.00	507.00	508.00	513.00	518.00	523.00	525.00	527.00	529.00	536.00	537.00	534.00	535.00	546.00	552.00	552.00	553.00	555.00	557.00	558.00	561.00	561.00	564.00	562.00	557.00	552.00	550.00	549.00	552.00	556.00	557.00	566.00	574.00	581.00	582.00	581.00	582.00	582.00	580.00	580.00	581.00	589.00	593.00	595.00	598.00	605.00	608.00	614.00	622.00	636.00	640.00	644.00	645.00	638.00	634.00	635.00	635.00	636.00	638.00	638.00	639.00	640.00	640.00	625.00	618.00	616.00	615.00	613.00	611.00	610.00	609.00	608.00	603.00	601.00	600.00	599.00	597.00	596.00	594.00	591.00	589.00	585.00	584.00	580.00	579.00	578.00	578.00	577.00	576.00	575.00	575.00	574.00	574.00	573.00	572.00	571.00	570.00	570.00	568.00	567.00	566.00	564.00	563.00	561.00	559.00	558.00	558.00	556.00	555.00	554.00	553.00	552.00	551.00	550.00	549.00	548.00
688.00	690.00	691.00	692.00	693.00	694.00	695.00	696.00	697.00	698.00	699.00	700.00	701.00	702.00	704.00	704.00	704.00	704.00	704.00	704.00	704.00	706.00	710.00	713.00	713.00	713.00	713.00	713.00	712.00	712.00	711.00	711.00	710.00	709.00	709.00	708.00	707.00	705.00	704.00	703.00	702.00	700.00	699.00	699.00	698.00	683.00	642.00	643.00	643.00	645.00	646.00	644.00	642.00	640.00	638.00	637.00	636.00	636.00	636.00	637.00	636.00	637.00	638.00	638.00	637.00	637.00	642.00	642.00	636.00	632.00	630.00	629.00	628.00	627.00	627.00	626.00	622.00	624.00	626.00	629.00	629.00	628.00	635.00	640.00	643.00	646.00	655.00	657.00	654.00	651.00	651.00	652.00	651.00	650.00	650.00	647.00	645.00	641.00	639.00	633.00	627.00	621.00	616.00	610.00	594.00	589.00	586.00	580.00	563.00	560.00	556.00	553.00	551.00	555.00	557.00	559.00	557.00	553.00	543.00	540.00	539.00	537.00	535.00	533.00	532.00	533.00	531.00	530.00	528.00	517.00	510.00	495.00	492.00	490.00	487.00	483.00	484.00	485.00	483.00	480.00	500.00	507.00	508.00	513.00	518.00	523.00	525.00	527.00	529.00	536.00	537.00	534.00	535.00	546.00	552.00	552.00	553.00	555.00	557.00	558.00	561.00	561.00	564.00	562.00	557.00	552.00	550.00	549.00	552.00	556.00	557.00	566.00	574.00	581.00	582.00	581.00	582.00	582.00	580.00	580.00	581.00	589.00	593.00	595.00	598.00	605.00	608.00	614.00	622.00	636.00	640.00	644.00	645.00	638.00	634.00	635.00	635.00	636.00	638.00	638.00	639.00	640.00	640.00	625.00	618.00	616.00	615.00	613.00	611.00	610.00	609.00	608.00	603.00	601.00	600.00	599.00	597.00	596.00	594.00	591.00	589.00	585.00	584.00	580.00	579.00	578.00	578.00	577.00	576.00	575.00	575.00	574.00	574.00	573.00	572.00	571.00	570.00	570.00	568.00	567.00	566.00	564.00	563.00	561.00	559.00	558.00	558.00	556.00	555.00	554.00	553.00	552.00	551.00	550.00	549.00	548.00
690.00	691.00	692.00	694.00	695.00	696.00	697.00	698.00	699.00	701.00	703.00	705.00	707.00	708.00	711.00	712.00	712.00	712.00	712.00	712.00	712.00	713.00	717.00	721.00	721.00	720.00	720.00	720.00	720.00	719.00	719.00	719.00	718.00	718.00	717.00	716.00	716.00	714.00	713.00	712.00	711.00	709.00	708.00	707.00	706.00	691.00	651.00	650.00	648.00	646.00	644.00	643.00	643.00	643.00	645.00	643.00	643.00	643.00	641.00	639.00	639.00	641.00	641.00	638.00	637.00	637.00	636.00	637.00	638.00	638.00	638.00	637.00	634.00	629.00	627.00	628.00	631.00	640.00	644.00	651.00	655.00	658.00	661.00	658.00	656.00	651.00	648.00	649.00	649.00	652.00	655.00	656.00	656.00	657.00	658.00	660.00	658.00	658.00	656.00	646.00	640.00	633.00	627.00	617.00	609.00	603.00	597.00	592.00	576.00	573.00	569.00	568.00	568.00	574.00	578.00	581.00	581.00	578.00	567.00	562.00	557.00	551.00	538.00	534.00	535.00	536.00	540.00	542.00	539.00	525.00	516.00	495.00	487.00	484.00	485.00	483.00	483.00	486.00	494.00	507.00	511.00	517.00	523.00	528.00	533.00	537.00	543.00	544.00	545.00	547.00	546.00	547.00	546.00	545.00	547.00	555.00	560.00	560.00	562.00	561.00	562.00	563.00	568.00	569.00	568.00	564.00	561.00	558.00	562.00	568.00	573.00	584.00	585.00	588.00	591.00	591.00	589.00	590.00	591.00	588.00	589.00	587.00	590.00	591.00	593.00	598.00	598.00	602.00	607.00	619.00	622.00	629.00	635.00	636.00	638.00	638.00	639.00	639.00	640.00	641.00	642.00	643.00	644.00	622.00	612.00	611.00	610.00	608.00	607.00	605.00	603.00	602.00	599.00	598.00	597.00	595.00	591.00	588.00	586.00	584.00	582.00	579.00	578.00	577.00	576.00	575.00	575.00	574.00	573.00	572.00	571.00	571.00	570.00	569.00	567.00	566.00	566.00	565.00	563.00	562.00	561.00	560.00	559.00	557.00	555.00	553.00	553.00	551.00	550.00	549.00	548.00	548.00	547.00	547.00	546.00	545.00
690.00	691.00	692.00	694.00	695.00	696.00	697.00	698.00	699.00	701.00	703.00	705.00	707.00	708.00	711.00	712.00	712.00	712.00	712.00	712.00	712.00	713.00	717.00	721.00	721.00	720.00	720.00	720.00	720.00	719.00	719.00	719.00	718.00	718.00	717.00	716.00	716.00	714.00	713.00	712.00	711.00	709.00	708.00	707.00	706.00	691.00	651.00	650.00	648.00	646.00	644.00	643.00	643.00	643.00	645.00	643.00	643.00	643.00	641.00	639.00	639.00	641.00	641.00	638.00	637.00	637.00	636.00	637.00	638.00	638.00	638.00	637.00	634.00	629.00	627.00	628.00	631.00	640.00	644.00	651.00	655.00	658.00	661.00	658.00	656.00	651.00	648.00	649.00	649.00	652.00	655.00	656.00	656.00	657.00	658.00	660.00	658.00	658.00	656.00	646.00	640.00	633.00	627.00	617.00	609.00	603.00	597.00	592.00	576.00	573.00	569.00	568.00	568.00	574.00	578.00	581.00	581.00	578.00	567.00	562.00	557.00	551.00	538.00	534.00	535.00	536.00	540.00	542.00	539.00	525.00	516.00	495.00	487.00	484.00	485.00	483.00	483.00	486.00	494.00	507.00	511.00	517.00	523.00	528.00	533.00	537.00	543.00	544.00	545.00	547.00	546.00	547.00	546.00	545.00	547.00	555.00	560.00	560.00	562.00	561.00	562.00	563.00	568.00	569.00	568.00	564.00	561.00	558.00	562.00	568.00	573.00	584.00	585.00	588.00	591.00	591.00	589.00	590.00	591.00	588.00	589.00	587.00	590.00	591.00	593.00	598.00	598.00	602.00	607.00	619.00	622.00	629.00	635.00	636.00	638.00	638.00	639.00	639.00	640.00	641.00	642.00	643.00	644.00	622.00	612.00	611.00	610.00	608.00	607.00	605.00	603.00	602.00	599.00	598.00	597.00	595.00	591.00	588.00	586.00	584.00	582.00	579.00	578.00	577.00	576.00	575.00	575.00	574.00	573.00	572.00	571.00	571.00	570.00	569.00	567.00	566.00	566.00	565.00	563.00	562.00	561.00	560.00	559.00	557.00	555.00	553.00	553.00	551.00	550.00	549.00	548.00	548.00	547.00	547.00	546.00	545.00
690.00	691.00	692.00	694.00	695.00	696.00	697.00	698.00	699.00	701.00	703.00	705.00	707.00	708.00	711.00	712.00	712.00	712.00	712.00	712.00	712.00	713.00	717.00	721.00	721.00	720.00	720.00	720.00	720.00	719.00	719.00	719.00	718.00	718.00	717.00	716.00	716.00	714.00	713.00	712.00	711.00	709.00	708.00	707.00	706.00	691.00	651.00	650.00	648.00	646.00	644.00	643.00	643.00	643.00	645.00	643.00	643.00	643.00	641.00	639.00	639.00	641.00	641.00	638.00	637.00	637.00	636.00	637.00	638.00	638.00	638.00	637.00	634.00	629.00	627.00	628.00	631.00	640.00	644.00	651.00	655.00	658.00	661.00	658.00	656.00	651.00	648.00	649.00	649.00	652.00	655.00	656.00	656.00	657.00	658.00	660.00	658.00	658.00	656.00	646.00	640.00	633.00	627.00	617.00	609.00	603.00	597.00	592.00	576.00	573.00	569.00	568.00	568.00	574.00	578.00	581.00	581.00	578.00	567.00	562.00	557.00	551.00	538.00	534.00	535.00	536.00	540.00	542.00	539.00	525.00	516.00	495.00	487.00	484.00	485.00	483.00	483.00	486.00	494.00	507.00	511.00	517.00	523.00	528.00	533.00	537.00	543.00	544.00	545.00	547.00	546.00	547.00	546.00	545.00	547.00	555.00	560.00	560.00	562.00	561.00	562.00	563.00	568.00	569.00	568.00	564.00	561.00	558.00	562.00	568.00	573.00	584.00	585.00	588.00	591.00	591.00	589.00	590.00	591.00	588.00	589.00	587.00	590.00	591.00	593.00	598.00	598.00	602.00	607.00	619.00	622.00	629.00	635.00	636.00	638.00	638.00	639.00	639.00	640.00	641.00	642.00	643.00	644.00	622.00	612.00	611.00	610.00	608.00	607.00	605.00	603.00	602.00	599.00	598.00	597.00	595.00	591.00	588.00	586.00	584.00	582.00	579.00	578.00	577.00	576.00	575.00	575.00	574.00	573.00	572.00	571.00	571.00	570.00	569.00	567.00	566.00	566.00	565.00	563.00	562.00	561.00	560.00	559.00	557.00	555.00	553.00	553.00	551.00	550.00	549.00	548.00	548.00	547.00	547.00	546.00	545.00
690.00	691.00	692.00	694.00	695.00	696.00	697.00	698.00	699.00	701.00	703.00	705.00	707.00	708.00	711.00	712.00	712.00	712.00	712.00	712.00	712.00	713.00	717.00	721.00	721.00	720.00	720.00	720.00	720.00	719.00	719.00	719.00	718.00	718.00	717.00	716.00	716.00	714.00	713.00	712.00	711.00	709.00	708.00	707.00	706.00	691.00	651.00	650.00	648.00	646.00	644.00	643.00	643.00	643.00	645.00	643.00	643.00	643.00	641.00	639.00	639.00	641.00	641.00	638.00	637.00	637.00	636.00	637.00	638.00	638.00	638.00	637.00	634.00	629.00	627.00	628.00	631.00	640.00	644.00	651.00	655.00	658.00	661.00	658.00	656.00	651.00	648.00	649.00	649.00	652.00	655.00	656.00	656.00	657.00	658.00	660.00	658.00	658.00	656.00	646.00	640.00	633.00	627.00	617.00	609.00	603.00	597.00	592.00	576.00	573.00	569.00	568.00	568.00	574.00	578.00	581.00	581.00	578.00	567.00	562.00	557.00	551.00	538.00	534.00	535.00	536.00	540.00	542.00	539.00	525.00	516.00	495.00	487.00	484.00	485.00	483.00	483.00	486.00	494.00	507.00	511.00	517.00	523.00	528.00	533.00	537.00	543.00	544.00	545.00	547.00	546.00	547.00	546.00	545.00	547.00	555.00	560.00	560.00	562.00	561.00	562.00	563.00	568.00	569.00	568.00	564.00	561.00	558.00	562.00	568.00	573.00	584.00	585.00	588.00	591.00	591.00	589.00	590.00	591.00	588.00	589.00	587.00	590.00	591.00	593.00	598.00	598.00	602.00	607.00	619.00	622.00	629.00	635.00	636.00	638.00	638.00	639.00	639.00	640.00	641.00	642.00	643.00	644.00	622.00	612.00	611.00	610.00	608.00	607.00	605.00	603.00	602.00	599.00	598.00	597.00	595.00	591.00	588.00	586.00	584.00	582.00	579.00	578.00	577.00	576.00	575.00	575.00	574.00	573.00	572.00	571.00	571.00	570.00	569.00	567.00	566.00	566.00	565.00	563.00	562.00	561.00	560.00	559.00	557.00	555.00	553.00	553.00	551.00	550.00	549.00	548.00	548.00	547.00	547.00	546.00	545.00
691.00	693.00	694.00	695.00	696.00	698.00	699.00	700.00	701.00	703.00	707.00	709.00	711.00	712.00	716.00	716.00	717.00	717.00	718.00	718.00	718.00	719.00	723.00	726.00	726.00	725.00	725.00	725.00	725.00	725.00	725.00	725.00	724.00	724.00	724.00	723.00	723.00	721.00	720.00	719.00	718.00	717.00	715.00	714.00	713.00	698.00	656.00	655.00	656.00	656.00	657.00	657.00	656.00	654.00	653.00	650.00	648.00	648.00	650.00	648.00	647.00	647.00	650.00	649.00	648.00	646.00	647.00	647.00	645.00	644.00	643.00	640.00	640.00	637.00	637.00	636.00	637.00	643.00	650.00	655.00	658.00	661.00	668.00	671.00	669.00	670.00	663.00	660.00	659.00	657.00	658.00	659.00	662.00	666.00	667.00	669.00	668.00	660.00	658.00	654.00	651.00	649.00	647.00	645.00	639.00	636.00	634.00	629.00	607.00	599.00	594.00	592.00	593.00	597.00	599.00	600.00	600.00	593.00	591.00	585.00	581.00	577.00	567.00	562.00	555.00	550.00	543.00	539.00	534.00	526.00	520.00	514.00	520.00	528.00	533.00	530.00	524.00	519.00	526.00	551.00	545.00	537.00	536.00	541.00	551.00	556.00	558.00	558.00	557.00	560.00	559.00	556.00	553.00	547.00	547.00	552.00	554.00	556.00	564.00	569.00	569.00	571.00	574.00	572.00	571.00	570.00	572.00	568.00	568.00	568.00	572.00	590.00	595.00	599.00	599.00	597.00	593.00	591.00	590.00	588.00	587.00	589.00	589.00	590.00	591.00	600.00	607.00	614.00	617.00	622.00	627.00	630.00	637.00	640.00	643.00	644.00	644.00	644.00	645.00	645.00	646.00	646.00	647.00	619.00	607.00	606.00	605.00	603.00	602.00	601.00	600.00	599.00	596.00	594.00	593.00	590.00	585.00	583.00	581.00	580.00	579.00	577.00	576.00	575.00	575.00	573.00	573.00	572.00	571.00	569.00	569.00	568.00	567.00	567.00	564.00	563.00	563.00	562.00	560.00	559.00	558.00	557.00	556.00	553.00	551.00	550.00	549.00	547.00	547.00	546.00	545.00	545.00	544.00	543.00	542.00	542.00
691.00	693.00	694.00	695.00	696.00	698.00	699.00	700.00	701.00	703.00	707.00	709.00	711.00	712.00	716.00	716.00	717.00	717.00	718.00	718.00	718.00	719.00	723.00	726.00	726.00	725.00	725.00	725.00	725.00	725.00	725.00	725.00	724.00	724.00	724.00	723.00	723.00	721.00	720.00	719.00	718.00	717.00	715.00	714.00	713.00	698.00	656.00	655.00	656.00	656.00	657.00	657.00	656.00	654.00	653.00	650.00	648.00	648.00	650.00	648.00	647.00	647.00	650.00	649.00	648.00	646.00	647.00	647.00	645.00	644.00	643.00	640.00	640.00	637.00	637.00	636.00	637.00	643.00	650.00	655.00	658.00	661.00	668.00	671.00	669.00	670.00	663.00	660.00	659.00	657.00	658.00	659.00	662.00	666.00	667.00	669.00	668.00	660.00	658.00	654.00	651.00	649.00	647.00	645.00	639.00	636.00	634.00	629.00	607.00	599.00	594.00	592.00	593.00	597.00	599.00	600.00	600.00	593.00	591.00	585.00	581.00	577.00	567.00	562.00	555.00	550.00	543.00	539.00	534.00	526.00	520.00	514.00	520.00	528.00	533.00	530.00	524.00	519.00	526.00	551.00	545.00	537.00	536.00	541.00	551.00	556.00	558.00	558.00	557.00	560.00	559.00	556.00	553.00	547.00	547.00	552.00	554.00	556.00	564.00	569.00	569.00	571.00	574.00	572.00	571.00	570.00	572.00	568.00	568.00	568.00	572.00	590.00	595.00	599.00	599.00	597.00	593.00	591.00	590.00	588.00	587.00	589.00	589.00	590.00	591.00	600.00	607.00	614.00	617.00	622.00	627.00	630.00	637.00	640.00	643.00	644.00	644.00	644.00	645.00	645.00	646.00	646.00	647.00	619.00	607.00	606.00	605.00	603.00	602.00	601.00	600.00	599.00	596.00	594.00	593.00	590.00	585.00	583.00	581.00	580.00	579.00	577.00	576.00	575.00	575.00	573.00	573.00	572.00	571.00	569.00	569.00	568.00	567.00	567.00	564.00	563.00	563.00	562.00	560.00	559.00	558.00	557.00	556.00	553.00	551.00	550.00	549.00	547.00	547.00	546.00	545.00	545.00	544.00	543.00	542.00	542.00
691.00	693.00	694.00	695.00	696.00	698.00	699.00	700.00	701.00	703.00	707.00	709.00	711.00	712.00	716.00	716.00	717.00	717.00	718.00	718.00	718.00	719.00	723.00	726.00	726.00	725.00	725.00	725.00	725.00	725.00	725.00	725.00	724.00	724.00	724.00	723.00	723.00	721.00	720.00	719.00	718.00	717.00	715.00	714.00	713.00	698.00	656.00	655.00	656.00	656.00	657.00	657.00	656.00	654.00	653.00	650.00	648.00	648.00	650.00	648.00	647.00	647.00	650.00	649.00	648.00	646.00	647.00	647.00	645.00	644.00	643.00	640.00	640.00	637.00	637.00	636.00	637.00	643.00	650.00	655.00	658.00	661.00	668.00	671.00	669.00	670.00	663.00	660.00	659.00	657.00	658.00	659.00	662.00	666.00	667.00	669.00	668.00	660.00	658.00	654.00	651.00	649.00	647.00	645.00	639.00	636.00	634.00	629.00	607.00	599.00	594.00	592.00	593.00	597.00	599.00	600.00	600.00	593.00	591.00	585.00	581.00	577.00	567.00	562.00	555.00	550.00	543.00	539.00	534.00	526.00	520.00	514.00	520.00	528.00	533.00	530.00	524.00	519.00	526.00	551.00	545.00	537.00	536.00	541.00	551.00	556.00	558.00	558.00	557.00	560.00	559.00	556.00	553.00	547.00	547.00	552.00	554.00	556.00	564.00	569.00	569.00	571.00	574.00	572.00	571.00	570.00	572.00	568.00	568.00	568.00	572.00	590.00	595.00	599.00	599.00	597.00	593.00	591.00	590.00	588.00	587.00	589.00	589.00	590.00	591.00	600.00	607.00	614.00	617.00	622.00	627.00	630.00	637.00	640.00	643.00	644.00	644.00	644.00	645.00	645.00	646.00	646.00	647.00	619.00	607.00	606.00	605.00	603.00	602.00	601.00	600.00	599.00	596.00	594.00	593.00	590.00	585.00	583.00	581.00	580.00	579.00	577.00	576.00	575.00	575.00	573.00	573.00	572.00	571.00	569.00	569.00	568.00	567.00	567.00	564.00	563.00	563.00	562.00	560.00	559.00	558.00	557.00	556.00	553.00	551.00	550.00	549.00	547.00	547.00	546.00	545.00	545.00	544.00	543.00	542.00	542.00
691.00	693.00	694.00	696.00	697.00	698.00	700.00	701.00	702.00	705.00	708.00	710.00	712.00	714.00	717.00	718.00	719.00	720.00	721.00	722.00	723.00	724.00	728.00	731.00	731.00	731.00	731.00	731.00	731.00	731.00	731.00	731.00	731.00	730.00	729.00	729.00	728.00	727.00	726.00	725.00	724.00	722.00	721.00	721.00	719.00	703.00	658.00	658.00	658.00	659.00	663.00	668.00	670.00	669.00	668.00	665.00	665.00	663.00	662.00	662.00	662.00	659.00	659.00	657.00	658.00	656.00	655.00	654.00	655.00	656.00	658.00	657.00	656.00	650.00	651.00	652.00	648.00	650.00	656.00	662.00	665.00	666.00	669.00	668.00	670.00	672.00	679.00	681.00	681.00	677.00	673.00	669.00	666.00	665.00	667.00	673.00	676.00	675.00	675.00	666.00	663.00	660.00	660.00	657.00	648.00	644.00	640.00	637.00	628.00	622.00	616.00	611.00	609.00	608.00	608.00	605.00	603.00	599.00	599.00	598.00	598.00	598.00	594.00	594.00	593.00	591.00	578.00	571.00	565.00	555.00	551.00	545.00	544.00	545.00	547.00	544.00	538.00	539.00	549.00	567.00	565.00	563.00	565.00	567.00	570.00	572.00	574.00	575.00	578.00	571.00	565.00	559.00	555.00	547.00	548.00	553.00	557.00	560.00	567.00	575.00	589.00	589.00	584.00	586.00	587.00	590.00	592.00	588.00	586.00	588.00	590.00	594.00	593.00	591.00	588.00	586.00	585.00	586.00	585.00	583.00	580.00	577.00	577.00	583.00	590.00	609.00	617.00	628.00	634.00	644.00	644.00	644.00	643.00	645.00	648.00	649.00	649.00	649.00	649.00	649.00	650.00	650.00	651.00	617.00	602.00	601.00	601.00	599.00	598.00	597.00	597.00	596.00	591.00	589.00	587.00	585.00	581.00	580.00	579.00	578.00	577.00	576.00	575.00	573.00	573.00	571.00	570.00	570.00	569.00	567.00	566.00	566.00	565.00	564.00	562.00	561.00	560.00	559.00	557.00	556.00	555.00	554.00	553.00	550.00	548.00	547.00	547.00	545.00	544.00	543.00	543.00	542.00	542.00	541.00	539.00	539.00
691.00	693.00	694.00	696.00	697.00	698.00	700.00	701.00	702.00	705.00	708.00	710.00	712.00	714.00	717.00	718.00	719.00	720.00	721.00	722.00	723.00	724.00	728.00	731.00	731.00	731.00	731.00	731.00	731.00	731.00	731.00	731.00	731.00	730.00	729.00	729.00	728.00	727.00	726.00	725.00	724.00	722.00	721.00	721.00	719.00	703.00	658.00	658.00	658.00	659.00	663.00	668.00	670.00	669.00	668.00	665.00	665.00	663.00	662.00	662.00	662.00	659.00	659.00	657.00	658.00	656.00	655.00	654.00	655.00	656.00	658.00	657.00	656.00	650.00	651.00	652.00	648.00	650.00	656.00	662.00	665.00	666.00	669.00	668.00	670.00	672.00	679.00	681.00	681.00	677.00	673.00	669.00	666.00	665.00	667.00	673.00	676.00	675.00	675.00	666.00	663.00	660.00	660.00	657.00	648.00	644.00	640.00	637.00	628.00	622.00	616.00	611.00	609.00	608.00	608.00	605.00	603.00	599.00	599.00	598.00	598.00	598.00	594.00	594.00	593.00	591.00	578.00	571.00	565.00	555.00	551.00	545.00	544.00	545.00	547.00	544.00	538.00	539.00	549.00	567.00	565.00	563.00	565.00	567.00	570.00	572.00	574.00	575.00	578.00	571.00	565.00	559.00	555.00	547.00	548.00	553.00	557.00	560.00	567.00	575.00	589.00	589.00	584.00	586.00	587.00	590.00	592.00	588.00	586.00	588.00	590.00	594.00	593.00	591.00	588.00	586.00	585.00	586.00	585.00	583.00	580.00	577.00	577.00	583.00	590.00	609.00	617.00	628.00	634.00	644.00	644.00	644.00	643.00	645.00	648.00	649.00	649.00	649.00	649.00	649.00	650.00	650.00	651.00	617.00	602.00	601.00	601.00	599.00	598.00	597.00	597.00	596.00	591.00	589.00	587.00	585.00	581.00	580.00	579.00	578.00	577.00	576.00	575.00	573.00	573.00	571.00	570.00	570.00	569.00	567.00	566.00	566.00	565.00	564.00	562.00	561.00	560.00	559.00	557.00	556.00	555.00	554.00	553.00	550.00	548.00	547.00	547.00	545.00	544.00	543.00	543.00	542.00	542.00	541.00	539.00	539.00
691.00	693.00	694.00	696.00	697.00	698.00	700.00	701.00	702.00	705.00	708.00	710.00	712.00	714.00	717.00	718.00	719.00	720.00	721.00	722.00	723.00	724.00	728.00	731.00	731.00	731.00	731.00	731.00	731.00	731.00	731.00	731.00	731.00	730.00	729.00	729.00	728.00	727.00	726.00	725.00	724.00	722.00	721.00	721.00	719.00	703.00	658.00	658.00	658.00	659.00	663.00	668.00	670.00	669.00	668.00	665.00	665.00	663.00	662.00	662.00	662.00	659.00	659.00	657.00	658.00	656.00	655.00	654.00	655.00	656.00	658.00	657.00	656.00	650.00	651.00	652.00	648.00	650.00	656.00	662.00	665.00	666.00	669.00	668.00	670.00	672.00	679.00	681.00	681.00	677.00	673.00	669.00	666.00	665.00	667.00	673.00	676.00	675.00	675.00	666.00	663.00	660.00	660.00	657.00	648.00	644.00	640.00	637.00	628.00	622.00	616.00	611.00	609.00	608.00	608.00	605.00	603.00	599.00	599.00	598.00	598.00	598.00	594.00	594.00	593.00	591.00	578.00	571.00	565.00	555.00	551.00	545.00	544.00	545.00	547.00	544.00	538.00	539.00	549.00	567.00	565.00	563.00	565.00	567.00	570.00	572.00	574.00	575.00	578.00	571.00	565.00	559.00	555.00	547.00	548.00	553.00	557.00	560.00	567.00	575.00	589.00	589.00	584.00	586.00	587.00	590.00	592.00	588.00	586.00	588.00	590.00	594.00	593.00	591.00	588.00	586.00	585.00	586.00	585.00	583.00	580.00	577.00	577.00	583.00	590.00	609.00	617.00	628.00	634.00	644.00	644.00	644.00	643.00	645.00	648.00	649.00	649.00	649.00	649.00	649.00	650.00	650.00	651.00	617.00	602.00	601.00	601.00	599.00	598.00	597.00	597.00	596.00	591.00	589.00	587.00	585.00	581.00	580.00	579.00	578.00	577.00	576.00	575.00	573.00	573.00	571.00	570.00	570.00	569.00	567.00	566.00	566.00	565.00	564.00	562.00	561.00	560.00	559.00	557.00	556.00	555.00	554.00	553.00	550.00	548.00	547.00	547.00	545.00	544.00	543.00	543.00	542.00	542.00	541.00	539.00	539.00
691.00	693.00	694.00	695.00	696.00	698.00	699.00	701.00	702.00	705.00	708.00	710.00	712.00	714.00	717.00	718.00	719.00	720.00	721.00	724.00	725.00	729.00	735.00	741.00	740.00	740.00	740.00	739.00	739.00	738.00	738.00	738.00	737.00	737.00	735.00	735.00	734.00	732.00	732.00	731.00	730.00	728.00	727.00	726.00	725.00	714.00	680.00	680.00	681.00	680.00	675.00	672.00	669.00	668.00	670.00	677.00	681.00	681.00	680.00	677.00	676.00	678.00	677.00	679.00	676.00	675.00	667.00	664.00	662.00	661.00	661.00	661.00	661.00	664.00	663.00	663.00	663.00	665.00	666.00	669.00	673.00	675.00	677.00	681.00	684.00	686.00	686.00	684.00	683.00	683.00	681.00	682.00	684.00	684.00	684.00	677.00	676.00	674.00	674.00	674.00	672.00	666.00	662.00	656.00	643.00	637.00	631.00	625.00	617.00	617.00	614.00	612.00	614.00	620.00	621.00	619.00	618.00	620.00	627.00	628.00	627.00	624.00	620.00	617.00	614.00	612.00	608.00	606.00	603.00	598.00	597.00	590.00	584.00	582.00	580.00	571.00	564.00	560.00	561.00	564.00	578.00	582.00	586.00	589.00	595.00	595.00	593.00	589.00	589.00	586.00	582.00	577.00	575.00	579.00	577.00	581.00	582.00	581.00	586.00	594.00	610.00	613.00	610.00	605.00	601.00	600.00	600.00	602.00	605.00	606.00	603.00	596.00	594.00	591.00	587.00	584.00	580.00	580.00	581.00	578.00	582.00	588.00	591.00	596.00	605.00	630.00	637.00	639.00	643.00	652.00	657.00	661.00	661.00	656.00	653.00	653.00	654.00	654.00	654.00	655.00	655.00	656.00	657.00	617.00	599.00	598.00	598.00	596.00	596.00	595.00	594.00	592.00	586.00	585.00	584.00	582.00	579.00	578.00	577.00	577.00	575.00	574.00	573.00	572.00	571.00	569.00	568.00	567.00	566.00	564.00	564.00	563.00	562.00	562.00	559.00	558.00	557.00	556.00	554.00	553.00	552.00	551.00	550.00	548.00	546.00	545.00	544.00	543.00	542.00	541.00	541.00	540.00	538.00	537.00	535.00	534.00
691.00	693.00	694.00	695.00	696.00	698.00	699.00	701.00	702.00	705.00	708.00	710.00	712.00	714.00	717.00	718.00	719.00	720.00	721.00	724.00	725.00	729.00	735.00	741.00	740.00	740.00	740.00	739.00	739.00	738.00	738.00	738.00	737.00	737.00	735.00	735.00	734.00	732.00	732.00	731.00	730.00	728.00	727.00	726.00	725.00	714.00	680.00	680.00	681.00	680.00	675.00	672.00	669.00	668.00	670.00	677.00	681.00	681.00	680.00	677.00	676.00	678.00	677.00	679.00	676.00	675.00	667.00	664.00	662.00	661.00	661.00	661.00	661.00	664.00	663.00	663.00	663.00	665.00	666.00	669.00	673.00	675.00	677.00	681.00	684.00	686.00	686.00	684.00	683.00	683.00	681.00	682.00	684.00	684.00	684.00	677.00	676.00	674.00	674.00	674.00	672.00	666.00	662.00	656.00	643.00	637.00	631.00	625.00	617.00	617.00	614.00	612.00	614.00	620.00	621.00	619.00	618.00	620.00	627.00	628.00	627.00	624.00	620.00	617.00	614.00	612.00	608.00	606.00	603.00	598.00	597.00	590.00	584.00	582.00	580.00	571.00	564.00	560.00	561.00	564.00	578.00	582.00	586.00	589.00	595.00	595.00	593.00	589.00	589.00	586.00	582.00	577.00	575.00	579.00	577.00	581.00	582.00	581.00	586.00	594.00	610.00	613.00	610.00	605.00	601.00	600.00	600.00	602.00	605.00	606.00	603.00	596.00	594.00	591.00	587.00	584.00	580.00	580.00	581.00	578.00	582.00	588.00	591.00	596.00	605.00	630.00	637.00	639.00	643.00	652.00	657.00	661.00	661.00	656.00	653.00	653.00	654.00	654.00	654.00	655.00	655.00	656.00	657.00	617.00	599.00	598.00	598.00	596.00	596.00	595.00	594.00	592.00	586.00	585.00	584.00	582.00	579.00	578.00	577.00	577.00	575.00	574.00	573.00	572.00	571.00	569.00	568.00	567.00	566.00	564.00	564.00	563.00	562.00	562.00	559.00	558.00	557.00	556.00	554.00	553.00	552.00	551.00	550.00	548.00	546.00	545.00	544.00	543.00	542.00	541.00	541.00	540.00	538.00	537.00	535.00	534.00
691.00	693.00	694.00	695.00	696.00	698.00	699.00	701.00	702.00	705.00	708.00	710.00	712.00	714.00	717.00	718.00	719.00	720.00	721.00	724.00	725.00	729.00	735.00	741.00	740.00	740.00	740.00	739.00	739.00	738.00	738.00	738.00	737.00	737.00	735.00	735.00	734.00	732.00	732.00	731.00	730.00	728.00	727.00	726.00	725.00	714.00	680.00	680.00	681.00	680.00	675.00	672.00	669.00	668.00	670.00	677.00	681.00	681.00	680.00	677.00	676.00	678.00	677.00	679.00	676.00	675.00	667.00	664.00	662.00	661.00	661.00	661.00	661.00	664.00	663.00	663.00	663.00	665.00	666.00	669.00	673.00	675.00	677.00	681.00	684.00	686.00	686.00	684.00	683.00	683.00	681.00	682.00	684.00	684.00	684.00	677.00	676.00	674.00	674.00	674.00	672.00	666.00	662.00	656.00	643.00	637.00	631.00	625.00	617.00	617.00	614.00	612.00	614.00	620.00	621.00	619.00	618.00	620.00	627.00	628.00	627.00	624.00	620.00	617.00	614.00	612.00	608.00	606.00	603.00	598.00	597.00	590.00	584.00	582.00	580.00	571.00	564.00	560.00	561.00	564.00	578.00	582.00	586.00	589.00	595.00	595.00	593.00	589.00	589.00	586.00	582.00	577.00	575.00	579.00	577.00	581.00	582.00	581.00	586.00	594.00	610.00	613.00	610.00	605.00	601.00	600.00	600.00	602.00	605.00	606.00	603.00	596.00	594.00	591.00	587.00	584.00	580.00	580.00	581.00	578.00	582.00	588.00	591.00	596.00	605.00	630.00	637.00	639.00	643.00	652.00	657.00	661.00	661.00	656.00	653.00	653.00	654.00	654.00	654.00	655.00	655.00	656.00	657.00	617.00	599.00	598.00	598.00	596.00	596.00	595.00	594.00	592.00	586.00	585.00	584.00	582.00	579.00	578.00	577.00	577.00	575.00	574.00	573.00	572.00	571.00	569.00	568.00	567.00	566.00	564.00	564.00	563.00	562.00	562.00	559.00	558.00	557.00	556.00	554.00	553.00	552.00	551.00	550.00	548.00	546.00	545.00	544.00	543.00	542.00	541.00	541.00	540.00	538.00	537.00	535.00	534.00
696.00	698.00	700.00	702.00	704.00	706.00	707.00	707.00	708.00	711.00	715.00	716.00	718.00	720.00	722.00	723.00	724.00	725.00	726.00	728.00	730.00	734.00	741.00	748.00	747.00	747.00	747.00	748.00	746.00	746.00	746.00	746.00	747.00	747.00	747.00	746.00	745.00	744.00	745.00	744.00	742.00	742.00	742.00	741.00	740.00	733.00	712.00	715.00	719.00	721.00	714.00	707.00	706.00	703.00	700.00	697.00	702.00	706.00	710.00	709.00	712.00	714.00	710.00	707.00	706.00	706.00	704.00	699.00	693.00	695.00	694.00	696.00	698.00	696.00	698.00	697.00	693.00	698.00	695.00	696.00	703.00	705.00	697.00	697.00	699.00	701.00	704.00	700.00	699.00	697.00	695.00	692.00	692.00	695.00	698.00	698.00	696.00	688.00	684.00	683.00	682.00	678.00	674.00	672.00	662.00	655.00	649.00	642.00	634.00	639.00	642.00	645.00	646.00	654.00	655.00	654.00	653.00	647.00	647.00	653.00	657.00	656.00	648.00	647.00	646.00	641.00	635.00	630.00	628.00	630.00	632.00	631.00	623.00	618.00	618.00	612.00	606.00	603.00	599.00	604.00	609.00	612.00	621.00	622.00	626.00	626.00	622.00	621.00	619.00	616.00	617.00	617.00	619.00	620.00	618.00	617.00	617.00	617.00	615.00	622.00	630.00	636.00	631.00	631.00	628.00	624.00	625.00	628.00	630.00	629.00	628.00	621.00	619.00	620.00	622.00	620.00	610.00	608.00	613.00	615.00	615.00	620.00	621.00	626.00	635.00	663.00	668.00	663.00	659.00	666.00	671.00	675.00	675.00	670.00	668.00	668.00	668.00	668.00	669.00	669.00	670.00	670.00	672.00	644.00	631.00	630.00	630.00	628.00	628.00	627.00	627.00	625.00	621.00	620.00	620.00	618.00	616.00	616.00	615.00	614.00	614.00	613.00	613.00	611.00	611.00	609.00	609.00	608.00	608.00	607.00	606.00	605.00	605.00	604.00	603.00	602.00	601.00	601.00	600.00	599.00	598.00	598.00	597.00	595.00	595.00	595.00	594.00	594.00	594.00	594.00	593.00	593.00	591.00	590.00	589.00	589.00
696.00	698.00	700.00	702.00	704.00	706.00	707.00	707.00	708.00	711.00	715.00	716.00	718.00	720.00	722.00	723.00	724.00	725.00	726.00	728.00	730.00	734.00	741.00	748.00	747.00	747.00	747.00	748.00	746.00	746.00	746.00	746.00	747.00	747.00	747.00	746.00	745.00	744.00	745.00	744.00	742.00	742.00	742.00	741.00	740.00	733.00	712.00	715.00	719.00	721.00	714.00	707.00	706.00	703.00	700.00	697.00	702.00	706.00	710.00	709.00	712.00	714.00	710.00	707.00	706.00	706.00	704.00	699.00	693.00	695.00	694.00	696.00	698.00	696.00	698.00	697.00	693.00	698.00	695.00	696.00	703.00	705.00	697.00	697.00	699.00	701.00	704.00	700.00	699.00	697.00	695.00	692.00	692.00	695.00	698.00	698.00	696.00	688.00	684.00	683.00	682.00	678.00	674.00	672.00	662.00	655.00	649.00	642.00	634.00	639.00	642.00	645.00	646.00	654.00	655.00	654.00	653.00	647.00	647.00	653.00	657.00	656.00	648.00	647.00	646.00	641.00	635.00	630.00	628.00	630.00	632.00	631.00	623.00	618.00	618.00	612.00	606.00	603.00	599.00	604.00	609.00	612.00	621.00	622.00	626.00	626.00	622.00	621.00	619.00	616.00	617.00	617.00	619.00	620.00	618.00	617.00	617.00	617.00	615.00	622.00	630.00	636.00	631.00	631.00	628.00	624.00	625.00	628.00	630.00	629.00	628.00	621.00	619.00	620.00	622.00	620.00	610.00	608.00	613.00	615.00	615.00	620.00	621.00	626.00	635.00	663.00	668.00	663.00	659.00	666.00	671.00	675.00	675.00	670.00	668.00	668.00	668.00	668.00	669.00	669.00	670.00	670.00	672.00	644.00	631.00	630.00	630.00	628.00	628.00	627.00	627.00	625.00	621.00	620.00	620.00	618.00	616.00	616.00	615.00	614.00	614.00	613.00	613.00	611.00	611.00	609.00	609.00	608.00	608.00	607.00	606.00	605.00	605.00	604.00	603.00	602.00	601.00	601.00	600.00	599.00	598.00	598.00	597.00	595.00	595.00	595.00	594.00	594.00	594.00	594.00	593.00	593.00	591.00	590.00	589.00	589.00
696.00	698.00	700.00	702.00	704.00	706.00	707.00	707.00	708.00	711.00	715.00	716.00	718.00	720.00	722.00	723.00	724.00	725.00	726.00	728.00	730.00	734.00	741.00	748.00	747.00	747.00	747.00	748.00	746.00	746.00	746.00	746.00	747.00	747.00	747.00	746.00	745.00	744.00	745.00	744.00	742.00	742.00	742.00	741.00	740.00	733.00	712.00	715.00	719.00	721.00	714.00	707.00	706.00	703.00	700.00	697.00	702.00	706.00	710.00	709.00	712.00	714.00	710.00	707.00	706.00	706.00	704.00	699.00	693.00	695.00	694.00	696.00	698.00	696.00	698.00	697.00	693.00	698.00	695.00	696.00	703.00	705.00	697.00	697.00	699.00	701.00	704.00	700.00	699.00	697.00	695.00	692.00	692.00	695.00	698.00	698.00	696.00	688.00	684.00	683.00	682.00	678.00	674.00	672.00	662.00	655.00	649.00	642.00	634.00	639.00	642.00	645.00	646.00	654.00	655.00	654.00	653.00	647.00	647.00	653.00	657.00	656.00	648.00	647.00	646.00	641.00	635.00	630.00	628.00	630.00	632.00	631.00	623.00	618.00	618.00	612.00	606.00	603.00	599.00	604.00	609.00	612.00	621.00	622.00	626.00	626.00	622.00	621.00	619.00	616.00	617.00	617.00	619.00	620.00	618.00	617.00	617.00	617.00	615.00	622.00	630.00	636.00	631.00	631.00	628.00	624.00	625.00	628.00	630.00	629.00	628.00	621.00	619.00	620.00	622.00	620.00	610.00	608.00	613.00	615.00	615.00	620.00	621.00	626.00	635.00	663.00	668.00	663.00	659.00	666.00	671.00	675.00	675.00	670.00	668.00	668.00	668.00	668.00	669.00	669.00	670.00	670.00	672.00	644.00	631.00	630.00	630.00	628.00	628.00	627.00	627.00	625.00	621.00	620.00	620.00	618.00	616.00	616.00	615.00	614.00	614.00	613.00	613.00	611.00	611.00	609.00	609.00	608.00	608.00	607.00	606.00	605.00	605.00	604.00	603.00	602.00	601.00	601.00	600.00	599.00	598.00	598.00	597.00	595.00	595.00	595.00	594.00	594.00	594.00	594.00	593.00	593.00	591.00	590.00	589.00	589.00
707.00	711.00	714.00	718.00	719.00	720.00	721.00	721.00	722.00	724.00	728.00	729.00	731.00	733.00	735.00	736.00	737.00	738.00	738.00	740.00	741.00	743.00	746.00	750.00	749.00	750.00	750.00	750.00	751.00	751.00	751.00	751.00	752.00	752.00	753.00	752.00	752.00	753.00	753.00	753.00	752.00	753.00	753.00	753.00	753.00	750.00	741.00	742.00	745.00	746.00	743.00	740.00	740.00	739.00	738.00	736.00	738.00	741.00	742.00	742.00	742.00	744.00	742.00	740.00	740.00	740.00	739.00	737.00	734.00	734.00	734.00	735.00	736.00	736.00	737.00	737.00	735.00	737.00	734.00	734.00	736.00	735.00	729.00	729.00	729.00	729.00	727.00	725.00	723.00	721.00	718.00	716.00	716.00	716.00	717.00	715.00	713.00	708.00	706.00	704.00	703.00	701.00	699.00	697.00	692.00	688.00	685.00	681.00	676.00	678.00	680.00	681.00	681.00	684.00	685.00	684.00	684.00	681.00	681.00	683.00	684.00	683.00	679.00	678.00	677.00	674.00	671.00	668.00	666.00	667.00	667.00	666.00	663.00	660.00	660.00	656.00	653.00	652.00	650.00	651.00	653.00	654.00	658.00	659.00	660.00	660.00	658.00	658.00	657.00	655.00	655.00	656.00	656.00	657.00	656.00	655.00	655.00	656.00	655.00	658.00	662.00	664.00	662.00	662.00	661.00	659.00	660.00	661.00	663.00	663.00	663.00	661.00	660.00	661.00	662.00	662.00	658.00	657.00	660.00	661.00	663.00	667.00	668.00	671.00	675.00	687.00	690.00	687.00	686.00	689.00	691.00	692.00	693.00	690.00	689.00	689.00	689.00	689.00	690.00	690.00	690.00	690.00	691.00	687.00	684.00	684.00	683.00	683.00	683.00	683.00	682.00	682.00	680.00	680.00	679.00	680.00	679.00	679.00	679.00	679.00	678.00	678.00	678.00	678.00	678.00	678.00	678.00	678.00	678.00	678.00	677.00	677.00	678.00	678.00	678.00	678.00	678.00	678.00	679.00	679.00	679.00	679.00	680.00	680.00	681.00	682.00	683.00	684.00	684.00	685.00	686.00	685.00	686.00	686.00	687.00	687.00
707.00	711.00	714.00	718.00	719.00	720.00	721.00	721.00	722.00	724.00	728.00	729.00	731.00	733.00	735.00	736.00	737.00	738.00	738.00	740.00	741.00	743.00	746.00	750.00	749.00	750.00	750.00	750.00	751.00	751.00	751.00	751.00	752.00	752.00	753.00	752.00	752.00	753.00	753.00	753.00	752.00	753.00	753.00	753.00	753.00	750.00	741.00	742.00	745.00	746.00	743.00	740.00	740.00	739.00	738.00	736.00	738.00	741.00	742.00	742.00	742.00	744.00	742.00	740.00	740.00	740.00	739.00	737.00	734.00	734.00	734.00	735.00	736.00	736.00	737.00	737.00	735.00	737.00	734.00	734.00	736.00	735.00	729.00	729.00	729.00	729.00	727.00	725.00	723.00	721.00	718.00	716.00	716.00	716.00	717.00	715.00	713.00	708.00	706.00	704.00	703.00	701.00	699.00	697.00	692.00	688.00	685.00	681.00	676.00	678.00	680.00	681.00	681.00	684.00	685.00	684.00	684.00	681.00	681.00	683.00	684.00	683.00	679.00	678.00	677.00	674.00	671.00	668.00	666.00	667.00	667.00	666.00	663.00	660.00	660.00	656.00	653.00	652.00	650.00	651.00	653.00	654.00	658.00	659.00	660.00	660.00	658.00	658.00	657.00	655.00	655.00	656.00	656.00	657.00	656.00	655.00	655.00	656.00	655.00	658.00	662.00	664.00	662.00	662.00	661.00	659.00	660.00	661.00	663.00	663.00	663.00	661.00	660.00	661.00	662.00	662.00	658.00	657.00	660.00	661.00	663.00	667.00	668.00	671.00	675.00	687.00	690.00	687.00	686.00	689.00	691.00	692.00	693.00	690.00	689.00	689.00	689.00	689.00	690.00	690.00	690.00	690.00	691.00	687.00	684.00	684.00	683.00	683.00	683.00	683.00	682.00	682.00	680.00	680.00	679.00	680.00	679.00	679.00	679.00	679.00	678.00	678.00	678.00	678.00	678.00	678.00	678.00	678.00	678.00	678.00	677.00	677.00	678.00	678.00	678.00	678.00	678.00	678.00	679.00	679.00	679.00	679.00	680.00	680.00	681.00	682.00	683.00	684.00	684.00	685.00	686.00	685.00	686.00	686.00	687.00	687.00
707.00	711.00	714.00	718.00	719.00	720.00	721.00	721.00	722.00	724.00	728.00	729.00	731.00	733.00	735.00	736.00	737.00	738.00	738.00	740.00	741.00	743.00	746.00	750.00	749.00	750.00	750.00	750.00	751.00	751.00	751.00	751.00	752.00	752.00	753.00	752.00	752.00	753.00	753.00	753.00	752.00	753.00	753.00	753.00	753.00	750.00	741.00	742.00	745.00	746.00	743.00	740.00	740.00	739.00	738.00	736.00	738.00	741.00	742.00	742.00	742.00	744.00	742.00	740.00	740.00	740.00	739.00	737.00	734.00	734.00	734.00	735.00	736.00	736.00	737.00	737.00	735.00	737.00	734.00	734.00	736.00	735.00	729.00	729.00	729.00	729.00	727.00	725.00	723.00	721.00	718.00	716.00	716.00	716.00	717.00	715.00	713.00	708.00	706.00	704.00	703.00	701.00	699.00	697.00	692.00	688.00	685.00	681.00	676.00	678.00	680.00	681.00	681.00	684.00	685.00	684.00	684.00	681.00	681.00	683.00	684.00	683.00	679.00	678.00	677.00	674.00	671.00	668.00	666.00	667.00	667.00	666.00	663.00	660.00	660.00	656.00	653.00	652.00	650.00	651.00	653.00	654.00	658.00	659.00	660.00	660.00	658.00	658.00	657.00	655.00	655.00	656.00	656.00	657.00	656.00	655.00	655.00	656.00	655.00	658.00	662.00	664.00	662.00	662.00	661.00	659.00	660.00	661.00	663.00	663.00	663.00	661.00	660.00	661.00	662.00	662.00	658.00	657.00	660.00	661.00	663.00	667.00	668.00	671.00	675.00	687.00	690.00	687.00	686.00	689.00	691.00	692.00	693.00	690.00	689.00	689.00	689.00	689.00	690.00	690.00	690.00	690.00	691.00	687.00	684.00	684.00	683.00	683.00	683.00	683.00	682.00	682.00	680.00	680.00	679.00	680.00	679.00	679.00	679.00	679.00	678.00	678.00	678.00	678.00	678.00	678.00	678.00	678.00	678.00	678.00	677.00	677.00	678.00	678.00	678.00	678.00	678.00	678.00	679.00	679.00	679.00	679.00	680.00	680.00	681.00	682.00	683.00	684.00	684.00	685.00	686.00	685.00	686.00	686.00	687.00	687.00
707.00	711.00	714.00	718.00	719.00	720.00	721.00	721.00	722.00	724.00	728.00	729.00	731.00	733.00	735.00	736.00	737.00	738.00	738.00	740.00	741.00	743.00	746.00	750.00	749.00	750.00	750.00	750.00	751.00	751.00	751.00	751.00	752.00	752.00	753.00	752.00	752.00	753.00	753.00	753.00	752.00	753.00	753.00	753.00	753.00	750.00	741.00	742.00	745.00	746.00	743.00	740.00	740.00	739.00	738.00	736.00	738.00	741.00	742.00	742.00	742.00	744.00	742.00	740.00	740.00	740.00	739.00	737.00	734.00	734.00	734.00	735.00	736.00	736.00	737.00	737.00	735.00	737.00	734.00	734.00	736.00	735.00	729.00	729.00	729.00	729.00	727.00	725.00	723.00	721.00	718.00	716.00	716.00	716.00	717.00	715.00	713.00	708.00	706.00	704.00	703.00	701.00	699.00	697.00	692.00	688.00	685.00	681.00	676.00	678.00	680.00	681.00	681.00	684.00	685.00	684.00	684.00	681.00	681.00	683.00	684.00	683.00	679.00	678.00	677.00	674.00	671.00	668.00	666.00	667.00	667.00	666.00	663.00	660.00	660.00	656.00	653.00	652.00	650.00	651.00	653.00	654.00	658.00	659.00	660.00	660.00	658.00	658.00	657.00	655.00	655.00	656.00	656.00	657.00	656.00	655.00	655.00	656.00	655.00	658.00	662.00	664.00	662.00	662.00	661.00	659.00	660.00	661.00	663.00	663.00	663.00	661.00	660.00	661.00	662.00	662.00	658.00	657.00	660.00	661.00	663.00	667.00	668.00	671.00	675.00	687.00	690.00	687.00	686.00	689.00	691.00	692.00	693.00	690.00	689.00	689.00	689.00	689.00	690.00	690.00	690.00	690.00	691.00	687.00	684.00	684.00	683.00	683.00	683.00	683.00	682.00	682.00	680.00	680.00	679.00	680.00	679.00	679.00	679.00	679.00	678.00	678.00	678.00	678.00	678.00	678.00	678.00	678.00	678.00	678.00	677.00	677.00	678.00	678.00	678.00	678.00	678.00	678.00	679.00	679.00	679.00	679.00	680.00	680.00	681.00	682.00	683.00	684.00	684.00	685.00	686.00	685.00	686.00	686.00	687.00	687.00
723.00	729.00	731.00	735.00	737.00	741.00	742.00	744.00	745.00	747.00	748.00	748.00	749.00	749.00	750.00	750.00	751.00	752.00	752.00	752.00	752.00	753.00	753.00	755.00	755.00	755.00	755.00	755.00	756.00	757.00	757.00	758.00	759.00	759.00	760.00	760.00	761.00	761.00	762.00	762.00	762.00	763.00	763.00	763.00	763.00	764.00	763.00	763.00	764.00	764.00	765.00	764.00	765.00	765.00	765.00	765.00	765.00	766.00	766.00	766.00	766.00	766.00	766.00	766.00	766.00	765.00	765.00	766.00	765.00	764.00	764.00	764.00	764.00	764.00	765.00	764.00	764.00	763.00	763.00	763.00	762.00	761.00	759.00	758.00	757.00	756.00	751.00	750.00	748.00	746.00	742.00	740.00	739.00	738.00	737.00	733.00	732.00	730.00	729.00	725.00	724.00	723.00	721.00	720.00	718.00	717.00	716.00	715.00	711.00	711.00	710.00	709.00	708.00	708.00	708.00	707.00	707.00	706.00	706.00	705.00	705.00	705.00	704.00	704.00	703.00	703.00	701.00	701.00	700.00	698.00	697.00	696.00	695.00	694.00	693.00	692.00	691.00	691.00	690.00	689.00	689.00	688.00	688.00	687.00	687.00	686.00	686.00	685.00	685.00	684.00	684.00	684.00	684.00	684.00	684.00	684.00	684.00	684.00	685.00	685.00	686.00	686.00	687.00	687.00	687.00	688.00	688.00	689.00	690.00	690.00	691.00	692.00	692.00	693.00	694.00	695.00	696.00	698.00	699.00	700.00	702.00	703.00	704.00	704.00	704.00	705.00	706.00	706.00	706.00	707.00	707.00	708.00	708.00	707.00	707.00	707.00	707.00	707.00	707.00	707.00	707.00	707.00	707.00	707.00	707.00	707.00	707.00	707.00	706.00	706.00	706.00	706.00	705.00	705.00	705.00	705.00	705.00	705.00	705.00	705.00	705.00	705.00	705.00	705.00	706.00	706.00	706.00	707.00	707.00	708.00	708.00	709.00	710.00	710.00	712.00	713.00	714.00	714.00	715.00	716.00	717.00	718.00	719.00	721.00	723.00	723.00	724.00	725.00	725.00	725.00	725.00	725.00	725.00	725.00	725.00	725.00
723.00	729.00	731.00	735.00	737.00	741.00	742.00	744.00	745.00	747.00	748.00	748.00	749.00	749.00	750.00	750.00	751.00	752.00	752.00	752.00	752.00	753.00	753.00	755.00	755.00	755.00	755.00	755.00	756.00	757.00	757.00	758.00	759.00	759.00	760.00	760.00	761.00	761.00	762.00	762.00	762.00	763.00	763.00	763.00	763.00	764.00	763.00	763.00	764.00	764.00	765.00	764.00	765.00	765.00	765.00	765.00	765.00	766.00	766.00	766.00	766.00	766.00	766.00	766.00	766.00	765.00	765.00	766.00	765.00	764.00	764.00	764.00	764.00	764.00	765.00	764.00	764.00	763.00	763.00	763.00	762.00	761.00	759.00	758.00	757.00	756.00	751.00	750.00	748.00	746.00	742.00	740.00	739.00	738.00	737.00	733.00	732.00	730.00	729.00	725.00	724.00	723.00	721.00	720.00	718.00	717.00	716.00	715.00	711.00	711.00	710.00	709.00	708.00	708.00	708.00	707.00	707.00	706.00	706.00	705.00	705.00	705.00	704.00	704.00	703.00	703.00	701.00	701.00	700.00	698.00	697.00	696.00	695.00	694.00	693.00	692.00	691.00	691.00	690.00	689.00	689.00	688.00	688.00	687.00	687.00	686.00	686.00	685.00	685.00	684.00	684.00	684.00	684.00	684.00	684.00	684.00	684.00	684.00	685.00	685.00	686.00	686.00	687.00	687.00	687.00	688.00	688.00	689.00	690.00	690.00	691.00	692.00	692.00	693.00	694.00	695.00	696.00	698.00	699.00	700.00	702.00	703.00	704.00	704.00	704.00	705.00	706.00	706.00	706.00	707.00	707.00	708.00	708.00	707.00	707.00	707.00	707.00	707.00	707.00	707.00	707.00	707.00	707.00	707.00	707.00	707.00	707.00	707.00	706.00	706.00	706.00	706.00	705.00	705.00	705.00	705.00	705.00	705.00	705.00	705.00	705.00	705.00	705.00	705.00	706.00	706.00	706.00	707.00	707.00	708.00	708.00	709.00	710.00	710.00	712.00	713.00	714.00	714.00	715.00	716.00	717.00	718.00	719.00	721.00	723.00	723.00	724.00	725.00	725.00	725.00	725.00	725.00	725.00	725.00	725.00	725.00
740.00	745.00	747.00	750.00	751.00	754.00	754.00	755.00	756.00	757.00	757.00	757.00	757.00	758.00	758.00	759.00	759.00	760.00	760.00	760.00	760.00	761.00	761.00	761.00	761.00	762.00	762.00	762.00	762.00	763.00	763.00	763.00	764.00	764.00	765.00	765.00	765.00	766.00	767.00	767.00	767.00	768.00	769.00	769.00	769.00	771.00	772.00	772.00	773.00	773.00	774.00	774.00	775.00	776.00	776.00	778.00	778.00	779.00	780.00	781.00	780.00	780.00	779.00	779.00	779.00	778.00	777.00	777.00	776.00	775.00	775.00	774.00	774.00	774.00	774.00	772.00	772.00	771.00	771.00	770.00	769.00	768.00	768.00	767.00	767.00	766.00	764.00	763.00	762.00	761.00	759.00	757.00	755.00	753.00	752.00	747.00	745.00	742.00	740.00	736.00	735.00	733.00	732.00	731.00	729.00	728.00	727.00	726.00	722.00	721.00	720.00	718.00	717.00	715.00	714.00	714.00	713.00	711.00	710.00	709.00	709.00	708.00	708.00	707.00	708.00	707.00	707.00	707.00	706.00	705.00	705.00	704.00	703.00	702.00	702.00	700.00	699.00	698.00	697.00	695.00	694.00	694.00	693.00	693.00	692.00	692.00	691.00	690.00	691.00	689.00	689.00	689.00	688.00	689.00	688.00	689.00	689.00	689.00	689.00	690.00	690.00	691.00	691.00	692.00	692.00	692.00	693.00	693.00	694.00	694.00	695.00	698.00	699.00	700.00	701.00	702.00	704.00	705.00	705.00	705.00	706.00	707.00	707.00	708.00	708.00	709.00	709.00	709.00	710.00	710.00	710.00	710.00	710.00	710.00	710.00	710.00	710.00	710.00	710.00	710.00	710.00	710.00	710.00	710.00	709.00	709.00	709.00	709.00	709.00	709.00	709.00	709.00	709.00	709.00	709.00	710.00	710.00	710.00	709.00	710.00	710.00	710.00	710.00	710.00	711.00	711.00	711.00	712.00	712.00	713.00	714.00	714.00	715.00	716.00	719.00	720.00	721.00	722.00	723.00	724.00	725.00	725.00	725.00	725.00	725.00	725.00	725.00	725.00	725.00	725.00	725.00	725.00	726.00	726.00	727.00	727.00
740.00	745.00	747.00	750.00	751.00	754.00	754.00	755.00	756.00	757.00	757.00	757.00	757.00	758.00	758.00	759.00	759.00	760.00	760.00	760.00	760.00	761.00	761.00	761.00	761.00	762.00	762.00	762.00	762.00	763.00	763.00	763.00	764.00	764.00	765.00	765.00	765.00	766.00	767.00	767.00	767.00	768.00	769.00	769.00	769.00	771.00	772.00	772.00	773.00	773.00	774.00	774.00	775.00	776.00	776.00	778.00	778.00	779.00	780.00	781.00	780.00	780.00	779.00	779.00	779.00	778.00	777.00	777.00	776.00	775.00	775.00	774.00	774.00	774.00	774.00	772.00	772.00	771.00	771.00	770.00	769.00	768.00	768.00	767.00	767.00	766.00	764.00	763.00	762.00	761.00	759.00	757.00	755.00	753.00	752.00	747.00	745.00	742.00	740.00	736.00	735.00	733.00	732.00	731.00	729.00	728.00	727.00	726.00	722.00	721.00	720.00	718.00	717.00	715.00	714.00	714.00	713.00	711.00	710.00	709.00	709.00	708.00	708.00	707.00	708.00	707.00	707.00	707.00	706.00	705.00	705.00	704.00	703.00	702.00	702.00	700.00	699.00	698.00	697.00	695.00	694.00	694.00	693.00	693.00	692.00	692.00	691.00	690.00	691.00	689.00	689.00	689.00	688.00	689.00	688.00	689.00	689.00	689.00	689.00	690.00	690.00	691.00	691.00	692.00	692.00	692.00	693.00	693.00	694.00	694.00	695.00	698.00	699.00	700.00	701.00	702.00	704.00	705.00	705.00	705.00	706.00	707.00	707.00	708.00	708.00	709.00	709.00	709.00	710.00	710.00	710.00	710.00	710.00	710.00	710.00	710.00	710.00	710.00	710.00	710.00	710.00	710.00	710.00	710.00	709.00	709.00	709.00	709.00	709.00	709.00	709.00	709.00	709.00	709.00	709.00	710.00	710.00	710.00	709.00	710.00	710.00	710.00	710.00	710.00	711.00	711.00	711.00	712.00	712.00	713.00	714.00	714.00	715.00	716.00	719.00	720.00	721.00	722.00	723.00	724.00	725.00	725.00	725.00	725.00	725.00	725.00	725.00	725.00	725.00	725.00	725.00	725.00	726.00	726.00	727.00	727.00
740.00	745.00	747.00	750.00	751.00	754.00	754.00	755.00	756.00	757.00	757.00	757.00	757.00	758.00	758.00	759.00	759.00	760.00	760.00	760.00	760.00	761.00	761.00	761.00	761.00	762.00	762.00	762.00	762.00	763.00	763.00	763.00	764.00	764.00	765.00	765.00	765.00	766.00	767.00	767.00	767.00	768.00	769.00	769.00	769.00	771.00	772.00	772.00	773.00	773.00	774.00	774.00	775.00	776.00	776.00	778.00	778.00	779.00	780.00	781.00	780.00	780.00	779.00	779.00	779.00	778.00	777.00	777.00	776.00	775.00	775.00	774.00	774.00	774.00	774.00	772.00	772.00	771.00	771.00	770.00	769.00	768.00	768.00	767.00	767.00	766.00	764.00	763.00	762.00	761.00	759.00	757.00	755.00	753.00	752.00	747.00	745.00	742.00	740.00	736.00	735.00	733.00	732.00	731.00	729.00	728.00	727.00	726.00	722.00	721.00	720.00	718.00	717.00	715.00	714.00	714.00	713.00	711.00	710.00	709.00	709.00	708.00	708.00	707.00	708.00	707.00	707.00	707.00	706.00	705.00	705.00	704.00	703.00	702.00	702.00	700.00	699.00	698.00	697.00	695.00	694.00	694.00	693.00	693.00	692.00	692.00	691.00	690.00	691.00	689.00	689.00	689.00	688.00	689.00	688.00	689.00	689.00	689.00	689.00	690.00	690.00	691.00	691.00	692.00	692.00	692.00	693.00	693.00	694.00	694.00	695.00	698.00	699.00	700.00	701.00	702.00	704.00	705.00	705.00	705.00	706.00	707.00	707.00	708.00	708.00	709.00	709.00	709.00	710.00	710.00	710.00	710.00	710.00	710.00	710.00	710.00	710.00	710.00	710.00	710.00	710.00	710.00	710.00	710.00	709.00	709.00	709.00	709.00	709.00	709.00	709.00	709.00	709.00	709.00	709.00	710.00	710.00	710.00	709.00	710.00	710.00	710.00	710.00	710.00	711.00	711.00	711.00	712.00	712.00	713.00	714.00	714.00	715.00	716.00	719.00	720.00	721.00	722.00	723.00	724.00	725.00	725.00	725.00	725.00	725.00	725.00	725.00	725.00	725.00	725.00	725.00	725.00	726.00	726.00	727.00	727.00
753.00	756.00	758.00	760.00	761.00	763.00	763.00	764.00	765.00	765.00	765.00	765.00	766.00	766.00	766.00	766.00	766.00	766.00	767.00	767.00	767.00	767.00	767.00	768.00	768.00	768.00	768.00	768.00	768.00	769.00	770.00	769.00	771.00	770.00	772.00	772.00	772.00	773.00	774.00	775.00	775.00	776.00	776.00	777.00	777.00	780.00	784.00	785.00	787.00	789.00	793.00	794.00	795.00	796.00	797.00	800.00	800.00	800.00	800.00	800.00	800.00	800.00	800.00	799.00	797.00	797.00	796.00	796.00	793.00	793.00	792.00	791.00	789.00	787.00	786.00	785.00	782.00	780.00	780.00	779.00	777.00	777.00	775.00	775.00	774.00	774.00	771.00	770.00	770.00	768.00	767.00	766.00	766.00	765.00	764.00	762.00	760.00	755.00	753.00	748.00	746.00	745.00	743.00	741.00	738.00	736.00	735.00	733.00	729.00	729.00	727.00	726.00	726.00	725.00	724.00	723.00	721.00	718.00	715.00	714.00	713.00	713.00	711.00	710.00	710.00	709.00	709.00	709.00	708.00	708.00	708.00	707.00	706.00	706.00	706.00	705.00	704.00	704.00	703.00	701.00	699.00	699.00	698.00	697.00	694.00	693.00	693.00	692.00	692.00	691.00	691.00	690.00	690.00	691.00	690.00	690.00	690.00	691.00	691.00	692.00	692.00	692.00	693.00	693.00	694.00	695.00	695.00	697.00	698.00	699.00	700.00	703.00	703.00	704.00	704.00	705.00	706.00	706.00	707.00	708.00	709.00	709.00	710.00	710.00	710.00	711.00	711.00	711.00	711.00	712.00	712.00	712.00	712.00	712.00	712.00	712.00	712.00	712.00	712.00	712.00	712.00	712.00	712.00	712.00	712.00	712.00	712.00	712.00	712.00	712.00	712.00	712.00	712.00	712.00	712.00	712.00	712.00	712.00	713.00	713.00	713.00	713.00	713.00	714.00	714.00	715.00	716.00	717.00	717.00	720.00	721.00	722.00	723.00	724.00	725.00	725.00	725.00	725.00	725.00	725.00	725.00	725.00	725.00	725.00	726.00	726.00	727.00	728.00	729.00	730.00	731.00	733.00	736.00	738.00	742.00	744.00
753.00	756.00	758.00	760.00	761.00	763.00	763.00	764.00	765.00	765.00	765.00	765.00	766.00	766.00	766.00	766.00	766.00	766.00	767.00	767.00	767.00	767.00	767.00	768.00	768.00	768.00	768.00	768.00	768.00	769.00	770.00	769.00	771.00	770.00	772.00	772.00	772.00	773.00	774.00	775.00	775.00	776.00	776.00	777.00	777.00	780.00	784.00	785.00	787.00	789.00	793.00	794.00	795.00	796.00	797.00	800.00	800.00	800.00	800.00	800.00	800.00	800.00	800.00	799.00	797.00	797.00	796.00	796.00	793.00	793.00	792.00	791.00	789.00	787.00	786.00	785.00	782.00	780.00	780.00	779.00	777.00	777.00	775.00	775.00	774.00	774.00	771.00	770.00	770.00	768.00	767.00	766.00	766.00	765.00	764.00	762.00	760.00	755.00	753.00	748.00	746.00	745.00	743.00	741.00	738.00	736.00	735.00	733.00	729.00	729.00	727.00	726.00	726.00	725.00	724.00	723.00	721.00	718.00	715.00	714.00	713.00	713.00	711.00	710.00	710.00	709.00	709.00	709.00	708.00	708.00	708.00	707.00	706.00	706.00	706.00	705.00	704.00	704.00	703.00	701.00	699.00	699.00	698.00	697.00	694.00	693.00	693.00	692.00	692.00	691.00	691.00	690.00	690.00	691.00	690.00	690.00	690.00	691.00	691.00	692.00	692.00	692.00	693.00	693.00	694.00	695.00	695.00	697.00	698.00	699.00	700.00	703.00	703.00	704.00	704.00	705.00	706.00	706.00	707.00	708.00	709.00	709.00	710.00	710.00	710.00	711.00	711.00	711.00	711.00	712.00	712.00	712.00	712.00	712.00	712.00	712.00	712.00	712.00	712.00	712.00	712.00	712.00	712.00	712.00	712.00	712.00	712.00	712.00	712.00	712.00	712.00	712.00	712.00	712.00	712.00	712.00	712.00	712.00	713.00	713.00	713.00	713.00	713.00	714.00	714.00	715.00	716.00	717.00	717.00	720.00	721.00	722.00	723.00	724.00	725.00	725.00	725.00	725.00	725.00	725.00	725.00	725.00	725.00	725.00	726.00	726.00	727.00	728.00	729.00	730.00	731.00	733.00	736.00	738.00	742.00	744.00
753.00	756.00	758.00	760.00	761.00	763.00	763.00	764.00	765.00	765.00	765.00	765.00	766.00	766.00	766.00	766.00	766.00	766.00	767.00	767.00	767.00	767.00	767.00	768.00	768.00	768.00	768.00	768.00	768.00	769.00	770.00	769.00	771.00	770.00	772.00	772.00	772.00	773.00	774.00	775.00	775.00	776.00	776.00	777.00	777.00	780.00	784.00	785.00	787.00	789.00	793.00	794.00	795.00	796.00	797.00	800.00	800.00	800.00	800.00	800.00	800.00	800.00	800.00	799.00	797.00	797.00	796.00	796.00	793.00	793.00	792.00	791.00	789.00	787.00	786.00	785.00	782.00	780.00	780.00	779.00	777.00	777.00	775.00	775.00	774.00	774.00	771.00	770.00	770.00	768.00	767.00	766.00	766.00	765.00	764.00	762.00	760.00	755.00	753.00	748.00	746.00	745.00	743.00	741.00	738.00	736.00	735.00	733.00	729.00	729.00	727.00	726.00	726.00	725.00	724.00	723.00	721.00	718.00	715.00	714.00	713.00	713.00	711.00	710.00	710.00	709.00	709.00	709.00	708.00	708.00	708.00	707.00	706.00	706.00	706.00	705.00	704.00	704.00	703.00	701.00	699.00	699.00	698.00	697.00	694.00	693.00	693.00	692.00	692.00	691.00	691.00	690.00	690.00	691.00	690.00	690.00	690.00	691.00	691.00	692.00	692.00	692.00	693.00	693.00	694.00	695.00	695.00	697.00	698.00	699.00	700.00	703.00	703.00	704.00	704.00	705.00	706.00	706.00	707.00	708.00	709.00	709.00	710.00	710.00	710.00	711.00	711.00	711.00	711.00	712.00	712.00	712.00	712.00	712.00	712.00	712.00	712.00	712.00	712.00	712.00	712.00	712.00	712.00	712.00	712.00	712.00	712.00	712.00	712.00	712.00	712.00	712.00	712.00	712.00	712.00	712.00	712.00	712.00	713.00	713.00	713.00	713.00	713.00	714.00	714.00	715.00	716.00	717.00	717.00	720.00	721.00	722.00	723.00	724.00	725.00	725.00	725.00	725.00	725.00	725.00	725.00	725.00	725.00	725.00	726.00	726.00	727.00	728.00	729.00	730.00	731.00	733.00	736.00	738.00	742.00	744.00
764.00	765.00	766.00	768.00	769.00	771.00	771.00	772.00	773.00	773.00	774.00	774.00	774.00	774.00	773.00	773.00	773.00	773.00	774.00	773.00	773.00	773.00	773.00	773.00	774.00	774.00	774.00	774.00	774.00	775.00	775.00	775.00	777.00	777.00	778.00	778.00	779.00	781.00	782.00	783.00	784.00	788.00	788.00	791.00	794.00	800.00	805.00	806.00	809.00	810.00	812.00	814.00	816.00	818.00	818.00	821.00	820.00	818.00	821.00	821.00	822.00	822.00	822.00	819.00	818.00	818.00	817.00	814.00	814.00	811.00	808.00	807.00	806.00	802.00	801.00	799.00	797.00	794.00	794.00	792.00	791.00	790.00	787.00	785.00	784.00	782.00	778.00	777.00	777.00	775.00	774.00	772.00	773.00	772.00	771.00	769.00	768.00	766.00	765.00	762.00	759.00	757.00	755.00	752.00	748.00	746.00	745.00	743.00	737.00	736.00	734.00	732.00	731.00	728.00	727.00	727.00	726.00	726.00	724.00	723.00	721.00	720.00	717.00	716.00	715.00	715.00	712.00	712.00	711.00	710.00	710.00	709.00	708.00	708.00	708.00	707.00	707.00	706.00	706.00	705.00	704.00	704.00	703.00	702.00	700.00	699.00	698.00	697.00	696.00	694.00	693.00	693.00	693.00	692.00	692.00	692.00	692.00	692.00	693.00	694.00	695.00	696.00	698.00	699.00	699.00	701.00	702.00	703.00	704.00	704.00	705.00	705.00	706.00	706.00	707.00	708.00	709.00	710.00	711.00	711.00	712.00	713.00	713.00	713.00	713.00	713.00	713.00	713.00	713.00	713.00	713.00	713.00	714.00	713.00	713.00	713.00	713.00	713.00	713.00	713.00	713.00	714.00	713.00	713.00	713.00	713.00	713.00	713.00	714.00	713.00	713.00	713.00	714.00	714.00	714.00	715.00	714.00	715.00	715.00	715.00	716.00	716.00	717.00	719.00	720.00	722.00	723.00	724.00	724.00	725.00	725.00	725.00	725.00	725.00	725.00	726.00	726.00	726.00	727.00	729.00	729.00	731.00	732.00	735.00	739.00	740.00	743.00	746.00	749.00	750.00	753.00	754.00	757.00	759.00	762.00	763.00
764.00	765.00	766.00	768.00	769.00	771.00	771.00	772.00	773.00	773.00	774.00	774.00	774.00	774.00	773.00	773.00	773.00	773.00	774.00	773.00	773.00	773.00	773.00	773.00	774.00	774.00	774.00	774.00	774.00	775.00	775.00	775.00	777.00	777.00	778.00	778.00	779.00	781.00	782.00	783.00	784.00	788.00	788.00	791.00	794.00	800.00	805.00	806.00	809.00	810.00	812.00	814.00	816.00	818.00	818.00	821.00	820.00	818.00	821.00	821.00	822.00	822.00	822.00	819.00	818.00	818.00	817.00	814.00	814.00	811.00	808.00	807.00	806.00	802.00	801.00	799.00	797.00	794.00	794.00	792.00	791.00	790.00	787.00	785.00	784.00	782.00	778.00	777.00	777.00	775.00	774.00	772.00	773.00	772.00	771.00	769.00	768.00	766.00	765.00	762.00	759.00	757.00	755.00	752.00	748.00	746.00	745.00	743.00	737.00	736.00	734.00	732.00	731.00	728.00	727.00	727.00	726.00	726.00	724.00	723.00	721.00	720.00	717.00	716.00	715.00	715.00	712.00	712.00	711.00	710.00	710.00	709.00	708.00	708.00	708.00	707.00	707.00	706.00	706.00	705.00	704.00	704.00	703.00	702.00	700.00	699.00	698.00	697.00	696.00	694.00	693.00	693.00	693.00	692.00	692.00	692.00	692.00	692.00	693.00	694.00	695.00	696.00	698.00	699.00	699.00	701.00	702.00	703.00	704.00	704.00	705.00	705.00	706.00	706.00	707.00	708.00	709.00	710.00	711.00	711.00	712.00	713.00	713.00	713.00	713.00	713.00	713.00	713.00	713.00	713.00	713.00	713.00	714.00	713.00	713.00	713.00	713.00	713.00	713.00	713.00	713.00	714.00	713.00	713.00	713.00	713.00	713.00	713.00	714.00	713.00	713.00	713.00	714.00	714.00	714.00	715.00	714.00	715.00	715.00	715.00	716.00	716.00	717.00	719.00	720.00	722.00	723.00	724.00	724.00	725.00	725.00	725.00	725.00	725.00	725.00	726.00	726.00	726.00	727.00	729.00	729.00	731.00	732.00	735.00	739.00	740.00	743.00	746.00	749.00	750.00	753.00	754.00	757.00	759.00	762.00	763.00
764.00	765.00	766.00	768.00	769.00	771.00	771.00	772.00	773.00	773.00	774.00	774.00	774.00	774.00	773.00	773.00	773.00	773.00	774.00	773.00	773.00	773.00	773.00	773.00	774.00	774.00	774.00	774.00	774.00	775.00	775.00	775.00	777.00	777.00	778.00	778.00	779.00	781.00	782.00	783.00	784.00	788.00	788.00	791.00	794.00	800.00	805.00	806.00	809.00	810.00	812.00	814.00	816.00	818.00	818.00	821.00	820.00	818.00	821.00	821.00	822.00	822.00	822.00	819.00	818.00	818.00	817.00	814.00	814.00	811.00	808.00	807.00	806.00	802.00	801.00	799.00	797.00	794.00	794.00	792.00	791.00	790.00	787.00	785.00	784.00	782.00	778.00	777.00	777.00	775.00	774.00	772.00	773.00	772.00	771.00	769.00	768.00	766.00	765.00	762.00	759.00	757.00	755.00	752.00	748.00	746.00	745.00	743.00	737.00	736.00	734.00	732.00	731.00	728.00	727.00	727.00	726.00	726.00	724.00	723.00	721.00	720.00	717.00	716.00	715.00	715.00	712.00	712.00	711.00	710.00	710.00	709.00	708.00	708.00	708.00	707.00	707.00	706.00	706.00	705.00	704.00	704.00	703.00	702.00	700.00	699.00	698.00	697.00	696.00	694.00	693.00	693.00	693.00	692.00	692.00	692.00	692.00	692.00	693.00	694.00	695.00	696.00	698.00	699.00	699.00	701.00	702.00	703.00	704.00	704.00	705.00	705.00	706.00	706.00	707.00	708.00	709.00	710.00	711.00	711.00	712.00	713.00	713.00	713.00	713.00	713.00	713.00	713.00	713.00	713.00	713.00	713.00	714.00	713.00	713.00	713.00	713.00	713.00	713.00	713.00	713.00	714.00	713.00	713.00	713.00	713.00	713.00	713.00	714.00	713.00	713.00	713.00	714.00	714.00	714.00	715.00	714.00	715.00	715.00	715.00	716.00	716.00	717.00	719.00	720.00	722.00	723.00	724.00	724.00	725.00	725.00	725.00	725.00	725.00	725.00	726.00	726.00	726.00	727.00	729.00	729.00	731.00	732.00	735.00	739.00	740.00	743.00	746.00	749.00	750.00	753.00	754.00	757.00	759.00	762.00	763.00
764.00	765.00	766.00	768.00	769.00	771.00	771.00	772.00	773.00	773.00	774.00	774.00	774.00	774.00	773.00	773.00	773.00	773.00	774.00	773.00	773.00	773.00	773.00	773.00	774.00	774.00	774.00	774.00	774.00	775.00	775.00	775.00	777.00	777.00	778.00	778.00	779.00	781.00	782.00	783.00	784.00	788.00	788.00	791.00	794.00	800.00	805.00	806.00	809.00	810.00	812.00	814.00	816.00	818.00	818.00	821.00	820.00	818.00	821.00	821.00	822.00	822.00	822.00	819.00	818.00	818.00	817.00	814.00	814.00	811.00	808.00	807.00	806.00	802.00	801.00	799.00	797.00	794.00	794.00	792.00	791.00	790.00	787.00	785.00	784.00	782.00	778.00	777.00	777.00	775.00	774.00	772.00	773.00	772.00	771.00	769.00	768.00	766.00	765.00	762.00	759.00	757.00	755.00	752.00	748.00	746.00	745.00	743.00	737.00	736.00	734.00	732.00	731.00	728.00	727.00	727.00	726.00	726.00	724.00	723.00	721.00	720.00	717.00	716.00	715.00	715.00	712.00	712.00	711.00	710.00	710.00	709.00	708.00	708.00	708.00	707.00	707.00	706.00	706.00	705.00	704.00	704.00	703.00	702.00	700.00	699.00	698.00	697.00	696.00	694.00	693.00	693.00	693.00	692.00	692.00	692.00	692.00	692.00	693.00	694.00	695.00	696.00	698.00	699.00	699.00	701.00	702.00	703.00	704.00	704.00	705.00	705.00	706.00	706.00	707.00	708.00	709.00	710.00	711.00	711.00	712.00	713.00	713.00	713.00	713.00	713.00	713.00	713.00	713.00	713.00	713.00	713.00	714.00	713.00	713.00	713.00	713.00	713.00	713.00	713.00	713.00	714.00	713.00	713.00	713.00	713.00	713.00	713.00	714.00	713.00	713.00	713.00	714.00	714.00	714.00	715.00	714.00	715.00	715.00	715.00	716.00	716.00	717.00	719.00	720.00	722.00	723.00	724.00	724.00	725.00	725.00	725.00	725.00	725.00	725.00	726.00	726.00	726.00	727.00	729.00	729.00	731.00	732.00	735.00	739.00	740.00	743.00	746.00	749.00	750.00	753.00	754.00	757.00	759.00	762.00	763.00
772.00	775.00	779.00	785.00	788.00	792.00	793.00	796.00	796.00	799.00	800.00	798.00	797.00	797.00	794.00	794.00	794.00	794.00	794.00	792.00	791.00	791.00	791.00	791.00	791.00	792.00	793.00	793.00	793.00	794.00	795.00	798.00	799.00	800.00	801.00	802.00	802.00	807.00	809.00	810.00	810.00	815.00	818.00	823.00	825.00	832.00	838.00	839.00	841.00	843.00	844.00	846.00	846.00	847.00	847.00	848.00	848.00	847.00	848.00	848.00	848.00	848.00	848.00	848.00	847.00	847.00	846.00	844.00	842.00	840.00	837.00	836.00	834.00	828.00	823.00	818.00	812.00	805.00	803.00	801.00	801.00	800.00	797.00	795.00	795.00	794.00	791.00	790.00	788.00	786.00	782.00	781.00	779.00	778.00	777.00	775.00	775.00	772.00	772.00	768.00	767.00	765.00	764.00	763.00	758.00	757.00	754.00	751.00	746.00	745.00	743.00	741.00	739.00	735.00	734.00	733.00	731.00	729.00	727.00	726.00	726.00	726.00	726.00	725.00	724.00	723.00	719.00	718.00	716.00	715.00	714.00	712.00	712.00	711.00	711.00	710.00	709.00	709.00	708.00	708.00	707.00	707.00	706.00	706.00	705.00	705.00	705.00	704.00	704.00	703.00	703.00	702.00	702.00	701.00	701.00	701.00	701.00	701.00	701.00	702.00	702.00	703.00	704.00	704.00	704.00	705.00	705.00	706.00	706.00	707.00	707.00	709.00	710.00	711.00	712.00	713.00	714.00	714.00	715.00	715.00	715.00	715.00	716.00	716.00	716.00	716.00	716.00	716.00	716.00	716.00	716.00	716.00	716.00	715.00	716.00	715.00	715.00	715.00	715.00	715.00	715.00	715.00	715.00	715.00	715.00	715.00	715.00	715.00	715.00	715.00	716.00	716.00	718.00	718.00	719.00	720.00	721.00	722.00	722.00	722.00	723.00	724.00	725.00	725.00	725.00	726.00	726.00	726.00	727.00	727.00	728.00	729.00	731.00	732.00	739.00	740.00	742.00	745.00	749.00	751.00	753.00	755.00	756.00	757.00	760.00	761.00	762.00	765.00	766.00	768.00	771.00	772.00	774.00	775.00	778.00	779.00
772.00	775.00	779.00	785.00	788.00	792.00	793.00	796.00	796.00	799.00	800.00	798.00	797.00	797.00	794.00	794.00	794.00	794.00	794.00	792.00	791.00	791.00	791.00	791.00	791.00	792.00	793.00	793.00	793.00	794.00	795.00	798.00	799.00	800.00	801.00	802.00	802.00	807.00	809.00	810.00	810.00	815.00	818.00	823.00	825.00	832.00	838.00	839.00	841.00	843.00	844.00	846.00	846.00	847.00	847.00	848.00	848.00	847.00	848.00	848.00	848.00	848.00	848.00	848.00	847.00	847.00	846.00	844.00	842.00	840.00	837.00	836.00	834.00	828.00	823.00	818.00	812.00	805.00	803.00	801.00	801.00	800.00	797.00	795.00	795.00	794.00	791.00	790.00	788.00	786.00	782.00	781.00	779.00	778.00	777.00	775.00	775.00	772.00	772.00	768.00	767.00	765.00	764.00	763.00	758.00	757.00	754.00	751.00	746.00	745.00	743.00	741.00	739.00	735.00	734.00	733.00	731.00	729.00	727.00	726.00	726.00	726.00	726.00	725.00	724.00	723.00	719.00	718.00	716.00	715.00	714.00	712.00	712.00	711.00	711.00	710.00	709.00	709.00	708.00	708.00	707.00	707.00	706.00	706.00	705.00	705.00	705.00	704.00	704.00	703.00	703.00	702.00	702.00	701.00	701.00	701.00	701.00	701.00	701.00	702.00	702.00	703.00	704.00	704.00	704.00	705.00	705.00	706.00	706.00	707.00	707.00	709.00	710.00	711.00	712.00	713.00	714.00	714.00	715.00	715.00	715.00	715.00	716.00	716.00	716.00	716.00	716.00	716.00	716.00	716.00	716.00	716.00	716.00	715.00	716.00	715.00	715.00	715.00	715.00	715.00	715.00	715.00	715.00	715.00	715.00	715.00	715.00	715.00	715.00	715.00	716.00	716.00	718.00	718.00	719.00	720.00	721.00	722.00	722.00	722.00	723.00	724.00	725.00	725.00	725.00	726.00	726.00	726.00	727.00	727.00	728.00	729.00	731.00	732.00	739.00	740.00	742.00	745.00	749.00	751.00	753.00	755.00	756.00	757.00	760.00	761.00	762.00	765.00	766.00	768.00	771.00	772.00	774.00	775.00	778.00	779.00
772.00	775.00	779.00	785.00	788.00	792.00	793.00	796.00	796.00	799.00	800.00	798.00	797.00	797.00	794.00	794.00	794.00	794.00	794.00	792.00	791.00	791.00	791.00	791.00	791.00	792.00	793.00	793.00	793.00	794.00	795.00	798.00	799.00	800.00	801.00	802.00	802.00	807.00	809.00	810.00	810.00	815.00	818.00	823.00	825.00	832.00	838.00	839.00	841.00	843.00	844.00	846.00	846.00	847.00	847.00	848.00	848.00	847.00	848.00	848.00	848.00	848.00	848.00	848.00	847.00	847.00	846.00	844.00	842.00	840.00	837.00	836.00	834.00	828.00	823.00	818.00	812.00	805.00	803.00	801.00	801.00	800.00	797.00	795.00	795.00	794.00	791.00	790.00	788.00	786.00	782.00	781.00	779.00	778.00	777.00	775.00	775.00	772.00	772.00	768.00	767.00	765.00	764.00	763.00	758.00	757.00	754.00	751.00	746.00	745.00	743.00	741.00	739.00	735.00	734.00	733.00	731.00	729.00	727.00	726.00	726.00	726.00	726.00	725.00	724.00	723.00	719.00	718.00	716.00	715.00	714.00	712.00	712.00	711.00	711.00	710.00	709.00	709.00	708.00	708.00	707.00	707.00	706.00	706.00	705.00	705.00	705.00	704.00	704.00	703.00	703.00	702.00	702.00	701.00	701.00	701.00	701.00	701.00	701.00	702.00	702.00	703.00	704.00	704.00	704.00	705.00	705.00	706.00	706.00	707.00	707.00	709.00	710.00	711.00	712.00	713.00	714.00	714.00	715.00	715.00	715.00	715.00	716.00	716.00	716.00	716.00	716.00	716.00	716.00	716.00	716.00	716.00	716.00	715.00	716.00	715.00	715.00	715.00	715.00	715.00	715.00	715.00	715.00	715.00	715.00	715.00	715.00	715.00	715.00	715.00	716.00	716.00	718.00	718.00	719.00	720.00	721.00	722.00	722.00	722.00	723.00	724.00	725.00	725.00	725.00	726.00	726.00	726.00	727.00	727.00	728.00	729.00	731.00	732.00	739.00	740.00	742.00	745.00	749.00	751.00	753.00	755.00	756.00	757.00	760.00	761.00	762.00	765.00	766.00	768.00	771.00	772.00	774.00	775.00	778.00	779.00
772.00	775.00	779.00	785.00	788.00	792.00	793.00	796.00	796.00	799.00	800.00	798.00	797.00	797.00	794.00	794.00	794.00	794.00	794.00	792.00	791.00	791.00	791.00	791.00	791.00	792.00	793.00	793.00	793.00	794.00	795.00	798.00	799.00	800.00	801.00	802.00	802.00	807.00	809.00	810.00	810.00	815.00	818.00	823.00	825.00	832.00	838.00	839.00	841.00	843.00	844.00	846.00	846.00	847.00	847.00	848.00	848.00	847.00	848.00	848.00	848.00	848.00	848.00	848.00	847.00	847.00	846.00	844.00	842.00	840.00	837.00	836.00	834.00	828.00	823.00	818.00	812.00	805.00	803.00	801.00	801.00	800.00	797.00	795.00	795.00	794.00	791.00	790.00	788.00	786.00	782.00	781.00	779.00	778.00	777.00	775.00	775.00	772.00	772.00	768.00	767.00	765.00	764.00	763.00	758.00	757.00	754.00	751.00	746.00	745.00	743.00	741.00	739.00	735.00	734.00	733.00	731.00	729.00	727.00	726.00	726.00	726.00	726.00	725.00	724.00	723.00	719.00	718.00	716.00	715.00	714.00	712.00	712.00	711.00	711.00	710.00	709.00	709.00	708.00	708.00	707.00	707.00	706.00	706.00	705.00	705.00	705.00	704.00	704.00	703.00	703.00	702.00	702.00	701.00	701.00	701.00	701.00	701.00	701.00	702.00	702.00	703.00	704.00	704.00	704.00	705.00	705.00	706.00	706.00	707.00	707.00	709.00	710.00	711.00	712.00	713.00	714.00	714.00	715.00	715.00	715.00	715.00	716.00	716.00	716.00	716.00	716.00	716.00	716.00	716.00	716.00	716.00	716.00	715.00	716.00	715.00	715.00	715.00	715.00	715.00	715.00	715.00	715.00	715.00	715.00	715.00	715.00	715.00	715.00	715.00	716.00	716.00	718.00	718.00	719.00	720.00	721.00	722.00	722.00	722.00	723.00	724.00	725.00	725.00	725.00	726.00	726.00	726.00	727.00	727.00	728.00	729.00	731.00	732.00	739.00	740.00	742.00	745.00	749.00	751.00	753.00	755.00	756.00	757.00	760.00	761.00	762.00	765.00	766.00	768.00	771.00	772.00	774.00	775.00	778.00	779.00
786.00	798.00	802.00	809.00	812.00	815.00	818.00	820.00	820.00	825.00	825.00	826.00	828.00	828.00	827.00	828.00	828.00	829.00	828.00	828.00	829.00	829.00	829.00	831.00	831.00	834.00	836.00	838.00	839.00	840.00	840.00	841.00	844.00	845.00	846.00	846.00	847.00	848.00	849.00	850.00	850.00	850.00	851.00	851.00	852.00	851.00	851.00	851.00	851.00	849.00	846.00	847.00	848.00	848.00	848.00	848.00	848.00	845.00	847.00	847.00	847.00	847.00	847.00	847.00	848.00	848.00	849.00	849.00	850.00	849.00	849.00	851.00	852.00	852.00	851.00	849.00	843.00	832.00	825.00	821.00	812.00	808.00	802.00	801.00	800.00	798.00	797.00	796.00	795.00	794.00	793.00	791.00	790.00	788.00	786.00	783.00	782.00	779.00	778.00	775.00	772.00	771.00	770.00	769.00	766.00	765.00	763.00	762.00	755.00	753.00	751.00	749.00	746.00	743.00	742.00	740.00	738.00	734.00	731.00	730.00	729.00	728.00	727.00	726.00	726.00	726.00	726.00	726.00	725.00	722.00	721.00	719.00	718.00	717.00	716.00	715.00	714.00	713.00	712.00	711.00	710.00	709.00	709.00	709.00	707.00	707.00	707.00	707.00	707.00	707.00	706.00	706.00	706.00	706.00	706.00	705.00	705.00	705.00	705.00	706.00	706.00	706.00	707.00	707.00	707.00	708.00	708.00	708.00	709.00	710.00	711.00	714.00	715.00	716.00	717.00	718.00	720.00	721.00	722.00	722.00	723.00	723.00	723.00	723.00	723.00	723.00	723.00	724.00	724.00	723.00	723.00	723.00	723.00	723.00	723.00	723.00	722.00	722.00	722.00	722.00	722.00	722.00	721.00	721.00	721.00	721.00	721.00	721.00	722.00	723.00	724.00	724.00	725.00	725.00	725.00	726.00	726.00	726.00	727.00	727.00	727.00	729.00	730.00	733.00	734.00	738.00	740.00	744.00	745.00	750.00	751.00	752.00	755.00	756.00	759.00	760.00	761.00	762.00	764.00	765.00	766.00	768.00	770.00	772.00	774.00	775.00	777.00	781.00	782.00	783.00	786.00	788.00	789.00	790.00	792.00	792.00
786.00	798.00	802.00	809.00	812.00	815.00	818.00	820.00	820.00	825.00	825.00	826.00	828.00	828.00	827.00	828.00	828.00	829.00	828.00	828.00	829.00	829.00	829.00	831.00	831.00	834.00	836.00	838.00	839.00	840.00	840.00	841.00	844.00	845.00	846.00	846.00	847.00	848.00	849.00	850.00	850.00	850.00	851.00	851.00	852.00	851.00	851.00	851.00	851.00	849.00	846.00	847.00	848.00	848.00	848.00	848.00	848.00	845.00	847.00	847.00	847.00	847.00	847.00	847.00	848.00	848.00	849.00	849.00	850.00	849.00	849.00	851.00	852.00	852.00	851.00	849.00	843.00	832.00	825.00	821.00	812.00	808.00	802.00	801.00	800.00	798.00	797.00	796.00	795.00	794.00	793.00	791.00	790.00	788.00	786.00	783.00	782.00	779.00	778.00	775.00	772.00	771.00	770.00	769.00	766.00	765.00	763.00	762.00	755.00	753.00	751.00	749.00	746.00	743.00	742.00	740.00	738.00	734.00	731.00	730.00	729.00	728.00	727.00	726.00	726.00	726.00	726.00	726.00	725.00	722.00	721.00	719.00	718.00	717.00	716.00	715.00	714.00	713.00	712.00	711.00	710.00	709.00	709.00	709.00	707.00	707.00	707.00	707.00	707.00	707.00	706.00	706.00	706.00	706.00	706.00	705.00	705.00	705.00	705.00	706.00	706.00	706.00	707.00	707.00	707.00	708.00	708.00	708.00	709.00	710.00	711.00	714.00	715.00	716.00	717.00	718.00	720.00	721.00	722.00	722.00	723.00	723.00	723.00	723.00	723.00	723.00	723.00	724.00	724.00	723.00	723.00	723.00	723.00	723.00	723.00	723.00	722.00	722.00	722.00	722.00	722.00	722.00	721.00	721.00	721.00	721.00	721.00	721.00	722.00	723.00	724.00	724.00	725.00	725.00	725.00	726.00	726.00	726.00	727.00	727.00	727.00	729.00	730.00	733.00	734.00	738.00	740.00	744.00	745.00	750.00	751.00	752.00	755.00	756.00	759.00	760.00	761.00	762.00	764.00	765.00	766.00	768.00	770.00	772.00	774.00	775.00	777.00	781.00	782.00	783.00	786.00	788.00	789.00	790.00	792.00	792.00
786.00	798.00	802.00	809.00	812.00	815.00	818.00	820.00	820.00	825.00	825.00	826.00	828.00	828.00	827.00	828.00	828.00	829.00	828.00	828.00	829.00	829.00	829.00	831.00	831.00	834.00	836.00	838.00	839.00	840.00	840.00	841.00	844.00	845.00	846.00	846.00	847.00	848.00	849.00	850.00	850.00	850.00	851.00	851.00	852.00	851.00	851.00	851.00	851.00	849.00	846.00	847.00	848.00	848.00	848.00	848.00	848.00	845.00	847.00	847.00	847.00	847.00	847.00	847.00	848.00	848.00	849.00	849.00	850.00	849.00	849.00	851.00	852.00	852.00	851.00	849.00	843.00	832.00	825.00	821.00	812.00	808.00	802.00	801.00	800.00	798.00	797.00	796.00	795.00	794.00	793.00	791.00	790.00	788.00	786.00	783.00	782.00	779.00	778.00	775.00	772.00	771.00	770.00	769.00	766.00	765.00	763.00	762.00	755.00	753.00	751.00	749.00	746.00	743.00	742.00	740.00	738.00	734.00	731.00	730.00	729.00	728.00	727.00	726.00	726.00	726.00	726.00	726.00	725.00	722.00	721.00	719.00	718.00	717.00	716.00	715.00	714.00	713.00	712.00	711.00	710.00	709.00	709.00	709.00	707.00	707.00	707.00	707.00	707.00	707.00	706.00	706.00	706.00	706.00	706.00	705.00	705.00	705.00	705.00	706.00	706.00	706.00	707.00	707.00	707.00	708.00	708.00	708.00	709.00	710.00	711.00	714.00	715.00	716.00	717.00	718.00	720.00	721.00	722.00	722.00	723.00	723.00	723.00	723.00	723.00	723.00	723.00	724.00	724.00	723.00	723.00	723.00	723.00	723.00	723.00	723.00	722.00	722.00	722.00	722.00	722.00	722.00	721.00	721.00	721.00	721.00	721.00	721.00	722.00	723.00	724.00	724.00	725.00	725.00	725.00	726.00	726.00	726.00	727.00	727.00	727.00	729.00	730.00	733.00	734.00	738.00	740.00	744.00	745.00	750.00	751.00	752.00	755.00	756.00	759.00	760.00	761.00	762.00	764.00	765.00	766.00	768.00	770.00	772.00	774.00	775.00	777.00	781.00	782.00	783.00	786.00	788.00	789.00	790.00	792.00	792.00
807.00	815.00	820.00	833.00	836.00	840.00	844.00	846.00	848.00	849.00	850.00	850.00	851.00	850.00	848.00	847.00	847.00	847.00	845.00	845.00	845.00	845.00	845.00	844.00	843.00	843.00	841.00	841.00	841.00	839.00	838.00	838.00	835.00	834.00	833.00	833.00	832.00	829.00	829.00	830.00	830.00	828.00	829.00	829.00	829.00	828.00	828.00	828.00	827.00	826.00	825.00	825.00	825.00	825.00	825.00	825.00	825.00	824.00	825.00	825.00	825.00	825.00	825.00	825.00	825.00	825.00	825.00	825.00	825.00	825.00	826.00	828.00	829.00	833.00	834.00	834.00	840.00	847.00	848.00	848.00	847.00	845.00	838.00	833.00	828.00	825.00	814.00	811.00	808.00	806.00	802.00	799.00	798.00	797.00	795.00	792.00	790.00	786.00	784.00	780.00	778.00	777.00	775.00	775.00	772.00	770.00	769.00	768.00	764.00	763.00	761.00	759.00	756.00	752.00	750.00	748.00	746.00	743.00	739.00	737.00	735.00	734.00	731.00	730.00	729.00	728.00	726.00	726.00	726.00	724.00	724.00	725.00	725.00	725.00	724.00	722.00	721.00	720.00	719.00	717.00	716.00	715.00	714.00	714.00	711.00	711.00	710.00	710.00	709.00	709.00	709.00	709.00	709.00	709.00	709.00	709.00	709.00	708.00	708.00	709.00	709.00	710.00	712.00	712.00	712.00	713.00	714.00	714.00	715.00	715.00	716.00	720.00	721.00	722.00	724.00	724.00	725.00	725.00	724.00	724.00	723.00	723.00	723.00	723.00	722.00	721.00	721.00	720.00	720.00	719.00	719.00	719.00	718.00	718.00	718.00	718.00	718.00	718.00	718.00	718.00	718.00	718.00	719.00	721.00	721.00	722.00	723.00	725.00	726.00	727.00	727.00	728.00	732.00	733.00	735.00	735.00	739.00	740.00	741.00	743.00	744.00	748.00	750.00	753.00	755.00	757.00	759.00	760.00	762.00	765.00	767.00	768.00	770.00	773.00	780.00	781.00	781.00	783.00	786.00	787.00	788.00	789.00	789.00	792.00	792.00	793.00	794.00	793.00	794.00	792.00	791.00	790.00	785.00	782.00	778.00	775.00
807.00	815.00	820.00	833.00	836.00	840.00	844.00	846.00	848.00	849.00	850.00	850.00	851.00	850.00	848.00	847.00	847.00	847.00	845.00	845.00	845.00	845.00	845.00	844.00	843.00	843.00	841.00	841.00	841.00	839.00	838.00	838.00	835.00	834.00	833.00	833.00	832.00	829.00	829.00	830.00	830.00	828.00	829.00	829.00	829.00	828.00	828.00	828.00	827.00	826.00	825.00	825.00	825.00	825.00	825.00	825.00	825.00	824.00	825.00	825.00	825.00	825.00	825.00	825.00	825.00	825.00	825.00	825.00	825.00	825.00	826.00	828.00	829.00	833.00	834.00	834.00	840.00	847.00	848.00	848.00	847.00	845.00	838.00	833.00	828.00	825.00	814.00	811.00	808.00	806.00	802.00	799.00	798.00	797.00	795.00	792.00	790.00	786.00	784.00	780.00	778.00	777.00	775.00	775.00	772.00	770.00	769.00	768.00	764.00	763.00	761.00	759.00	756.00	752.00	750.00	748.00	746.00	743.00	739.00	737.00	735.00	734.00	731.00	730.00	729.00	728.00	726.00	726.00	726.00	724.00	724.00	725.00	725.00	725.00	724.00	722.00	721.00	720.00	719.00	717.00	716.00	715.00	714.00	714.00	711.00	711.00	710.00	710.00	709.00	709.00	709.00	709.00	709.00	709.00	709.00	709.00	709.00	708.00	708.00	709.00	709.00	710.00	712.00	712.00	712.00	713.00	714.00	714.00	715.00	715.00	716.00	720.00	721.00	722.00	724.00	724.00	725.00	725.00	724.00	724.00	723.00	723.00	723.00	723.00	722.00	721.00	721.00	720.00	720.00	719.00	719.00	719.00	718.00	718.00	718.00	718.00	718.00	718.00	718.00	718.00	718.00	718.00	719.00	721.00	721.00	722.00	723.00	725.00	726.00	727.00	727.00	728.00	732.00	733.00	735.00	735.00	739.00	740.00	741.00	743.00	744.00	748.00	750.00	753.00	755.00	757.00	759.00	760.00	762.00	765.00	767.00	768.00	770.00	773.00	780.00	781.00	781.00	783.00	786.00	787.00	788.00	789.00	789.00	792.00	792.00	793.00	794.00	793.00	794.00	792.00	791.00	790.00	785.00	782.00	778.00	775.00
822.00	834.00	840.00	850.00	852.00	852.00	851.00	848.00	845.00	843.00	835.00	833.00	829.00	826.00	820.00	819.00	819.00	819.00	818.00	818.00	818.00	818.00	818.00	817.00	817.00	817.00	817.00	817.00	816.00	816.00	815.00	815.00	816.00	816.00	815.00	815.00	816.00	816.00	816.00	816.00	816.00	816.00	816.00	816.00	816.00	816.00	816.00	816.00	816.00	816.00	816.00	816.00	816.00	816.00	816.00	816.00	816.00	816.00	816.00	816.00	816.00	816.00	816.00	816.00	816.00	815.00	815.00	815.00	816.00	816.00	816.00	816.00	816.00	816.00	816.00	816.00	816.00	819.00	820.00	824.00	825.00	829.00	836.00	838.00	842.00	845.00	848.00	848.00	846.00	843.00	834.00	827.00	822.00	817.00	812.00	803.00	800.00	796.00	793.00	789.00	786.00	783.00	781.00	779.00	777.00	775.00	774.00	773.00	769.00	768.00	767.00	765.00	764.00	761.00	760.00	757.00	755.00	751.00	747.00	745.00	743.00	741.00	736.00	734.00	733.00	732.00	729.00	729.00	728.00	726.00	726.00	724.00	724.00	724.00	724.00	725.00	725.00	725.00	725.00	725.00	723.00	722.00	721.00	720.00	718.00	717.00	717.00	716.00	715.00	714.00	714.00	714.00	714.00	714.00	714.00	714.00	714.00	715.00	715.00	716.00	717.00	718.00	719.00	720.00	720.00	721.00	721.00	721.00	723.00	723.00	724.00	724.00	724.00	724.00	723.00	722.00	722.00	721.00	720.00	720.00	719.00	718.00	717.00	717.00	717.00	718.00	718.00	719.00	719.00	720.00	720.00	721.00	721.00	721.00	722.00	723.00	723.00	724.00	724.00	725.00	726.00	726.00	727.00	730.00	731.00	733.00	735.00	740.00	742.00	743.00	745.00	748.00	752.00	753.00	755.00	755.00	757.00	758.00	758.00	759.00	760.00	762.00	763.00	766.00	768.00	773.00	778.00	785.00	789.00	793.00	795.00	796.00	797.00	798.00	799.00	800.00	800.00	800.00	799.00	799.00	798.00	797.00	796.00	794.00	790.00	787.00	786.00	781.00	779.00	777.00	775.00	773.00	769.00	767.00	764.00	761.00
822.00	834.00	840.00	850.00	852.00	852.00	851.00	848.00	845.00	843.00	835.00	833.00	829.00	826.00	820.00	819.00	819.00	819.00	818.00	818.00	818.00	818.00	818.00	817.00	817.00	817.00	817.00	817.00	816.00	816.00	815.00	815.00	816.00	816.00	815.00	815.00	816.00	816.00	816.00	816.00	816.00	816.00	816.00	816.00	816.00	816.00	816.00	816.00	816.00	816.00	816.00	816.00	816.00	816.00	816.00	816.00	816.00	816.00	816.00	816.00	816.00	816.00	816.00	816.00	816.00	815.00	815.00	815.00	816.00	816.00	816.00	816.00	816.00	816.00	816.00	816.00	816.00	819.00	820.00	824.00	825.00	829.00	836.00	838.00	842.00	845.00	848.00	848.00	846.00	843.00	834.00	827.00	822.00	817.00	812.00	803.00	800.00	796.00	793.00	789.00	786.00	783.00	781.00	779.00	777.00	775.00	774.00	773.00	769.00	768.00	767.00	765.00	764.00	761.00	760.00	757.00	755.00	751.00	747.00	745.00	743.00	741.00	736.00	734.00	733.00	732.00	729.00	729.00	728.00	726.00	726.00	724.00	724.00	724.00	724.00	725.00	725.00	725.00	725.00	725.00	723.00	722.00	721.00	720.00	718.00	717.00	717.00	716.00	715.00	714.00	714.00	714.00	714.00	714.00	714.00	714.00	714.00	715.00	715.00	716.00	717.00	718.00	719.00	720.00	720.00	721.00	721.00	721.00	723.00	723.00	724.00	724.00	724.00	724.00	723.00	722.00	722.00	721.00	720.00	720.00	719.00	718.00	717.00	717.00	717.00	718.00	718.00	719.00	719.00	720.00	720.00	721.00	721.00	721.00	722.00	723.00	723.00	724.00	724.00	725.00	726.00	726.00	727.00	730.00	731.00	733.00	735.00	740.00	742.00	743.00	745.00	748.00	752.00	753.00	755.00	755.00	757.00	758.00	758.00	759.00	760.00	762.00	763.00	766.00	768.00	773.00	778.00	785.00	789.00	793.00	795.00	796.00	797.00	798.00	799.00	800.00	800.00	800.00	799.00	799.00	798.00	797.00	796.00	794.00	790.00	787.00	786.00	781.00	779.00	777.00	775.00	773.00	769.00	767.00	764.00	761.00
822.00	834.00	840.00	850.00	852.00	852.00	851.00	848.00	845.00	843.00	835.00	833.00	829.00	826.00	820.00	819.00	819.00	819.00	818.00	818.00	818.00	818.00	818.00	817.00	817.00	817.00	817.00	817.00	816.00	816.00	815.00	815.00	816.00	816.00	815.00	815.00	816.00	816.00	816.00	816.00	816.00	816.00	816.00	816.00	816.00	816.00	816.00	816.00	816.00	816.00	816.00	816.00	816.00	816.00	816.00	816.00	816.00	816.00	816.00	816.00	816.00	816.00	816.00	816.00	816.00	815.00	815.00	815.00	816.00	816.00	816.00	816.00	816.00	816.00	816.00	816.00	816.00	819.00	820.00	824.00	825.00	829.00	836.00	838.00	842.00	845.00	848.00	848.00	846.00	843.00	834.00	827.00	822.00	817.00	812.00	803.00	800.00	796.00	793.00	789.00	786.00	783.00	781.00	779.00	777.00	775.00	774.00	773.00	769.00	768.00	767.00	765.00	764.00	761.00	760.00	757.00	755.00	751.00	747.00	745.00	743.00	741.00	736.00	734.00	733.00	732.00	729.00	729.00	728.00	726.00	726.00	724.00	724.00	724.00	724.00	725.00	725.00	725.00	725.00	725.00	723.00	722.00	721.00	720.00	718.00	717.00	717.00	716.00	715.00	714.00	714.00	714.00	714.00	714.00	714.00	714.00	714.00	715.00	715.00	716.00	717.00	718.00	719.00	720.00	720.00	721.00	721.00	721.00	723.00	723.00	724.00	724.00	724.00	724.00	723.00	722.00	722.00	721.00	720.00	720.00	719.00	718.00	717.00	717.00	717.00	718.00	718.00	719.00	719.00	720.00	720.00	721.00	721.00	721.00	722.00	723.00	723.00	724.00	724.00	725.00	726.00	726.00	727.00	730.00	731.00	733.00	735.00	740.00	742.00	743.00	745.00	748.00	752.00	753.00	755.00	755.00	757.00	758.00	758.00	759.00	760.00	762.00	763.00	766.00	768.00	773.00	778.00	785.00	789.00	793.00	795.00	796.00	797.00	798.00	799.00	800.00	800.00	800.00	799.00	799.00	798.00	797.00	796.00	794.00	790.00	787.00	786.00	781.00	779.00	777.00	775.00	773.00	769.00	767.00	764.00	761.00
839.00	850.00	853.00	853.00	851.00	842.00	840.00	834.00	828.00	824.00	818.00	816.00	816.00	816.00	816.00	816.00	816.00	816.00	816.00	816.00	816.00	816.00	816.00	816.00	816.00	816.00	816.00	816.00	816.00	816.00	816.00	816.00	816.00	816.00	816.00	816.00	816.00	816.00	816.00	816.00	816.00	816.00	816.00	816.00	816.00	817.00	817.00	817.00	817.00	817.00	817.00	817.00	817.00	817.00	817.00	817.00	817.00	817.00	817.00	817.00	817.00	817.00	817.00	817.00	816.00	816.00	817.00	816.00	816.00	816.00	817.00	816.00	816.00	816.00	816.00	816.00	816.00	816.00	816.00	816.00	816.00	816.00	816.00	816.00	817.00	819.00	827.00	831.00	833.00	837.00	845.00	847.00	849.00	849.00	845.00	834.00	826.00	812.00	806.00	799.00	796.00	793.00	791.00	789.00	782.00	780.00	778.00	777.00	773.00	773.00	772.00	770.00	769.00	766.00	765.00	764.00	763.00	760.00	755.00	753.00	750.00	748.00	744.00	743.00	740.00	739.00	735.00	733.00	732.00	730.00	730.00	728.00	727.00	727.00	726.00	724.00	724.00	724.00	723.00	723.00	724.00	724.00	725.00	725.00	724.00	724.00	724.00	724.00	724.00	724.00	724.00	724.00	724.00	724.00	724.00	724.00	724.00	724.00	724.00	724.00	724.00	724.00	724.00	724.00	723.00	723.00	723.00	723.00	723.00	723.00	722.00	720.00	720.00	719.00	718.00	717.00	717.00	717.00	717.00	717.00	719.00	721.00	722.00	723.00	724.00	726.00	727.00	727.00	728.00	728.00	730.00	730.00	731.00	732.00	734.00	735.00	737.00	739.00	741.00	743.00	745.00	747.00	751.00	755.00	756.00	756.00	758.00	759.00	760.00	760.00	761.00	763.00	765.00	766.00	768.00	769.00	772.00	775.00	776.00	779.00	780.00	782.00	783.00	788.00	791.00	796.00	799.00	800.00	800.00	798.00	798.00	797.00	797.00	795.00	792.00	792.00	790.00	789.00	786.00	784.00	783.00	781.00	780.00	777.00	774.00	772.00	771.00	768.00	767.00	765.00	763.00	762.00	756.00	753.00	748.00	745.00
839.00	850.00	853.00	853.00	851.00	842.00	840.00	834.00	828.00	824.00	818.00	816.00	816.00	816.00	816.00	816.00	816.00	816.00	816.00	816.00	816.00	816.00	816.00	816.00	816.00	816.00	816.00	816.00	816.00	816.00	816.00	816.00	816.00	816.00	816.00	816.00	816.00	816.00	816.00	816.00	816.00	816.00	816.00	816.00	816.00	817.00	817.00	817.00	817.00	817.00	817.00	817.00	817.00	817.00	817.00	817.00	817.00	817.00	817.00	817.00	817.00	817.00	817.00	817.00	816.00	816.00	817.00	816.00	816.00	816.00	817.00	816.00	816.00	816.00	816.00	816.00	816.00	816.00	816.00	816.00	816.00	816.00	816.00	816.00	817.00	819.00	827.00	831.00	833.00	837.00	845.00	847.00	849.00	849.00	845.00	834.00	826.00	812.00	806.00	799.00	796.00	793.00	791.00	789.00	782.00	780.00	778.00	777.00	773.00	773.00	772.00	770.00	769.00	766.00	765.00	764.00	763.00	760.00	755.00	753.00	750.00	748.00	744.00	743.00	740.00	739.00	735.00	733.00	732.00	730.00	730.00	728.00	727.00	727.00	726.00	724.00	724.00	724.00	723.00	723.00	724.00	724.00	725.00	725.00	724.00	724.00	724.00	724.00	724.00	724.00	724.00	724.00	724.00	724.00	724.00	724.00	724.00	724.00	724.00	724.00	724.00	724.00	724.00	724.00	723.00	723.00	723.00	723.00	723.00	723.00	722.00	720.00	720.00	719.00	718.00	717.00	717.00	717.00	717.00	717.00	719.00	721.00	722.00	723.00	724.00	726.00	727.00	727.00	728.00	728.00	730.00	730.00	731.00	732.00	734.00	735.00	737.00	739.00	741.00	743.00	745.00	747.00	751.00	755.00	756.00	756.00	758.00	759.00	760.00	760.00	761.00	763.00	765.00	766.00	768.00	769.00	772.00	775.00	776.00	779.00	780.00	782.00	783.00	788.00	791.00	796.00	799.00	800.00	800.00	798.00	798.00	797.00	797.00	795.00	792.00	792.00	790.00	789.00	786.00	784.00	783.00	781.00	780.00	777.00	774.00	772.00	771.00	768.00	767.00	765.00	763.00	762.00	756.00	753.00	748.00	745.00
839.00	850.00	853.00	853.00	851.00	842.00	840.00	834.00	828.00	824.00	818.00	816.00	816.00	816.00	816.00	816.00	816.00	816.00	816.00	816.00	816.00	816.00	816.00	816.00	816.00	816.00	816.00	816.00	816.00	816.00	816.00	816.00	816.00	816.00	816.00	816.00	816.00	816.00	816.00	816.00	816.00	816.00	816.00	816.00	816.00	817.00	817.00	817.00	817.00	817.00	817.00	817.00	817.00	817.00	817.00	817.00	817.00	817.00	817.00	817.00	817.00	817.00	817.00	817.00	816.00	816.00	817.00	816.00	816.00	816.00	817.00	816.00	816.00	816.00	816.00	816.00	816.00	816.00	816.00	816.00	816.00	816.00	816.00	816.00	817.00	819.00	827.00	831.00	833.00	837.00	845.00	847.00	849.00	849.00	845.00	834.00	826.00	812.00	806.00	799.00	796.00	793.00	791.00	789.00	782.00	780.00	778.00	777.00	773.00	773.00	772.00	770.00	769.00	766.00	765.00	764.00	763.00	760.00	755.00	753.00	750.00	748.00	744.00	743.00	740.00	739.00	735.00	733.00	732.00	730.00	730.00	728.00	727.00	727.00	726.00	724.00	724.00	724.00	723.00	723.00	724.00	724.00	725.00	725.00	724.00	724.00	724.00	724.00	724.00	724.00	724.00	724.00	724.00	724.00	724.00	724.00	724.00	724.00	724.00	724.00	724.00	724.00	724.00	724.00	723.00	723.00	723.00	723.00	723.00	723.00	722.00	720.00	720.00	719.00	718.00	717.00	717.00	717.00	717.00	717.00	719.00	721.00	722.00	723.00	724.00	726.00	727.00	727.00	728.00	728.00	730.00	730.00	731.00	732.00	734.00	735.00	737.00	739.00	741.00	743.00	745.00	747.00	751.00	755.00	756.00	756.00	758.00	759.00	760.00	760.00	761.00	763.00	765.00	766.00	768.00	769.00	772.00	775.00	776.00	779.00	780.00	782.00	783.00	788.00	791.00	796.00	799.00	800.00	800.00	798.00	798.00	797.00	797.00	795.00	792.00	792.00	790.00	789.00	786.00	784.00	783.00	781.00	780.00	777.00	774.00	772.00	771.00	768.00	767.00	765.00	763.00	762.00	756.00	753.00	748.00	745.00
839.00	850.00	853.00	853.00	851.00	842.00	840.00	834.00	828.00	824.00	818.00	816.00	816.00	816.00	816.00	816.00	816.00	816.00	816.00	816.00	816.00	816.00	816.00	816.00	816.00	816.00	816.00	816.00	816.00	816.00	816.00	816.00	816.00	816.00	816.00	816.00	816.00	816.00	816.00	816.00	816.00	816.00	816.00	816.00	816.00	817.00	817.00	817.00	817.00	817.00	817.00	817.00	817.00	817.00	817.00	817.00	817.00	817.00	817.00	817.00	817.00	817.00	817.00	817.00	816.00	816.00	817.00	816.00	816.00	816.00	817.00	816.00	816.00	816.00	816.00	816.00	816.00	816.00	816.00	816.00	816.00	816.00	816.00	816.00	817.00	819.00	827.00	831.00	833.00	837.00	845.00	847.00	849.00	849.00	845.00	834.00	826.00	812.00	806.00	799.00	796.00	793.00	791.00	789.00	782.00	780.00	778.00	777.00	773.00	773.00	772.00	770.00	769.00	766.00	765.00	764.00	763.00	760.00	755.00	753.00	750.00	748.00	744.00	743.00	740.00	739.00	735.00	733.00	732.00	730.00	730.00	728.00	727.00	727.00	726.00	724.00	724.00	724.00	723.00	723.00	724.00	724.00	725.00	725.00	724.00	724.00	724.00	724.00	724.00	724.00	724.00	724.00	724.00	724.00	724.00	724.00	724.00	724.00	724.00	724.00	724.00	724.00	724.00	724.00	723.00	723.00	723.00	723.00	723.00	723.00	722.00	720.00	720.00	719.00	718.00	717.00	717.00	717.00	717.00	717.00	719.00	721.00	722.00	723.00	724.00	726.00	727.00	727.00	728.00	728.00	730.00	730.00	731.00	732.00	734.00	735.00	737.00	739.00	741.00	743.00	745.00	747.00	751.00	755.00	756.00	756.00	758.00	759.00	760.00	760.00	761.00	763.00	765.00	766.00	768.00	769.00	772.00	775.00	776.00	779.00	780.00	782.00	783.00	788.00	791.00	796.00	799.00	800.00	800.00	798.00	798.00	797.00	797.00	795.00	792.00	792.00	790.00	789.00	786.00	784.00	783.00	781.00	780.00	777.00	774.00	772.00	771.00	768.00	767.00	765.00	763.00	762.00	756.00	753.00	748.00	745.00
850.00	851.00	848.00	845.00	842.00	828.00	823.00	817.00	816.00	816.00	816.00	816.00	816.00	816.00	817.00	817.00	817.00	817.00	817.00	817.00	817.00	817.00	817.00	817.00	817.00	817.00	817.00	817.00	818.00	818.00	818.00	818.00	818.00	818.00	819.00	818.00	819.00	819.00	819.00	819.00	819.00	819.00	820.00	820.00	820.00	820.00	820.00	820.00	820.00	820.00	820.00	820.00	820.00	820.00	820.00	820.00	820.00	820.00	820.00	820.00	820.00	820.00	819.00	819.00	819.00	819.00	819.00	819.00	818.00	818.00	819.00	818.00	818.00	818.00	818.00	818.00	817.00	817.00	817.00	817.00	817.00	817.00	816.00	816.00	816.00	816.00	816.00	816.00	816.00	816.00	819.00	821.00	828.00	835.00	840.00	848.00	850.00	842.00	832.00	813.00	805.00	801.00	799.00	797.00	792.00	789.00	786.00	783.00	777.00	776.00	775.00	774.00	773.00	770.00	769.00	768.00	767.00	765.00	763.00	761.00	759.00	757.00	752.00	750.00	748.00	747.00	743.00	742.00	740.00	736.00	735.00	732.00	731.00	731.00	730.00	728.00	727.00	726.00	725.00	724.00	723.00	723.00	723.00	723.00	722.00	722.00	722.00	722.00	722.00	722.00	722.00	722.00	722.00	722.00	722.00	722.00	722.00	722.00	722.00	722.00	722.00	722.00	722.00	722.00	722.00	722.00	722.00	721.00	720.00	719.00	718.00	717.00	718.00	718.00	719.00	720.00	722.00	723.00	724.00	725.00	727.00	728.00	729.00	730.00	732.00	737.00	740.00	742.00	744.00	749.00	751.00	752.00	755.00	756.00	758.00	759.00	759.00	758.00	760.00	761.00	761.00	762.00	763.00	765.00	765.00	766.00	767.00	770.00	773.00	776.00	778.00	781.00	785.00	786.00	787.00	790.00	792.00	794.00	795.00	797.00	798.00	800.00	800.00	800.00	799.00	796.00	793.00	790.00	787.00	783.00	782.00	781.00	781.00	780.00	776.00	775.00	774.00	773.00	770.00	768.00	767.00	765.00	764.00	762.00	760.00	758.00	756.00	751.00	749.00	745.00	742.00	739.00	733.00	730.00	727.00	727.00
850.00	851.00	848.00	845.00	842.00	828.00	823.00	817.00	816.00	816.00	816.00	816.00	816.00	816.00	817.00	817.00	817.00	817.00	817.00	817.00	817.00	817.00	817.00	817.00	817.00	817.00	817.00	817.00	818.00	818.00	818.00	818.00	818.00	818.00	819.00	818.00	819.00	819.00	819.00	819.00	819.00	819.00	820.00	820.00	820.00	820.00	820.00	820.00	820.00	820.00	820.00	820.00	820.00	820.00	820.00	820.00	820.00	820.00	820.00	820.00	820.00	820.00	819.00	819.00	819.00	819.00	819.00	819.00	818.00	818.00	819.00	818.00	818.00	818.00	818.00	818.00	817.00	817.00	817.00	817.00	817.00	817.00	816.00	816.00	816.00	816.00	816.00	816.00	816.00	816.00	819.00	821.00	828.00	835.00	840.00	848.00	850.00	842.00	832.00	813.00	805.00	801.00	799.00	797.00	792.00	789.00	786.00	783.00	777.00	776.00	775.00	774.00	773.00	770.00	769.00	768.00	767.00	765.00	763.00	761.00	759.00	757.00	752.00	750.00	748.00	747.00	743.00	742.00	740.00	736.00	735.00	732.00	731.00	731.00	730.00	728.00	727.00	726.00	725.00	724.00	723.00	723.00	723.00	723.00	722.00	722.00	722.00	722.00	722.00	722.00	722.00	722.00	722.00	722.00	722.00	722.00	722.00	722.00	722.00	722.00	722.00	722.00	722.00	722.00	722.00	722.00	722.00	721.00	720.00	719.00	718.00	717.00	718.00	718.00	719.00	720.00	722.00	723.00	724.00	725.00	727.00	728.00	729.00	730.00	732.00	737.00	740.00	742.00	744.00	749.00	751.00	752.00	755.00	756.00	758.00	759.00	759.00	758.00	760.00	761.00	761.00	762.00	763.00	765.00	765.00	766.00	767.00	770.00	773.00	776.00	778.00	781.00	785.00	786.00	787.00	790.00	792.00	794.00	795.00	797.00	798.00	800.00	800.00	800.00	799.00	796.00	793.00	790.00	787.00	783.00	782.00	781.00	781.00	780.00	776.00	775.00	774.00	773.00	770.00	768.00	767.00	765.00	764.00	762.00	760.00	758.00	756.00	751.00	749.00	745.00	742.00	739.00	733.00	730.00	727.00	727.00
850.00	851.00	848.00	845.00	842.00	828.00	823.00	817.00	816.00	816.00	816.00	816.00	816.00	816.00	817.00	817.00	817.00	817.00	817.00	817.00	817.00	817.00	817.00	817.00	817.00	817.00	817.00	817.00	818.00	818.00	818.00	818.00	818.00	818.00	819.00	818.00	819.00	819.00	819.00	819.00	819.00	819.00	820.00	820.00	820.00	820.00	820.00	820.00	820.00	820.00	820.00	820.00	820.00	820.00	820.00	820.00	820.00	820.00	820.00	820.00	820.00	820.00	819.00	819.00	819.00	819.00	819.00	819.00	818.00	818.00	819.00	818.00	818.00	818.00	818.00	818.00	817.00	817.00	817.00	817.00	817.00	817.00	816.00	816.00	816.00	816.00	816.00	816.00	816.00	816.00	819.00	821.00	828.00	835.00	840.00	848.00	850.00	842.00	832.00	813.00	805.00	801.00	799.00	797.00	792.00	789.00	786.00	783.00	777.00	776.00	775.00	774.00	773.00	770.00	769.00	768.00	767.00	765.00	763.00	761.00	759.00	757.00	752.00	750.00	748.00	747.00	743.00	742.00	740.00	736.00	735.00	732.00	731.00	731.00	730.00	728.00	727.00	726.00	725.00	724.00	723.00	723.00	723.00	723.00	722.00	722.00	722.00	722.00	722.00	722.00	722.00	722.00	722.00	722.00	722.00	722.00	722.00	722.00	722.00	722.00	722.00	722.00	722.00	722.00	722.00	722.00	722.00	721.00	720.00	719.00	718.00	717.00	718.00	718.00	719.00	720.00	722.00	723.00	724.00	725.00	727.00	728.00	729.00	730.00	732.00	737.00	740.00	742.00	744.00	749.00	751.00	752.00	755.00	756.00	758.00	759.00	759.00	758.00	760.00	761.00	761.00	762.00	763.00	765.00	765.00	766.00	767.00	770.00	773.00	776.00	778.00	781.00	785.00	786.00	787.00	790.00	792.00	794.00	795.00	797.00	798.00	800.00	800.00	800.00	799.00	796.00	793.00	790.00	787.00	783.00	782.00	781.00	781.00	780.00	776.00	775.00	774.00	773.00	770.00	768.00	767.00	765.00	764.00	762.00	760.00	758.00	756.00	751.00	749.00	745.00	742.00	739.00	733.00	730.00	727.00	727.00
851.00	843.00	839.00	833.00	827.00	816.00	815.00	815.00	815.00	815.00	816.00	816.00	817.00	817.00	818.00	818.00	818.00	818.00	818.00	818.00	819.00	819.00	819.00	819.00	819.00	819.00	819.00	820.00	820.00	820.00	820.00	821.00	821.00	821.00	821.00	822.00	822.00	823.00	823.00	823.00	824.00	824.00	824.00	824.00	824.00	825.00	825.00	825.00	825.00	825.00	825.00	825.00	825.00	825.00	825.00	824.00	824.00	824.00	824.00	824.00	824.00	824.00	824.00	824.00	824.00	824.00	823.00	823.00	822.00	822.00	822.00	822.00	821.00	821.00	821.00	821.00	820.00	820.00	820.00	820.00	819.00	819.00	818.00	818.00	817.00	817.00	816.00	816.00	816.00	816.00	816.00	816.00	816.00	818.00	823.00	833.00	837.00	845.00	850.00	845.00	837.00	825.00	816.00	809.00	801.00	797.00	794.00	792.00	784.00	781.00	779.00	778.00	777.00	774.00	773.00	772.00	771.00	769.00	767.00	765.00	764.00	763.00	760.00	758.00	756.00	754.00	750.00	748.00	746.00	742.00	740.00	737.00	736.00	734.00	733.00	730.00	730.00	728.00	728.00	726.00	725.00	725.00	724.00	724.00	723.00	723.00	722.00	722.00	722.00	722.00	722.00	722.00	722.00	722.00	722.00	722.00	722.00	722.00	722.00	722.00	722.00	722.00	722.00	722.00	721.00	720.00	719.00	717.00	717.00	718.00	720.00	724.00	724.00	725.00	726.00	727.00	729.00	731.00	733.00	736.00	742.00	748.00	753.00	755.00	756.00	759.00	760.00	760.00	762.00	763.00	764.00	764.00	765.00	766.00	767.00	767.00	768.00	769.00	771.00	771.00	772.00	773.00	776.00	781.00	783.00	785.00	787.00	791.00	793.00	794.00	796.00	797.00	799.00	800.00	800.00	801.00	801.00	801.00	800.00	800.00	798.00	795.00	793.00	785.00	781.00	776.00	774.00	773.00	772.00	769.00	768.00	767.00	766.00	765.00	762.00	761.00	760.00	759.00	756.00	754.00	752.00	749.00	746.00	740.00	734.00	731.00	729.00	727.00	727.00	726.00	726.00	725.00	725.00	725.00	724.00	724.00
851.00	843.00	839.00	833.00	827.00	816.00	815.00	815.00	815.00	815.00	816.00	816.00	817.00	817.00	818.00	818.00	818.00	818.00	818.00	818.00	819.00	819.00	819.00	819.00	819.00	819.00	819.00	820.00	820.00	820.00	820.00	821.00	821.00	821.00	821.00	822.00	822.00	823.00	823.00	823.00	824.00	824.00	824.00	824.00	824.00	825.00	825.00	825.00	825.00	825.00	825.00	825.00	825.00	825.00	825.00	824.00	824.00	824.00	824.00	824.00	824.00	824.00	824.00	824.00	824.00	824.00	823.00	823.00	822.00	822.00	822.00	822.00	821.00	821.00	821.00	821.00	820.00	820.00	820.00	820.00	819.00	819.00	818.00	818.00	817.00	817.00	816.00	816.00	816.00	816.00	816.00	816.00	816.00	818.00	823.00	833.00	837.00	845.00	850.00	845.00	837.00	825.00	816.00	809.00	801.00	797.00	794.00	792.00	784.00	781.00	779.00	778.00	777.00	774.00	773.00	772.00	771.00	769.00	767.00	765.00	764.00	763.00	760.00	758.00	756.00	754.00	750.00	748.00	746.00	742.00	740.00	737.00	736.00	734.00	733.00	730.00	730.00	728.00	728.00	726.00	725.00	725.00	724.00	724.00	723.00	723.00	722.00	722.00	722.00	722.00	722.00	722.00	722.00	722.00	722.00	722.00	722.00	722.00	722.00	722.00	722.00	722.00	722.00	722.00	721.00	720.00	719.00	717.00	717.00	718.00	720.00	724.00	724.00	725.00	726.00	727.00	729.00	731.00	733.00	736.00	742.00	748.00	753.00	755.00	756.00	759.00	760.00	760.00	762.00	763.00	764.00	764.00	765.00	766.00	767.00	767.00	768.00	769.00	771.00	771.00	772.00	773.00	776.00	781.00	783.00	785.00	787.00	791.00	793.00	794.00	796.00	797.00	799.00	800.00	800.00	801.00	801.00	801.00	800.00	800.00	798.00	795.00	793.00	785.00	781.00	776.00	774.00	773.00	772.00	769.00	768.00	767.00	766.00	765.00	762.00	761.00	760.00	759.00	756.00	754.00	752.00	749.00	746.00	740.00	734.00	731.00	729.00	727.00	727.00	726.00	726.00	725.00	725.00	725.00	724.00	724.00
851.00	843.00	839.00	833.00	827.00	816.00	815.00	815.00	815.00	815.00	816.00	816.00	817.00	817.00	818.00	818.00	818.00	818.00	818.00	818.00	819.00	819.00	819.00	819.00	819.00	819.00	819.00	820.00	820.00	820.00	820.00	821.00	821.00	821.00	821.00	822.00	822.00	823.00	823.00	823.00	824.00	824.00	824.00	824.00	824.00	825.00	825.00	825.00	825.00	825.00	825.00	825.00	825.00	825.00	825.00	824.00	824.00	824.00	824.00	824.00	824.00	824.00	824.00	824.00	824.00	824.00	823.00	823.00	822.00	822.00	822.00	822.00	821.00	821.00	821.00	821.00	820.00	820.00	820.00	820.00	819.00	819.00	818.00	818.00	817.00	817.00	816.00	816.00	816.00	816.00	816.00	816.00	816.00	818.00	823.00	833.00	837.00	845.00	850.00	845.00	837.00	825.00	816.00	809.00	801.00	797.00	794.00	792.00	784.00	781.00	779.00	778.00	777.00	774.00	773.00	772.00	771.00	769.00	767.00	765.00	764.00	763.00	760.00	758.00	756.00	754.00	750.00	748.00	746.00	742.00	740.00	737.00	736.00	734.00	733.00	730.00	730.00	728.00	728.00	726.00	725.00	725.00	724.00	724.00	723.00	723.00	722.00	722.00	722.00	722.00	722.00	722.00	722.00	722.00	722.00	722.00	722.00	722.00	722.00	722.00	722.00	722.00	722.00	722.00	721.00	720.00	719.00	717.00	717.00	718.00	720.00	724.00	724.00	725.00	726.00	727.00	729.00	731.00	733.00	736.00	742.00	748.00	753.00	755.00	756.00	759.00	760.00	760.00	762.00	763.00	764.00	764.00	765.00	766.00	767.00	767.00	768.00	769.00	771.00	771.00	772.00	773.00	776.00	781.00	783.00	785.00	787.00	791.00	793.00	794.00	796.00	797.00	799.00	800.00	800.00	801.00	801.00	801.00	800.00	800.00	798.00	795.00	793.00	785.00	781.00	776.00	774.00	773.00	772.00	769.00	768.00	767.00	766.00	765.00	762.00	761.00	760.00	759.00	756.00	754.00	752.00	749.00	746.00	740.00	734.00	731.00	729.00	727.00	727.00	726.00	726.00	725.00	725.00	725.00	724.00	724.00
841.00	831.00	827.00	819.00	816.00	815.00	815.00	815.00	816.00	816.00	817.00	818.00	818.00	818.00	819.00	819.00	819.00	820.00	820.00	820.00	820.00	820.00	821.00	821.00	821.00	821.00	821.00	822.00	823.00	823.00	823.00	824.00	825.00	826.00	826.00	826.00	827.00	827.00	827.00	827.00	828.00	828.00	828.00	828.00	828.00	828.00	828.00	828.00	827.00	827.00	827.00	827.00	827.00	827.00	827.00	827.00	827.00	827.00	827.00	827.00	827.00	827.00	826.00	826.00	827.00	826.00	826.00	826.00	825.00	825.00	825.00	825.00	824.00	824.00	824.00	824.00	823.00	823.00	823.00	822.00	822.00	822.00	821.00	820.00	820.00	819.00	818.00	817.00	817.00	816.00	816.00	816.00	816.00	816.00	816.00	821.00	825.00	832.00	836.00	844.00	849.00	851.00	847.00	838.00	818.00	810.00	805.00	800.00	792.00	790.00	787.00	784.00	781.00	778.00	776.00	775.00	774.00	772.00	770.00	768.00	767.00	766.00	764.00	763.00	762.00	761.00	757.00	755.00	752.00	747.00	746.00	743.00	742.00	740.00	738.00	735.00	735.00	733.00	732.00	730.00	728.00	727.00	726.00	725.00	724.00	724.00	723.00	723.00	722.00	722.00	722.00	722.00	722.00	722.00	722.00	722.00	722.00	722.00	722.00	722.00	722.00	721.00	719.00	718.00	717.00	717.00	718.00	723.00	724.00	725.00	727.00	731.00	734.00	738.00	744.00	749.00	755.00	757.00	758.00	759.00	761.00	763.00	764.00	765.00	766.00	767.00	768.00	770.00	771.00	772.00	772.00	774.00	776.00	778.00	781.00	783.00	784.00	786.00	788.00	790.00	791.00	793.00	795.00	796.00	797.00	798.00	799.00	800.00	800.00	801.00	801.00	801.00	800.00	799.00	798.00	797.00	795.00	794.00	791.00	789.00	786.00	778.00	773.00	768.00	767.00	764.00	763.00	762.00	761.00	760.00	758.00	758.00	756.00	754.00	747.00	744.00	740.00	738.00	731.00	729.00	727.00	727.00	726.00	725.00	725.00	725.00	724.00	724.00	724.00	724.00	724.00	724.00	723.00	723.00	723.00	722.00
841.00	831.00	827.00	819.00	816.00	815.00	815.00	815.00	816.00	816.00	817.00	818.00	818.00	818.00	819.00	819.00	819.00	820.00	820.00	820.00	820.00	820.00	821.00	821.00	821.00	821.00	821.00	822.00	823.00	823.00	823.00	824.00	825.00	826.00	826.00	826.00	827.00	827.00	827.00	827.00	828.00	828.00	828.00	828.00	828.00	828.00	828.00	828.00	827.00	827.00	827.00	827.00	827.00	827.00	827.00	827.00	827.00	827.00	827.00	827.00	827.00	827.00	826.00	826.00	827.00	826.00	826.00	826.00	825.00	825.00	825.00	825.00	824.00	824.00	824.00	824.00	823.00	823.00	823.00	822.00	822.00	822.00	821.00	820.00	820.00	819.00	818.00	817.00	817.00	816.00	816.00	816.00	816.00	816.00	816.00	821.00	825.00	832.00	836.00	844.00	849.00	851.00	847.00	838.00	818.00	810.00	805.00	800.00	792.00	790.00	787.00	784.00	781.00	778.00	776.00	775.00	774.00	772.00	770.00	768.00	767.00	766.00	764.00	763.00	762.00	761.00	757.00	755.00	752.00	747.00	746.00	743.00	742.00	740.00	738.00	735.00	735.00	733.00	732.00	730.00	728.00	727.00	726.00	725.00	724.00	724.00	723.00	723.00	722.00	722.00	722.00	722.00	722.00	722.00	722.00	722.00	722.00	722.00	722.00	722.00	722.00	721.00	719.00	718.00	717.00	717.00	718.00	723.00	724.00	725.00	727.00	731.00	734.00	738.00	744.00	749.00	755.00	757.00	758.00	759.00	761.00	763.00	764.00	765.00	766.00	767.00	768.00	770.00	771.00	772.00	772.00	774.00	776.00	778.00	781.00	783.00	784.00	786.00	788.00	790.00	791.00	793.00	795.00	796.00	797.00	798.00	799.00	800.00	800.00	801.00	801.00	801.00	800.00	799.00	798.00	797.00	795.00	794.00	791.00	789.00	786.00	778.00	773.00	768.00	767.00	764.00	763.00	762.00	761.00	760.00	758.00	758.00	756.00	754.00	747.00	744.00	740.00	738.00	731.00	729.00	727.00	727.00	726.00	725.00	725.00	725.00	724.00	724.00	724.00	724.00	724.00	724.00	723.00	723.00	723.00	722.00
828.00	818.00	816.00	815.00	815.00	816.00	816.00	816.00	817.00	817.00	818.00	819.00	819.00	819.00	820.00	820.00	820.00	821.00	821.00	822.00	821.00	822.00	822.00	823.00	824.00	825.00	826.00	827.00	829.00	830.00	830.00	831.00	833.00	834.00	835.00	835.00	835.00	836.00	836.00	836.00	836.00	836.00	836.00	836.00	836.00	836.00	836.00	836.00	835.00	835.00	835.00	835.00	835.00	835.00	835.00	834.00	834.00	834.00	833.00	833.00	833.00	833.00	833.00	833.00	832.00	832.00	832.00	831.00	830.00	830.00	830.00	829.00	829.00	828.00	828.00	828.00	827.00	826.00	826.00	825.00	825.00	824.00	823.00	822.00	822.00	821.00	820.00	819.00	818.00	818.00	817.00	816.00	816.00	816.00	816.00	816.00	816.00	818.00	820.00	825.00	831.00	839.00	846.00	850.00	844.00	835.00	825.00	814.00	799.00	796.00	794.00	792.00	790.00	783.00	781.00	779.00	778.00	776.00	774.00	772.00	771.00	770.00	768.00	767.00	766.00	765.00	763.00	762.00	759.00	754.00	752.00	747.00	745.00	744.00	742.00	739.00	739.00	737.00	735.00	733.00	731.00	730.00	729.00	728.00	725.00	724.00	723.00	723.00	722.00	722.00	722.00	722.00	722.00	722.00	722.00	722.00	722.00	722.00	721.00	720.00	719.00	718.00	717.00	717.00	719.00	723.00	725.00	729.00	731.00	732.00	734.00	744.00	750.00	755.00	758.00	759.00	762.00	763.00	764.00	765.00	768.00	771.00	772.00	775.00	777.00	782.00	785.00	786.00	789.00	791.00	793.00	794.00	796.00	796.00	797.00	798.00	798.00	799.00	799.00	800.00	800.00	800.00	800.00	801.00	801.00	801.00	801.00	800.00	799.00	798.00	797.00	795.00	788.00	786.00	785.00	782.00	777.00	774.00	771.00	769.00	766.00	763.00	761.00	759.00	757.00	755.00	753.00	751.00	749.00	743.00	740.00	737.00	734.00	731.00	726.00	725.00	725.00	725.00	724.00	724.00	725.00	724.00	724.00	723.00	724.00	723.00	723.00	723.00	722.00	722.00	722.00	721.00	720.00	719.00	716.00	716.00
828.00	818.00	816.00	815.00	815.00	816.00	816.00	816.00	817.00	817.00	818.00	819.00	819.00	819.00	820.00	820.00	820.00	821.00	821.00	822.00	821.00	822.00	822.00	823.00	824.00	825.00	826.00	827.00	829.00	830.00	830.00	831.00	833.00	834.00	835.00	835.00	835.00	836.00	836.00	836.00	836.00	836.00	836.00	836.00	836.00	836.00	836.00	836.00	835.00	835.00	835.00	835.00	835.00	835.00	835.00	834.00	834.00	834.00	833.00	833.00	833.00	833.00	833.00	833.00	832.00	832.00	832.00	831.00	830.00	830.00	830.00	829.00	829.00	828.00	828.00	828.00	827.00	826.00	826.00	825.00	825.00	824.00	823.00	822.00	822.00	821.00	820.00	819.00	818.00	818.00	817.00	816.00	816.00	816.00	816.00	816.00	816.00	818.00	820.00	825.00	831.00	839.00	846.00	850.00	844.00	835.00	825.00	814.00	799.00	796.00	794.00	792.00	790.00	783.00	781.00	779.00	778.00	776.00	774.00	772.00	771.00	770.00	768.00	767.00	766.00	765.00	763.00	762.00	759.00	754.00	752.00	747.00	745.00	744.00	742.00	739.00	739.00	737.00	735.00	733.00	731.00	730.00	729.00	728.00	725.00	724.00	723.00	723.00	722.00	722.00	722.00	722.00	722.00	722.00	722.00	722.00	722.00	722.00	721.00	720.00	719.00	718.00	717.00	717.00	719.00	723.00	725.00	729.00	731.00	732.00	734.00	744.00	750.00	755.00	758.00	759.00	762.00	763.00	764.00	765.00	768.00	771.00	772.00	775.00	777.00	782.00	785.00	786.00	789.00	791.00	793.00	794.00	796.00	796.00	797.00	798.00	798.00	799.00	799.00	800.00	800.00	800.00	800.00	801.00	801.00	801.00	801.00	800.00	799.00	798.00	797.00	795.00	788.00	786.00	785.00	782.00	777.00	774.00	771.00	769.00	766.00	763.00	761.00	759.00	757.00	755.00	753.00	751.00	749.00	743.00	740.00	737.00	734.00	731.00	726.00	725.00	725.00	725.00	724.00	724.00	725.00	724.00	724.00	723.00	724.00	723.00	723.00	723.00	722.00	722.00	722.00	721.00	720.00	719.00	716.00	716.00
828.00	818.00	816.00	815.00	815.00	816.00	816.00	816.00	817.00	817.00	818.00	819.00	819.00	819.00	820.00	820.00	820.00	821.00	821.00	822.00	821.00	822.00	822.00	823.00	824.00	825.00	826.00	827.00	829.00	830.00	830.00	831.00	833.00	834.00	835.00	835.00	835.00	836.00	836.00	836.00	836.00	836.00	836.00	836.00	836.00	836.00	836.00	836.00	835.00	835.00	835.00	835.00	835.00	835.00	835.00	834.00	834.00	834.00	833.00	833.00	833.00	833.00	833.00	833.00	832.00	832.00	832.00	831.00	830.00	830.00	830.00	829.00	829.00	828.00	828.00	828.00	827.00	826.00	826.00	825.00	825.00	824.00	823.00	822.00	822.00	821.00	820.00	819.00	818.00	818.00	817.00	816.00	816.00	816.00	816.00	816.00	816.00	818.00	820.00	825.00	831.00	839.00	846.00	850.00	844.00	835.00	825.00	814.00	799.00	796.00	794.00	792.00	790.00	783.00	781.00	779.00	778.00	776.00	774.00	772.00	771.00	770.00	768.00	767.00	766.00	765.00	763.00	762.00	759.00	754.00	752.00	747.00	745.00	744.00	742.00	739.00	739.00	737.00	735.00	733.00	731.00	730.00	729.00	728.00	725.00	724.00	723.00	723.00	722.00	722.00	722.00	722.00	722.00	722.00	722.00	722.00	722.00	722.00	721.00	720.00	719.00	718.00	717.00	717.00	719.00	723.00	725.00	729.00	731.00	732.00	734.00	744.00	750.00	755.00	758.00	759.00	762.00	763.00	764.00	765.00	768.00	771.00	772.00	775.00	777.00	782.00	785.00	786.00	789.00	791.00	793.00	794.00	796.00	796.00	797.00	798.00	798.00	799.00	799.00	800.00	800.00	800.00	800.00	801.00	801.00	801.00	801.00	800.00	799.00	798.00	797.00	795.00	788.00	786.00	785.00	782.00	777.00	774.00	771.00	769.00	766.00	763.00	761.00	759.00	757.00	755.00	753.00	751.00	749.00	743.00	740.00	737.00	734.00	731.00	726.00	725.00	725.00	725.00	724.00	724.00	725.00	724.00	724.00	723.00	724.00	723.00	723.00	723.00	722.00	722.00	722.00	721.00	720.00	719.00	716.00	716.00
828.00	818.00	816.00	815.00	815.00	816.00	816.00	816.00	817.00	817.00	818.00	819.00	819.00	819.00	820.00	820.00	820.00	821.00	821.00	822.00	821.00	822.00	822.00	823.00	824.00	825.00	826.00	827.00	829.00	830.00	830.00	831.00	833.00	834.00	835.00	835.00	835.00	836.00	836.00	836.00	836.00	836.00	836.00	836.00	836.00	836.00	836.00	836.00	835.00	835.00	835.00	835.00	835.00	835.00	835.00	834.00	834.00	834.00	833.00	833.00	833.00	833.00	833.00	833.00	832.00	832.00	832.00	831.00	830.00	830.00	830.00	829.00	829.00	828.00	828.00	828.00	827.00	826.00	826.00	825.00	825.00	824.00	823.00	822.00	822.00	821.00	820.00	819.00	818.00	818.00	817.00	816.00	816.00	816.00	816.00	816.00	816.00	818.00	820.00	825.00	831.00	839.00	846.00	850.00	844.00	835.00	825.00	814.00	799.00	796.00	794.00	792.00	790.00	783.00	781.00	779.00	778.00	776.00	774.00	772.00	771.00	770.00	768.00	767.00	766.00	765.00	763.00	762.00	759.00	754.00	752.00	747.00	745.00	744.00	742.00	739.00	739.00	737.00	735.00	733.00	731.00	730.00	729.00	728.00	725.00	724.00	723.00	723.00	722.00	722.00	722.00	722.00	722.00	722.00	722.00	722.00	722.00	722.00	721.00	720.00	719.00	718.00	717.00	717.00	719.00	723.00	725.00	729.00	731.00	732.00	734.00	744.00	750.00	755.00	758.00	759.00	762.00	763.00	764.00	765.00	768.00	771.00	772.00	775.00	777.00	782.00	785.00	786.00	789.00	791.00	793.00	794.00	796.00	796.00	797.00	798.00	798.00	799.00	799.00	800.00	800.00	800.00	800.00	801.00	801.00	801.00	801.00	800.00	799.00	798.00	797.00	795.00	788.00	786.00	785.00	782.00	777.00	774.00	771.00	769.00	766.00	763.00	761.00	759.00	757.00	755.00	753.00	751.00	749.00	743.00	740.00	737.00	734.00	731.00	726.00	725.00	725.00	725.00	724.00	724.00	725.00	724.00	724.00	723.00	724.00	723.00	723.00	723.00	722.00	722.00	722.00	721.00	720.00	719.00	716.00	716.00
816.00	816.00	815.00	815.00	815.00	816.00	817.00	817.00	818.00	818.00	819.00	819.00	820.00	821.00	821.00	821.00	821.00	822.00	822.00	823.00	824.00	825.00	827.00	830.00	832.00	833.00	835.00	836.00	837.00	838.00	839.00	839.00	840.00	840.00	841.00	841.00	841.00	841.00	841.00	841.00	841.00	841.00	841.00	841.00	841.00	841.00	841.00	841.00	841.00	841.00	841.00	841.00	841.00	841.00	841.00	840.00	840.00	840.00	840.00	840.00	840.00	840.00	840.00	840.00	840.00	840.00	839.00	839.00	839.00	838.00	838.00	837.00	837.00	835.00	835.00	834.00	832.00	831.00	830.00	829.00	828.00	828.00	825.00	824.00	824.00	823.00	821.00	821.00	820.00	820.00	819.00	818.00	818.00	817.00	817.00	816.00	816.00	816.00	816.00	816.00	816.00	819.00	826.00	834.00	848.00	852.00	848.00	839.00	807.00	802.00	799.00	797.00	795.00	790.00	788.00	786.00	782.00	779.00	777.00	775.00	774.00	773.00	770.00	769.00	769.00	767.00	765.00	764.00	764.00	761.00	759.00	753.00	750.00	748.00	745.00	742.00	741.00	740.00	738.00	736.00	733.00	732.00	732.00	731.00	727.00	726.00	725.00	724.00	723.00	722.00	722.00	722.00	722.00	722.00	722.00	722.00	722.00	721.00	719.00	718.00	717.00	717.00	720.00	723.00	726.00	728.00	731.00	737.00	739.00	742.00	746.00	756.00	759.00	761.00	763.00	764.00	767.00	769.00	771.00	773.00	778.00	784.00	787.00	790.00	793.00	795.00	797.00	798.00	798.00	799.00	800.00	800.00	801.00	801.00	801.00	801.00	801.00	801.00	801.00	801.00	801.00	801.00	801.00	800.00	799.00	798.00	796.00	793.00	789.00	785.00	782.00	779.00	772.00	769.00	767.00	764.00	761.00	759.00	758.00	756.00	754.00	749.00	747.00	742.00	740.00	737.00	734.00	732.00	729.00	727.00	726.00	726.00	725.00	725.00	725.00	725.00	724.00	724.00	724.00	724.00	724.00	723.00	723.00	723.00	722.00	721.00	720.00	719.00	718.00	717.00	715.00	714.00	711.00	710.00	708.00	707.00
816.00	816.00	815.00	815.00	815.00	816.00	817.00	817.00	818.00	818.00	819.00	819.00	820.00	821.00	821.00	821.00	821.00	822.00	822.00	823.00	824.00	825.00	827.00	830.00	832.00	833.00	835.00	836.00	837.00	838.00	839.00	839.00	840.00	840.00	841.00	841.00	841.00	841.00	841.00	841.00	841.00	841.00	841.00	841.00	841.00	841.00	841.00	841.00	841.00	841.00	841.00	841.00	841.00	841.00	841.00	840.00	840.00	840.00	840.00	840.00	840.00	840.00	840.00	840.00	840.00	840.00	839.00	839.00	839.00	838.00	838.00	837.00	837.00	835.00	835.00	834.00	832.00	831.00	830.00	829.00	828.00	828.00	825.00	824.00	824.00	823.00	821.00	821.00	820.00	820.00	819.00	818.00	818.00	817.00	817.00	816.00	816.00	816.00	816.00	816.00	816.00	819.00	826.00	834.00	848.00	852.00	848.00	839.00	807.00	802.00	799.00	797.00	795.00	790.00	788.00	786.00	782.00	779.00	777.00	775.00	774.00	773.00	770.00	769.00	769.00	767.00	765.00	764.00	764.00	761.00	759.00	753.00	750.00	748.00	745.00	742.00	741.00	740.00	738.00	736.00	733.00	732.00	732.00	731.00	727.00	726.00	725.00	724.00	723.00	722.00	722.00	722.00	722.00	722.00	722.00	722.00	722.00	721.00	719.00	718.00	717.00	717.00	720.00	723.00	726.00	728.00	731.00	737.00	739.00	742.00	746.00	756.00	759.00	761.00	763.00	764.00	767.00	769.00	771.00	773.00	778.00	784.00	787.00	790.00	793.00	795.00	797.00	798.00	798.00	799.00	800.00	800.00	801.00	801.00	801.00	801.00	801.00	801.00	801.00	801.00	801.00	801.00	801.00	800.00	799.00	798.00	796.00	793.00	789.00	785.00	782.00	779.00	772.00	769.00	767.00	764.00	761.00	759.00	758.00	756.00	754.00	749.00	747.00	742.00	740.00	737.00	734.00	732.00	729.00	727.00	726.00	726.00	725.00	725.00	725.00	725.00	724.00	724.00	724.00	724.00	724.00	723.00	723.00	723.00	722.00	721.00	720.00	719.00	718.00	717.00	715.00	714.00	711.00	710.00	708.00	707.00
816.00	816.00	815.00	815.00	815.00	816.00	817.00	817.00	818.00	818.00	819.00	819.00	820.00	821.00	821.00	821.00	821.00	822.00	822.00	823.00	824.00	825.00	827.00	830.00	832.00	833.00	835.00	836.00	837.00	838.00	839.00	839.00	840.00	840.00	841.00	841.00	841.00	841.00	841.00	841.00	841.00	841.00	841.00	841.00	841.00	841.00	841.00	841.00	841.00	841.00	841.00	841.00	841.00	841.00	841.00	840.00	840.00	840.00	840.00	840.00	840.00	840.00	840.00	840.00	840.00	840.00	839.00	839.00	839.00	838.00	838.00	837.00	837.00	835.00	835.00	834.00	832.00	831.00	830.00	829.00	828.00	828.00	825.00	824.00	824.00	823.00	821.00	821.00	820.00	820.00	819.00	818.00	818.00	817.00	817.00	816.00	816.00	816.00	816.00	816.00	816.00	819.00	826.00	834.00	848.00	852.00	848.00	839.00	807.00	802.00	799.00	797.00	795.00	790.00	788.00	786.00	782.00	779.00	777.00	775.00	774.00	773.00	770.00	769.00	769.00	767.00	765.00	764.00	764.00	761.00	759.00	753.00	750.00	748.00	745.00	742.00	741.00	740.00	738.00	736.00	733.00	732.00	732.00	731.00	727.00	726.00	725.00	724.00	723.00	722.00	722.00	722.00	722.00	722.00	722.00	722.00	722.00	721.00	719.00	718.00	717.00	717.00	720.00	723.00	726.00	728.00	731.00	737.00	739.00	742.00	746.00	756.00	759.00	761.00	763.00	764.00	767.00	769.00	771.00	773.00	778.00	784.00	787.00	790.00	793.00	795.00	797.00	798.00	798.00	799.00	800.00	800.00	801.00	801.00	801.00	801.00	801.00	801.00	801.00	801.00	801.00	801.00	801.00	800.00	799.00	798.00	796.00	793.00	789.00	785.00	782.00	779.00	772.00	769.00	767.00	764.00	761.00	759.00	758.00	756.00	754.00	749.00	747.00	742.00	740.00	737.00	734.00	732.00	729.00	727.00	726.00	726.00	725.00	725.00	725.00	725.00	724.00	724.00	724.00	724.00	724.00	723.00	723.00	723.00	722.00	721.00	720.00	719.00	718.00	717.00	715.00	714.00	711.00	710.00	708.00	707.00
816.00	816.00	816.00	816.00	817.00	818.00	818.00	819.00	819.00	820.00	820.00	820.00	821.00	822.00	823.00	824.00	825.00	826.00	828.00	831.00	833.00	834.00	836.00	838.00	839.00	840.00	840.00	841.00	842.00	842.00	842.00	842.00	843.00	843.00	844.00	844.00	844.00	845.00	845.00	845.00	845.00	846.00	846.00	846.00	846.00	846.00	846.00	846.00	846.00	846.00	846.00	846.00	846.00	846.00	846.00	846.00	846.00	845.00	845.00	845.00	845.00	845.00	845.00	845.00	844.00	844.00	844.00	844.00	843.00	842.00	842.00	842.00	841.00	840.00	840.00	839.00	838.00	836.00	835.00	834.00	833.00	832.00	830.00	829.00	827.00	826.00	823.00	823.00	822.00	822.00	821.00	820.00	819.00	819.00	818.00	818.00	817.00	817.00	816.00	816.00	816.00	815.00	816.00	820.00	835.00	841.00	847.00	851.00	830.00	816.00	807.00	803.00	800.00	795.00	794.00	792.00	789.00	785.00	780.00	778.00	776.00	776.00	773.00	772.00	771.00	770.00	768.00	767.00	766.00	764.00	763.00	759.00	756.00	752.00	749.00	744.00	743.00	741.00	740.00	738.00	735.00	735.00	734.00	733.00	731.00	729.00	728.00	726.00	724.00	722.00	722.00	722.00	722.00	722.00	722.00	722.00	721.00	719.00	717.00	716.00	718.00	720.00	725.00	729.00	733.00	738.00	742.00	748.00	752.00	754.00	757.00	763.00	764.00	765.00	767.00	769.00	774.00	776.00	781.00	786.00	793.00	797.00	797.00	799.00	800.00	800.00	801.00	801.00	801.00	801.00	801.00	802.00	802.00	802.00	801.00	801.00	801.00	801.00	800.00	800.00	799.00	798.00	794.00	788.00	784.00	781.00	776.00	769.00	766.00	764.00	762.00	760.00	755.00	754.00	752.00	750.00	746.00	745.00	742.00	740.00	737.00	734.00	732.00	730.00	728.00	726.00	726.00	725.00	725.00	724.00	724.00	724.00	724.00	724.00	724.00	723.00	723.00	723.00	722.00	722.00	721.00	721.00	720.00	718.00	716.00	715.00	714.00	711.00	709.00	708.00	707.00	706.00	706.00	705.00	705.00	704.00
816.00	816.00	816.00	816.00	817.00	818.00	818.00	819.00	819.00	820.00	820.00	820.00	821.00	822.00	823.00	824.00	825.00	826.00	828.00	831.00	833.00	834.00	836.00	838.00	839.00	840.00	840.00	841.00	842.00	842.00	842.00	842.00	843.00	843.00	844.00	844.00	844.00	845.00	845.00	845.00	845.00	846.00	846.00	846.00	846.00	846.00	846.00	846.00	846.00	846.00	846.00	846.00	846.00	846.00	846.00	846.00	846.00	845.00	845.00	845.00	845.00	845.00	845.00	845.00	844.00	844.00	844.00	844.00	843.00	842.00	842.00	842.00	841.00	840.00	840.00	839.00	838.00	836.00	835.00	834.00	833.00	832.00	830.00	829.00	827.00	826.00	823.00	823.00	822.00	822.00	821.00	820.00	819.00	819.00	818.00	818.00	817.00	817.00	816.00	816.00	816.00	815.00	816.00	820.00	835.00	841.00	847.00	851.00	830.00	816.00	807.00	803.00	800.00	795.00	794.00	792.00	789.00	785.00	780.00	778.00	776.00	776.00	773.00	772.00	771.00	770.00	768.00	767.00	766.00	764.00	763.00	759.00	756.00	752.00	749.00	744.00	743.00	741.00	740.00	738.00	735.00	735.00	734.00	733.00	731.00	729.00	728.00	726.00	724.00	722.00	722.00	722.00	722.00	722.00	722.00	722.00	721.00	719.00	717.00	716.00	718.00	720.00	725.00	729.00	733.00	738.00	742.00	748.00	752.00	754.00	757.00	763.00	764.00	765.00	767.00	769.00	774.00	776.00	781.00	786.00	793.00	797.00	797.00	799.00	800.00	800.00	801.00	801.00	801.00	801.00	801.00	802.00	802.00	802.00	801.00	801.00	801.00	801.00	800.00	800.00	799.00	798.00	794.00	788.00	784.00	781.00	776.00	769.00	766.00	764.00	762.00	760.00	755.00	754.00	752.00	750.00	746.00	745.00	742.00	740.00	737.00	734.00	732.00	730.00	728.00	726.00	726.00	725.00	725.00	724.00	724.00	724.00	724.00	724.00	724.00	723.00	723.00	723.00	722.00	722.00	721.00	721.00	720.00	718.00	716.00	715.00	714.00	711.00	709.00	708.00	707.00	706.00	706.00	705.00	705.00	704.00
816.00	816.00	816.00	816.00	817.00	818.00	818.00	819.00	819.00	820.00	820.00	820.00	821.00	822.00	823.00	824.00	825.00	826.00	828.00	831.00	833.00	834.00	836.00	838.00	839.00	840.00	840.00	841.00	842.00	842.00	842.00	842.00	843.00	843.00	844.00	844.00	844.00	845.00	845.00	845.00	845.00	846.00	846.00	846.00	846.00	846.00	846.00	846.00	846.00	846.00	846.00	846.00	846.00	846.00	846.00	846.00	846.00	845.00	845.00	845.00	845.00	845.00	845.00	845.00	844.00	844.00	844.00	844.00	843.00	842.00	842.00	842.00	841.00	840.00	840.00	839.00	838.00	836.00	835.00	834.00	833.00	832.00	830.00	829.00	827.00	826.00	823.00	823.00	822.00	822.00	821.00	820.00	819.00	819.00	818.00	818.00	817.00	817.00	816.00	816.00	816.00	815.00	816.00	820.00	835.00	841.00	847.00	851.00	830.00	816.00	807.00	803.00	800.00	795.00	794.00	792.00	789.00	785.00	780.00	778.00	776.00	776.00	773.00	772.00	771.00	770.00	768.00	767.00	766.00	764.00	763.00	759.00	756.00	752.00	749.00	744.00	743.00	741.00	740.00	738.00	735.00	735.00	734.00	733.00	731.00	729.00	728.00	726.00	724.00	722.00	722.00	722.00	722.00	722.00	722.00	722.00	721.00	719.00	717.00	716.00	718.00	720.00	725.00	729.00	733.00	738.00	742.00	748.00	752.00	754.00	757.00	763.00	764.00	765.00	767.00	769.00	774.00	776.00	781.00	786.00	793.00	797.00	797.00	799.00	800.00	800.00	801.00	801.00	801.00	801.00	801.00	802.00	802.00	802.00	801.00	801.00	801.00	801.00	800.00	800.00	799.00	798.00	794.00	788.00	784.00	781.00	776.00	769.00	766.00	764.00	762.00	760.00	755.00	754.00	752.00	750.00	746.00	745.00	742.00	740.00	737.00	734.00	732.00	730.00	728.00	726.00	726.00	725.00	725.00	724.00	724.00	724.00	724.00	724.00	724.00	723.00	723.00	723.00	722.00	722.00	721.00	721.00	720.00	718.00	716.00	715.00	714.00	711.00	709.00	708.00	707.00	706.00	706.00	705.00	705.00	704.00
816.00	816.00	817.00	818.00	818.00	819.00	819.00	820.00	821.00	821.00	822.00	823.00	824.00	825.00	831.00	833.00	835.00	836.00	837.00	839.00	840.00	840.00	841.00	842.00	842.00	842.00	843.00	843.00	844.00	844.00	844.00	845.00	845.00	845.00	846.00	846.00	847.00	847.00	848.00	848.00	849.00	849.00	850.00	850.00	850.00	851.00	852.00	852.00	852.00	852.00	852.00	852.00	853.00	853.00	853.00	853.00	853.00	853.00	853.00	853.00	853.00	852.00	852.00	852.00	852.00	851.00	850.00	850.00	849.00	848.00	847.00	846.00	846.00	845.00	844.00	843.00	842.00	840.00	839.00	838.00	837.00	836.00	834.00	833.00	831.00	830.00	826.00	826.00	825.00	824.00	822.00	822.00	821.00	820.00	820.00	819.00	818.00	817.00	816.00	816.00	816.00	816.00	816.00	816.00	824.00	831.00	837.00	843.00	852.00	845.00	832.00	820.00	809.00	800.00	798.00	796.00	794.00	791.00	786.00	783.00	781.00	779.00	776.00	775.00	774.00	773.00	771.00	770.00	769.00	766.00	764.00	762.00	761.00	757.00	753.00	747.00	745.00	744.00	742.00	739.00	737.00	736.00	735.00	735.00	733.00	732.00	731.00	729.00	727.00	723.00	722.00	722.00	722.00	722.00	722.00	722.00	720.00	717.00	716.00	718.00	722.00	724.00	731.00	735.00	739.00	742.00	748.00	754.00	757.00	759.00	761.00	766.00	768.00	769.00	770.00	773.00	781.00	788.00	792.00	794.00	799.00	801.00	801.00	801.00	801.00	802.00	802.00	802.00	802.00	802.00	802.00	801.00	801.00	801.00	800.00	799.00	797.00	797.00	792.00	789.00	786.00	783.00	773.00	764.00	760.00	757.00	755.00	752.00	750.00	748.00	746.00	744.00	740.00	738.00	737.00	736.00	733.00	732.00	731.00	730.00	729.00	727.00	726.00	725.00	725.00	724.00	724.00	724.00	724.00	723.00	724.00	723.00	723.00	723.00	721.00	720.00	719.00	719.00	717.00	716.00	715.00	714.00	712.00	710.00	708.00	707.00	706.00	705.00	704.00	704.00	704.00	703.00	703.00	703.00	702.00	702.00
816.00	816.00	817.00	818.00	818.00	819.00	819.00	820.00	821.00	821.00	822.00	823.00	824.00	825.00	831.00	833.00	835.00	836.00	837.00	839.00	840.00	840.00	841.00	842.00	842.00	842.00	843.00	843.00	844.00	844.00	844.00	845.00	845.00	845.00	846.00	846.00	847.00	847.00	848.00	848.00	849.00	849.00	850.00	850.00	850.00	851.00	852.00	852.00	852.00	852.00	852.00	852.00	853.00	853.00	853.00	853.00	853.00	853.00	853.00	853.00	853.00	852.00	852.00	852.00	852.00	851.00	850.00	850.00	849.00	848.00	847.00	846.00	846.00	845.00	844.00	843.00	842.00	840.00	839.00	838.00	837.00	836.00	834.00	833.00	831.00	830.00	826.00	826.00	825.00	824.00	822.00	822.00	821.00	820.00	820.00	819.00	818.00	817.00	816.00	816.00	816.00	816.00	816.00	816.00	824.00	831.00	837.00	843.00	852.00	845.00	832.00	820.00	809.00	800.00	798.00	796.00	794.00	791.00	786.00	783.00	781.00	779.00	776.00	775.00	774.00	773.00	771.00	770.00	769.00	766.00	764.00	762.00	761.00	757.00	753.00	747.00	745.00	744.00	742.00	739.00	737.00	736.00	735.00	735.00	733.00	732.00	731.00	729.00	727.00	723.00	722.00	722.00	722.00	722.00	722.00	722.00	720.00	717.00	716.00	718.00	722.00	724.00	731.00	735.00	739.00	742.00	748.00	754.00	757.00	759.00	761.00	766.00	768.00	769.00	770.00	773.00	781.00	788.00	792.00	794.00	799.00	801.00	801.00	801.00	801.00	802.00	802.00	802.00	802.00	802.00	802.00	801.00	801.00	801.00	800.00	799.00	797.00	797.00	792.00	789.00	786.00	783.00	773.00	764.00	760.00	757.00	755.00	752.00	750.00	748.00	746.00	744.00	740.00	738.00	737.00	736.00	733.00	732.00	731.00	730.00	729.00	727.00	726.00	725.00	725.00	724.00	724.00	724.00	724.00	723.00	724.00	723.00	723.00	723.00	721.00	720.00	719.00	719.00	717.00	716.00	715.00	714.00	712.00	710.00	708.00	707.00	706.00	705.00	704.00	704.00	704.00	703.00	703.00	703.00	702.00	702.00
816.00	816.00	817.00	818.00	818.00	819.00	819.00	820.00	821.00	821.00	822.00	823.00	824.00	825.00	831.00	833.00	835.00	836.00	837.00	839.00	840.00	840.00	841.00	842.00	842.00	842.00	843.00	843.00	844.00	844.00	844.00	845.00	845.00	845.00	846.00	846.00	847.00	847.00	848.00	848.00	849.00	849.00	850.00	850.00	850.00	851.00	852.00	852.00	852.00	852.00	852.00	852.00	853.00	853.00	853.00	853.00	853.00	853.00	853.00	853.00	853.00	852.00	852.00	852.00	852.00	851.00	850.00	850.00	849.00	848.00	847.00	846.00	846.00	845.00	844.00	843.00	842.00	840.00	839.00	838.00	837.00	836.00	834.00	833.00	831.00	830.00	826.00	826.00	825.00	824.00	822.00	822.00	821.00	820.00	820.00	819.00	818.00	817.00	816.00	816.00	816.00	816.00	816.00	816.00	824.00	831.00	837.00	843.00	852.00	845.00	832.00	820.00	809.00	800.00	798.00	796.00	794.00	791.00	786.00	783.00	781.00	779.00	776.00	775.00	774.00	773.00	771.00	770.00	769.00	766.00	764.00	762.00	761.00	757.00	753.00	747.00	745.00	744.00	742.00	739.00	737.00	736.00	735.00	735.00	733.00	732.00	731.00	729.00	727.00	723.00	722.00	722.00	722.00	722.00	722.00	722.00	720.00	717.00	716.00	718.00	722.00	724.00	731.00	735.00	739.00	742.00	748.00	754.00	757.00	759.00	761.00	766.00	768.00	769.00	770.00	773.00	781.00	788.00	792.00	794.00	799.00	801.00	801.00	801.00	801.00	802.00	802.00	802.00	802.00	802.00	802.00	801.00	801.00	801.00	800.00	799.00	797.00	797.00	792.00	789.00	786.00	783.00	773.00	764.00	760.00	757.00	755.00	752.00	750.00	748.00	746.00	744.00	740.00	738.00	737.00	736.00	733.00	732.00	731.00	730.00	729.00	727.00	726.00	725.00	725.00	724.00	724.00	724.00	724.00	723.00	724.00	723.00	723.00	723.00	721.00	720.00	719.00	719.00	717.00	716.00	715.00	714.00	712.00	710.00	708.00	707.00	706.00	705.00	704.00	704.00	704.00	703.00	703.00	703.00	702.00	702.00
817.00	818.00	818.00	819.00	820.00	821.00	822.00	822.00	823.00	825.00	828.00	830.00	833.00	835.00	840.00	840.00	841.00	841.00	842.00	843.00	844.00	844.00	844.00	845.00	845.00	845.00	845.00	845.00	846.00	846.00	847.00	847.00	848.00	848.00	849.00	849.00	850.00	851.00	852.00	852.00	852.00	853.00	853.00	854.00	854.00	855.00	855.00	856.00	856.00	856.00	856.00	856.00	856.00	856.00	857.00	857.00	857.00	857.00	857.00	858.00	858.00	858.00	858.00	858.00	857.00	856.00	854.00	854.00	854.00	853.00	853.00	851.00	850.00	847.00	846.00	846.00	844.00	843.00	842.00	841.00	840.00	839.00	838.00	837.00	835.00	834.00	830.00	829.00	828.00	827.00	824.00	823.00	822.00	822.00	821.00	820.00	819.00	818.00	817.00	816.00	816.00	816.00	816.00	815.00	816.00	821.00	827.00	833.00	847.00	851.00	852.00	845.00	833.00	809.00	804.00	801.00	798.00	795.00	792.00	789.00	786.00	784.00	779.00	778.00	777.00	775.00	773.00	772.00	771.00	768.00	765.00	763.00	763.00	762.00	759.00	752.00	749.00	747.00	745.00	741.00	739.00	738.00	737.00	737.00	734.00	733.00	732.00	731.00	730.00	725.00	723.00	722.00	722.00	722.00	721.00	720.00	718.00	716.00	718.00	721.00	725.00	729.00	735.00	739.00	741.00	745.00	752.00	756.00	759.00	762.00	763.00	767.00	769.00	770.00	771.00	775.00	784.00	793.00	794.00	796.00	801.00	801.00	801.00	801.00	801.00	801.00	801.00	801.00	801.00	800.00	800.00	799.00	797.00	795.00	788.00	784.00	780.00	777.00	768.00	766.00	763.00	760.00	756.00	750.00	746.00	745.00	742.00	739.00	738.00	737.00	736.00	735.00	732.00	731.00	730.00	729.00	728.00	727.00	726.00	726.00	725.00	724.00	724.00	723.00	724.00	723.00	723.00	723.00	722.00	721.00	720.00	719.00	718.00	717.00	715.00	714.00	713.00	712.00	710.00	709.00	708.00	707.00	707.00	705.00	705.00	704.00	704.00	703.00	703.00	702.00	702.00	702.00	701.00	701.00	700.00	699.00
817.00	818.00	818.00	819.00	820.00	821.00	822.00	822.00	823.00	825.00	828.00	830.00	833.00	835.00	840.00	840.00	841.00	841.00	842.00	843.00	844.00	844.00	844.00	845.00	845.00	845.00	845.00	845.00	846.00	846.00	847.00	847.00	848.00	848.00	849.00	849.00	850.00	851.00	852.00	852.00	852.00	853.00	853.00	854.00	854.00	855.00	855.00	856.00	856.00	856.00	856.00	856.00	856.00	856.00	857.00	857.00	857.00	857.00	857.00	858.00	858.00	858.00	858.00	858.00	857.00	856.00	854.00	854.00	854.00	853.00	853.00	851.00	850.00	847.00	846.00	846.00	844.00	843.00	842.00	841.00	840.00	839.00	838.00	837.00	835.00	834.00	830.00	829.00	828.00	827.00	824.00	823.00	822.00	822.00	821.00	820.00	819.00	818.00	817.00	816.00	816.00	816.00	816.00	815.00	816.00	821.00	827.00	833.00	847.00	851.00	852.00	845.00	833.00	809.00	804.00	801.00	798.00	795.00	792.00	789.00	786.00	784.00	779.00	778.00	777.00	775.00	773.00	772.00	771.00	768.00	765.00	763.00	763.00	762.00	759.00	752.00	749.00	747.00	745.00	741.00	739.00	738.00	737.00	737.00	734.00	733.00	732.00	731.00	730.00	725.00	723.00	722.00	722.00	722.00	721.00	720.00	718.00	716.00	718.00	721.00	725.00	729.00	735.00	739.00	741.00	745.00	752.00	756.00	759.00	762.00	763.00	767.00	769.00	770.00	771.00	775.00	784.00	793.00	794.00	796.00	801.00	801.00	801.00	801.00	801.00	801.00	801.00	801.00	801.00	800.00	800.00	799.00	797.00	795.00	788.00	784.00	780.00	777.00	768.00	766.00	763.00	760.00	756.00	750.00	746.00	745.00	742.00	739.00	738.00	737.00	736.00	735.00	732.00	731.00	730.00	729.00	728.00	727.00	726.00	726.00	725.00	724.00	724.00	723.00	724.00	723.00	723.00	723.00	722.00	721.00	720.00	719.00	718.00	717.00	715.00	714.00	713.00	712.00	710.00	709.00	708.00	707.00	707.00	705.00	705.00	704.00	704.00	703.00	703.00	702.00	702.00	702.00	701.00	701.00	700.00	699.00
817.00	818.00	818.00	819.00	820.00	821.00	822.00	822.00	823.00	825.00	828.00	830.00	833.00	835.00	840.00	840.00	841.00	841.00	842.00	843.00	844.00	844.00	844.00	845.00	845.00	845.00	845.00	845.00	846.00	846.00	847.00	847.00	848.00	848.00	849.00	849.00	850.00	851.00	852.00	852.00	852.00	853.00	853.00	854.00	854.00	855.00	855.00	856.00	856.00	856.00	856.00	856.00	856.00	856.00	857.00	857.00	857.00	857.00	857.00	858.00	858.00	858.00	858.00	858.00	857.00	856.00	854.00	854.00	854.00	853.00	853.00	851.00	850.00	847.00	846.00	846.00	844.00	843.00	842.00	841.00	840.00	839.00	838.00	837.00	835.00	834.00	830.00	829.00	828.00	827.00	824.00	823.00	822.00	822.00	821.00	820.00	819.00	818.00	817.00	816.00	816.00	816.00	816.00	815.00	816.00	821.00	827.00	833.00	847.00	851.00	852.00	845.00	833.00	809.00	804.00	801.00	798.00	795.00	792.00	789.00	786.00	784.00	779.00	778.00	777.00	775.00	773.00	772.00	771.00	768.00	765.00	763.00	763.00	762.00	759.00	752.00	749.00	747.00	745.00	741.00	739.00	738.00	737.00	737.00	734.00	733.00	732.00	731.00	730.00	725.00	723.00	722.00	722.00	722.00	721.00	720.00	718.00	716.00	718.00	721.00	725.00	729.00	735.00	739.00	741.00	745.00	752.00	756.00	759.00	762.00	763.00	767.00	769.00	770.00	771.00	775.00	784.00	793.00	794.00	796.00	801.00	801.00	801.00	801.00	801.00	801.00	801.00	801.00	801.00	800.00	800.00	799.00	797.00	795.00	788.00	784.00	780.00	777.00	768.00	766.00	763.00	760.00	756.00	750.00	746.00	745.00	742.00	739.00	738.00	737.00	736.00	735.00	732.00	731.00	730.00	729.00	728.00	727.00	726.00	726.00	725.00	724.00	724.00	723.00	724.00	723.00	723.00	723.00	722.00	721.00	720.00	719.00	718.00	717.00	715.00	714.00	713.00	712.00	710.00	709.00	708.00	707.00	707.00	705.00	705.00	704.00	704.00	703.00	703.00	702.00	702.00	702.00	701.00	701.00	700.00	699.00
819.00	820.00	820.00	822.00	823.00	825.00	826.00	828.00	830.00	831.00	835.00	837.00	839.00	839.00	842.00	842.00	844.00	844.00	844.00	844.00	845.00	845.00	846.00	846.00	846.00	847.00	847.00	848.00	848.00	849.00	849.00	850.00	851.00	851.00	852.00	853.00	853.00	854.00	855.00	855.00	856.00	857.00	857.00	857.00	858.00	859.00	860.00	860.00	861.00	861.00	862.00	862.00	862.00	862.00	863.00	863.00	863.00	864.00	864.00	864.00	864.00	864.00	864.00	864.00	863.00	862.00	857.00	857.00	855.00	855.00	855.00	854.00	854.00	851.00	850.00	849.00	847.00	845.00	845.00	843.00	842.00	840.00	840.00	839.00	838.00	837.00	833.00	832.00	830.00	829.00	825.00	824.00	823.00	823.00	822.00	821.00	820.00	819.00	817.00	816.00	816.00	816.00	816.00	815.00	815.00	815.00	819.00	825.00	840.00	844.00	848.00	851.00	852.00	834.00	821.00	811.00	805.00	801.00	796.00	794.00	791.00	789.00	784.00	782.00	779.00	777.00	775.00	774.00	773.00	769.00	766.00	764.00	764.00	763.00	762.00	756.00	752.00	748.00	746.00	743.00	740.00	739.00	739.00	738.00	736.00	735.00	733.00	732.00	732.00	728.00	727.00	724.00	722.00	720.00	720.00	719.00	718.00	716.00	719.00	723.00	728.00	731.00	738.00	739.00	741.00	744.00	750.00	754.00	757.00	760.00	762.00	766.00	768.00	769.00	770.00	773.00	779.00	786.00	790.00	793.00	797.00	798.00	799.00	798.00	798.00	797.00	797.00	796.00	794.00	789.00	786.00	782.00	776.00	773.00	770.00	767.00	765.00	762.00	757.00	755.00	753.00	750.00	745.00	739.00	738.00	736.00	736.00	733.00	732.00	731.00	731.00	730.00	728.00	727.00	726.00	726.00	725.00	724.00	724.00	723.00	723.00	723.00	723.00	722.00	722.00	720.00	719.00	718.00	717.00	716.00	715.00	715.00	713.00	713.00	710.00	709.00	709.00	708.00	707.00	707.00	706.00	705.00	704.00	704.00	703.00	702.00	702.00	701.00	701.00	701.00	701.00	700.00	699.00	698.00	697.00	697.00
819.00	820.00	820.00	822.00	823.00	825.00	826.00	828.00	830.00	831.00	835.00	837.00	839.00	839.00	842.00	842.00	844.00	844.00	844.00	844.00	845.00	845.00	846.00	846.00	846.00	847.00	847.00	848.00	848.00	849.00	849.00	850.00	851.00	851.00	852.00	853.00	853.00	854.00	855.00	855.00	856.00	857.00	857.00	857.00	858.00	859.00	860.00	860.00	861.00	861.00	862.00	862.00	862.00	862.00	863.00	863.00	863.00	864.00	864.00	864.00	864.00	864.00	864.00	864.00	863.00	862.00	857.00	857.00	855.00	855.00	855.00	854.00	854.00	851.00	850.00	849.00	847.00	845.00	845.00	843.00	842.00	840.00	840.00	839.00	838.00	837.00	833.00	832.00	830.00	829.00	825.00	824.00	823.00	823.00	822.00	821.00	820.00	819.00	817.00	816.00	816.00	816.00	816.00	815.00	815.00	815.00	819.00	825.00	840.00	844.00	848.00	851.00	852.00	834.00	821.00	811.00	805.00	801.00	796.00	794.00	791.00	789.00	784.00	782.00	779.00	777.00	775.00	774.00	773.00	769.00	766.00	764.00	764.00	763.00	762.00	756.00	752.00	748.00	746.00	743.00	740.00	739.00	739.00	738.00	736.00	735.00	733.00	732.00	732.00	728.00	727.00	724.00	722.00	720.00	720.00	719.00	718.00	716.00	719.00	723.00	728.00	731.00	738.00	739.00	741.00	744.00	750.00	754.00	757.00	760.00	762.00	766.00	768.00	769.00	770.00	773.00	779.00	786.00	790.00	793.00	797.00	798.00	799.00	798.00	798.00	797.00	797.00	796.00	794.00	789.00	786.00	782.00	776.00	773.00	770.00	767.00	765.00	762.00	757.00	755.00	753.00	750.00	745.00	739.00	738.00	736.00	736.00	733.00	732.00	731.00	731.00	730.00	728.00	727.00	726.00	726.00	725.00	724.00	724.00	723.00	723.00	723.00	723.00	722.00	722.00	720.00	719.00	718.00	717.00	716.00	715.00	715.00	713.00	713.00	710.00	709.00	709.00	708.00	707.00	707.00	706.00	705.00	704.00	704.00	703.00	702.00	702.00	701.00	701.00	701.00	701.00	700.00	699.00	698.00	697.00	697.00
819.00	820.00	820.00	822.00	823.00	825.00	826.00	828.00	830.00	831.00	835.00	837.00	839.00	839.00	842.00	842.00	844.00	844.00	844.00	844.00	845.00	845.00	846.00	846.00	846.00	847.00	847.00	848.00	848.00	849.00	849.00	850.00	851.00	851.00	852.00	853.00	853.00	854.00	855.00	855.00	856.00	857.00	857.00	857.00	858.00	859.00	860.00	860.00	861.00	861.00	862.00	862.00	862.00	862.00	863.00	863.00	863.00	864.00	864.00	864.00	864.00	864.00	864.00	864.00	863.00	862.00	857.00	857.00	855.00	855.00	855.00	854.00	854.00	851.00	850.00	849.00	847.00	845.00	845.00	843.00	842.00	840.00	840.00	839.00	838.00	837.00	833.00	832.00	830.00	829.00	825.00	824.00	823.00	823.00	822.00	821.00	820.00	819.00	817.00	816.00	816.00	816.00	816.00	815.00	815.00	815.00	819.00	825.00	840.00	844.00	848.00	851.00	852.00	834.00	821.00	811.00	805.00	801.00	796.00	794.00	791.00	789.00	784.00	782.00	779.00	777.00	775.00	774.00	773.00	769.00	766.00	764.00	764.00	763.00	762.00	756.00	752.00	748.00	746.00	743.00	740.00	739.00	739.00	738.00	736.00	735.00	733.00	732.00	732.00	728.00	727.00	724.00	722.00	720.00	720.00	719.00	718.00	716.00	719.00	723.00	728.00	731.00	738.00	739.00	741.00	744.00	750.00	754.00	757.00	760.00	762.00	766.00	768.00	769.00	770.00	773.00	779.00	786.00	790.00	793.00	797.00	798.00	799.00	798.00	798.00	797.00	797.00	796.00	794.00	789.00	786.00	782.00	776.00	773.00	770.00	767.00	765.00	762.00	757.00	755.00	753.00	750.00	745.00	739.00	738.00	736.00	736.00	733.00	732.00	731.00	731.00	730.00	728.00	727.00	726.00	726.00	725.00	724.00	724.00	723.00	723.00	723.00	723.00	722.00	722.00	720.00	719.00	718.00	717.00	716.00	715.00	715.00	713.00	713.00	710.00	709.00	709.00	708.00	707.00	707.00	706.00	705.00	704.00	704.00	703.00	702.00	702.00	701.00	701.00	701.00	701.00	700.00	699.00	698.00	697.00	697.00
819.00	820.00	820.00	822.00	823.00	825.00	826.00	828.00	830.00	831.00	835.00	837.00	839.00	839.00	842.00	842.00	844.00	844.00	844.00	844.00	845.00	845.00	846.00	846.00	846.00	847.00	847.00	848.00	848.00	849.00	849.00	850.00	851.00	851.00	852.00	853.00	853.00	854.00	855.00	855.00	856.00	857.00	857.00	857.00	858.00	859.00	860.00	860.00	861.00	861.00	862.00	862.00	862.00	862.00	863.00	863.00	863.00	864.00	864.00	864.00	864.00	864.00	864.00	864.00	863.00	862.00	857.00	857.00	855.00	855.00	855.00	854.00	854.00	851.00	850.00	849.00	847.00	845.00	845.00	843.00	842.00	840.00	840.00	839.00	838.00	837.00	833.00	832.00	830.00	829.00	825.00	824.00	823.00	823.00	822.00	821.00	820.00	819.00	817.00	816.00	816.00	816.00	816.00	815.00	815.00	815.00	819.00	825.00	840.00	844.00	848.00	851.00	852.00	834.00	821.00	811.00	805.00	801.00	796.00	794.00	791.00	789.00	784.00	782.00	779.00	777.00	775.00	774.00	773.00	769.00	766.00	764.00	764.00	763.00	762.00	756.00	752.00	748.00	746.00	743.00	740.00	739.00	739.00	738.00	736.00	735.00	733.00	732.00	732.00	728.00	727.00	724.00	722.00	720.00	720.00	719.00	718.00	716.00	719.00	723.00	728.00	731.00	738.00	739.00	741.00	744.00	750.00	754.00	757.00	760.00	762.00	766.00	768.00	769.00	770.00	773.00	779.00	786.00	790.00	793.00	797.00	798.00	799.00	798.00	798.00	797.00	797.00	796.00	794.00	789.00	786.00	782.00	776.00	773.00	770.00	767.00	765.00	762.00	757.00	755.00	753.00	750.00	745.00	739.00	738.00	736.00	736.00	733.00	732.00	731.00	731.00	730.00	728.00	727.00	726.00	726.00	725.00	724.00	724.00	723.00	723.00	723.00	723.00	722.00	722.00	720.00	719.00	718.00	717.00	716.00	715.00	715.00	713.00	713.00	710.00	709.00	709.00	708.00	707.00	707.00	706.00	705.00	704.00	704.00	703.00	702.00	702.00	701.00	701.00	701.00	701.00	700.00	699.00	698.00	697.00	697.00
822.00	824.00	824.00	827.00	828.00	832.00	832.00	834.00	835.00	837.00	840.00	841.00	841.00	842.00	845.00	845.00	846.00	846.00	846.00	847.00	847.00	848.00	848.00	849.00	849.00	849.00	850.00	851.00	851.00	852.00	852.00	853.00	854.00	855.00	856.00	857.00	858.00	860.00	860.00	861.00	862.00	864.00	864.00	865.00	866.00	868.00	869.00	869.00	870.00	870.00	871.00	870.00	871.00	871.00	871.00	871.00	871.00	872.00	872.00	872.00	870.00	869.00	869.00	869.00	869.00	869.00	862.00	861.00	859.00	858.00	858.00	856.00	855.00	853.00	852.00	851.00	847.00	846.00	845.00	844.00	842.00	840.00	839.00	839.00	839.00	838.00	835.00	834.00	833.00	831.00	825.00	825.00	824.00	823.00	823.00	821.00	821.00	819.00	816.00	816.00	815.00	815.00	815.00	815.00	814.00	814.00	814.00	816.00	830.00	835.00	839.00	843.00	847.00	851.00	845.00	837.00	827.00	809.00	801.00	798.00	796.00	794.00	790.00	788.00	785.00	782.00	777.00	776.00	775.00	771.00	767.00	765.00	764.00	764.00	763.00	760.00	755.00	750.00	748.00	745.00	741.00	740.00	739.00	739.00	738.00	736.00	734.00	733.00	733.00	731.00	730.00	727.00	725.00	721.00	720.00	719.00	718.00	716.00	720.00	724.00	730.00	731.00	738.00	740.00	741.00	744.00	748.00	752.00	754.00	755.00	758.00	763.00	765.00	767.00	768.00	769.00	772.00	774.00	775.00	778.00	784.00	785.00	785.00	785.00	785.00	783.00	782.00	780.00	778.00	773.00	771.00	770.00	767.00	765.00	761.00	758.00	756.00	753.00	749.00	747.00	745.00	743.00	739.00	735.00	734.00	733.00	732.00	730.00	729.00	728.00	728.00	727.00	725.00	725.00	725.00	724.00	723.00	723.00	723.00	723.00	723.00	722.00	721.00	719.00	718.00	716.00	715.00	715.00	714.00	712.00	712.00	711.00	710.00	709.00	708.00	707.00	707.00	706.00	705.00	705.00	704.00	704.00	704.00	702.00	701.00	701.00	701.00	700.00	700.00	699.00	698.00	698.00	697.00	697.00	696.00	696.00
822.00	824.00	824.00	827.00	828.00	832.00	832.00	834.00	835.00	837.00	840.00	841.00	841.00	842.00	845.00	845.00	846.00	846.00	846.00	847.00	847.00	848.00	848.00	849.00	849.00	849.00	850.00	851.00	851.00	852.00	852.00	853.00	854.00	855.00	856.00	857.00	858.00	860.00	860.00	861.00	862.00	864.00	864.00	865.00	866.00	868.00	869.00	869.00	870.00	870.00	871.00	870.00	871.00	871.00	871.00	871.00	871.00	872.00	872.00	872.00	870.00	869.00	869.00	869.00	869.00	869.00	862.00	861.00	859.00	858.00	858.00	856.00	855.00	853.00	852.00	851.00	847.00	846.00	845.00	844.00	842.00	840.00	839.00	839.00	839.00	838.00	835.00	834.00	833.00	831.00	825.00	825.00	824.00	823.00	823.00	821.00	821.00	819.00	816.00	816.00	815.00	815.00	815.00	815.00	814.00	814.00	814.00	816.00	830.00	835.00	839.00	843.00	847.00	851.00	845.00	837.00	827.00	809.00	801.00	798.00	796.00	794.00	790.00	788.00	785.00	782.00	777.00	776.00	775.00	771.00	767.00	765.00	764.00	764.00	763.00	760.00	755.00	750.00	748.00	745.00	741.00	740.00	739.00	739.00	738.00	736.00	734.00	733.00	733.00	731.00	730.00	727.00	725.00	721.00	720.00	719.00	718.00	716.00	720.00	724.00	730.00	731.00	738.00	740.00	741.00	744.00	748.00	752.00	754.00	755.00	758.00	763.00	765.00	767.00	768.00	769.00	772.00	774.00	775.00	778.00	784.00	785.00	785.00	785.00	785.00	783.00	782.00	780.00	778.00	773.00	771.00	770.00	767.00	765.00	761.00	758.00	756.00	753.00	749.00	747.00	745.00	743.00	739.00	735.00	734.00	733.00	732.00	730.00	729.00	728.00	728.00	727.00	725.00	725.00	725.00	724.00	723.00	723.00	723.00	723.00	723.00	722.00	721.00	719.00	718.00	716.00	715.00	715.00	714.00	712.00	712.00	711.00	710.00	709.00	708.00	707.00	707.00	706.00	705.00	705.00	704.00	704.00	704.00	702.00	701.00	701.00	701.00	700.00	700.00	699.00	698.00	698.00	697.00	697.00	696.00	696.00
822.00	824.00	824.00	827.00	828.00	832.00	832.00	834.00	835.00	837.00	840.00	841.00	841.00	842.00	845.00	845.00	846.00	846.00	846.00	847.00	847.00	848.00	848.00	849.00	849.00	849.00	850.00	851.00	851.00	852.00	852.00	853.00	854.00	855.00	856.00	857.00	858.00	860.00	860.00	861.00	862.00	864.00	864.00	865.00	866.00	868.00	869.00	869.00	870.00	870.00	871.00	870.00	871.00	871.00	871.00	871.00	871.00	872.00	872.00	872.00	870.00	869.00	869.00	869.00	869.00	869.00	862.00	861.00	859.00	858.00	858.00	856.00	855.00	853.00	852.00	851.00	847.00	846.00	845.00	844.00	842.00	840.00	839.00	839.00	839.00	838.00	835.00	834.00	833.00	831.00	825.00	825.00	824.00	823.00	823.00	821.00	821.00	819.00	816.00	816.00	815.00	815.00	815.00	815.00	814.00	814.00	814.00	816.00	830.00	835.00	839.00	843.00	847.00	851.00	845.00	837.00	827.00	809.00	801.00	798.00	796.00	794.00	790.00	788.00	785.00	782.00	777.00	776.00	775.00	771.00	767.00	765.00	764.00	764.00	763.00	760.00	755.00	750.00	748.00	745.00	741.00	740.00	739.00	739.00	738.00	736.00	734.00	733.00	733.00	731.00	730.00	727.00	725.00	721.00	720.00	719.00	718.00	716.00	720.00	724.00	730.00	731.00	738.00	740.00	741.00	744.00	748.00	752.00	754.00	755.00	758.00	763.00	765.00	767.00	768.00	769.00	772.00	774.00	775.00	778.00	784.00	785.00	785.00	785.00	785.00	783.00	782.00	780.00	778.00	773.00	771.00	770.00	767.00	765.00	761.00	758.00	756.00	753.00	749.00	747.00	745.00	743.00	739.00	735.00	734.00	733.00	732.00	730.00	729.00	728.00	728.00	727.00	725.00	725.00	725.00	724.00	723.00	723.00	723.00	723.00	723.00	722.00	721.00	719.00	718.00	716.00	715.00	715.00	714.00	712.00	712.00	711.00	710.00	709.00	708.00	707.00	707.00	706.00	705.00	705.00	704.00	704.00	704.00	702.00	701.00	701.00	701.00	700.00	700.00	699.00	698.00	698.00	697.00	697.00	696.00	696.00
826.00	828.00	829.00	832.00	834.00	837.00	838.00	839.00	839.00	840.00	843.00	843.00	844.00	845.00	847.00	848.00	848.00	848.00	848.00	849.00	850.00	850.00	850.00	852.00	852.00	852.00	853.00	853.00	854.00	855.00	856.00	857.00	859.00	860.00	862.00	863.00	864.00	866.00	867.00	868.00	869.00	870.00	871.00	871.00	871.00	873.00	874.00	875.00	875.00	875.00	876.00	877.00	877.00	878.00	878.00	879.00	879.00	879.00	879.00	878.00	872.00	871.00	871.00	870.00	870.00	869.00	862.00	862.00	860.00	859.00	859.00	858.00	856.00	855.00	854.00	852.00	847.00	846.00	845.00	845.00	843.00	841.00	840.00	840.00	839.00	839.00	838.00	837.00	836.00	834.00	827.00	826.00	826.00	825.00	824.00	823.00	822.00	820.00	817.00	816.00	816.00	816.00	815.00	815.00	815.00	815.00	815.00	815.00	822.00	826.00	830.00	835.00	839.00	847.00	851.00	852.00	849.00	833.00	814.00	806.00	802.00	799.00	795.00	793.00	791.00	788.00	781.00	778.00	777.00	773.00	768.00	766.00	766.00	765.00	764.00	762.00	758.00	751.00	749.00	746.00	742.00	741.00	740.00	739.00	739.00	737.00	735.00	734.00	734.00	732.00	732.00	731.00	728.00	723.00	721.00	720.00	718.00	716.00	720.00	725.00	731.00	732.00	738.00	739.00	741.00	743.00	746.00	749.00	751.00	752.00	753.00	758.00	761.00	763.00	764.00	765.00	768.00	769.00	769.00	769.00	770.00	771.00	771.00	770.00	770.00	769.00	768.00	768.00	767.00	764.00	763.00	761.00	757.00	756.00	753.00	751.00	749.00	747.00	744.00	742.00	740.00	739.00	735.00	732.00	731.00	730.00	729.00	727.00	726.00	726.00	725.00	725.00	724.00	723.00	723.00	723.00	723.00	723.00	723.00	722.00	721.00	718.00	717.00	715.00	714.00	712.00	712.00	711.00	710.00	709.00	708.00	708.00	708.00	707.00	706.00	706.00	705.00	705.00	704.00	704.00	703.00	703.00	702.00	701.00	700.00	700.00	699.00	698.00	698.00	698.00	697.00	697.00	695.00	694.00	693.00	693.00
826.00	828.00	829.00	832.00	834.00	837.00	838.00	839.00	839.00	840.00	843.00	843.00	844.00	845.00	847.00	848.00	848.00	848.00	848.00	849.00	850.00	850.00	850.00	852.00	852.00	852.00	853.00	853.00	854.00	855.00	856.00	857.00	859.00	860.00	862.00	863.00	864.00	866.00	867.00	868.00	869.00	870.00	871.00	871.00	871.00	873.00	874.00	875.00	875.00	875.00	876.00	877.00	877.00	878.00	878.00	879.00	879.00	879.00	879.00	878.00	872.00	871.00	871.00	870.00	870.00	869.00	862.00	862.00	860.00	859.00	859.00	858.00	856.00	855.00	854.00	852.00	847.00	846.00	845.00	845.00	843.00	841.00	840.00	840.00	839.00	839.00	838.00	837.00	836.00	834.00	827.00	826.00	826.00	825.00	824.00	823.00	822.00	820.00	817.00	816.00	816.00	816.00	815.00	815.00	815.00	815.00	815.00	815.00	822.00	826.00	830.00	835.00	839.00	847.00	851.00	852.00	849.00	833.00	814.00	806.00	802.00	799.00	795.00	793.00	791.00	788.00	781.00	778.00	777.00	773.00	768.00	766.00	766.00	765.00	764.00	762.00	758.00	751.00	749.00	746.00	742.00	741.00	740.00	739.00	739.00	737.00	735.00	734.00	734.00	732.00	732.00	731.00	728.00	723.00	721.00	720.00	718.00	716.00	720.00	725.00	731.00	732.00	738.00	739.00	741.00	743.00	746.00	749.00	751.00	752.00	753.00	758.00	761.00	763.00	764.00	765.00	768.00	769.00	769.00	769.00	770.00	771.00	771.00	770.00	770.00	769.00	768.00	768.00	767.00	764.00	763.00	761.00	757.00	756.00	753.00	751.00	749.00	747.00	744.00	742.00	740.00	739.00	735.00	732.00	731.00	730.00	729.00	727.00	726.00	726.00	725.00	725.00	724.00	723.00	723.00	723.00	723.00	723.00	723.00	722.00	721.00	718.00	717.00	715.00	714.00	712.00	712.00	711.00	710.00	709.00	708.00	708.00	708.00	707.00	706.00	706.00	705.00	705.00	704.00	704.00	703.00	703.00	702.00	701.00	700.00	700.00	699.00	698.00	698.00	698.00	697.00	697.00	695.00	694.00	693.00	693.00
826.00	828.00	829.00	832.00	834.00	837.00	838.00	839.00	839.00	840.00	843.00	843.00	844.00	845.00	847.00	848.00	848.00	848.00	848.00	849.00	850.00	850.00	850.00	852.00	852.00	852.00	853.00	853.00	854.00	855.00	856.00	857.00	859.00	860.00	862.00	863.00	864.00	866.00	867.00	868.00	869.00	870.00	871.00	871.00	871.00	873.00	874.00	875.00	875.00	875.00	876.00	877.00	877.00	878.00	878.00	879.00	879.00	879.00	879.00	878.00	872.00	871.00	871.00	870.00	870.00	869.00	862.00	862.00	860.00	859.00	859.00	858.00	856.00	855.00	854.00	852.00	847.00	846.00	845.00	845.00	843.00	841.00	840.00	840.00	839.00	839.00	838.00	837.00	836.00	834.00	827.00	826.00	826.00	825.00	824.00	823.00	822.00	820.00	817.00	816.00	816.00	816.00	815.00	815.00	815.00	815.00	815.00	815.00	822.00	826.00	830.00	835.00	839.00	847.00	851.00	852.00	849.00	833.00	814.00	806.00	802.00	799.00	795.00	793.00	791.00	788.00	781.00	778.00	777.00	773.00	768.00	766.00	766.00	765.00	764.00	762.00	758.00	751.00	749.00	746.00	742.00	741.00	740.00	739.00	739.00	737.00	735.00	734.00	734.00	732.00	732.00	731.00	728.00	723.00	721.00	720.00	718.00	716.00	720.00	725.00	731.00	732.00	738.00	739.00	741.00	743.00	746.00	749.00	751.00	752.00	753.00	758.00	761.00	763.00	764.00	765.00	768.00	769.00	769.00	769.00	770.00	771.00	771.00	770.00	770.00	769.00	768.00	768.00	767.00	764.00	763.00	761.00	757.00	756.00	753.00	751.00	749.00	747.00	744.00	742.00	740.00	739.00	735.00	732.00	731.00	730.00	729.00	727.00	726.00	726.00	725.00	725.00	724.00	723.00	723.00	723.00	723.00	723.00	723.00	722.00	721.00	718.00	717.00	715.00	714.00	712.00	712.00	711.00	710.00	709.00	708.00	708.00	708.00	707.00	706.00	706.00	705.00	705.00	704.00	704.00	703.00	703.00	702.00	701.00	700.00	700.00	699.00	698.00	698.00	698.00	697.00	697.00	695.00	694.00	693.00	693.00
831.00	833.00	834.00	838.00	839.00	840.00	841.00	842.00	843.00	844.00	845.00	846.00	846.00	847.00	849.00	850.00	850.00	850.00	851.00	852.00	853.00	853.00	853.00	855.00	856.00	857.00	858.00	858.00	860.00	861.00	862.00	863.00	865.00	866.00	868.00	869.00	870.00	872.00	873.00	874.00	875.00	877.00	877.00	878.00	879.00	881.00	883.00	884.00	884.00	885.00	886.00	886.00	887.00	887.00	887.00	887.00	887.00	885.00	884.00	884.00	877.00	876.00	874.00	874.00	872.00	870.00	862.00	861.00	859.00	858.00	858.00	857.00	856.00	854.00	854.00	853.00	848.00	846.00	845.00	845.00	843.00	841.00	841.00	840.00	840.00	840.00	839.00	838.00	838.00	837.00	828.00	828.00	827.00	826.00	826.00	824.00	823.00	821.00	818.00	817.00	816.00	816.00	816.00	815.00	815.00	815.00	815.00	815.00	815.00	818.00	821.00	825.00	829.00	839.00	845.00	849.00	851.00	851.00	837.00	826.00	817.00	809.00	800.00	797.00	795.00	793.00	789.00	783.00	779.00	774.00	769.00	766.00	765.00	765.00	764.00	762.00	759.00	752.00	750.00	747.00	743.00	741.00	740.00	740.00	739.00	737.00	735.00	734.00	734.00	733.00	732.00	731.00	730.00	725.00	723.00	722.00	719.00	716.00	719.00	724.00	731.00	732.00	736.00	738.00	739.00	741.00	743.00	745.00	747.00	748.00	749.00	753.00	754.00	757.00	759.00	761.00	763.00	763.00	763.00	763.00	763.00	763.00	763.00	763.00	763.00	761.00	761.00	760.00	758.00	756.00	755.00	754.00	752.00	751.00	748.00	746.00	745.00	743.00	740.00	739.00	737.00	735.00	732.00	730.00	729.00	728.00	726.00	725.00	725.00	724.00	724.00	723.00	723.00	723.00	723.00	723.00	722.00	720.00	718.00	717.00	716.00	713.00	712.00	710.00	710.00	709.00	708.00	708.00	708.00	707.00	706.00	706.00	706.00	706.00	704.00	704.00	704.00	704.00	703.00	702.00	702.00	702.00	701.00	700.00	699.00	698.00	698.00	697.00	696.00	696.00	696.00	696.00	684.00	681.00	680.00	677.00
831.00	833.00	834.00	838.00	839.00	840.00	841.00	842.00	843.00	844.00	845.00	846.00	846.00	847.00	849.00	850.00	850.00	850.00	851.00	852.00	853.00	853.00	853.00	855.00	856.00	857.00	858.00	858.00	860.00	861.00	862.00	863.00	865.00	866.00	868.00	869.00	870.00	872.00	873.00	874.00	875.00	877.00	877.00	878.00	879.00	881.00	883.00	884.00	884.00	885.00	886.00	886.00	887.00	887.00	887.00	887.00	887.00	885.00	884.00	884.00	877.00	876.00	874.00	874.00	872.00	870.00	862.00	861.00	859.00	858.00	858.00	857.00	856.00	854.00	854.00	853.00	848.00	846.00	845.00	845.00	843.00	841.00	841.00	840.00	840.00	840.00	839.00	838.00	838.00	837.00	828.00	828.00	827.00	826.00	826.00	824.00	823.00	821.00	818.00	817.00	816.00	816.00	816.00	815.00	815.00	815.00	815.00	815.00	815.00	818.00	821.00	825.00	829.00	839.00	845.00	849.00	851.00	851.00	837.00	826.00	817.00	809.00	800.00	797.00	795.00	793.00	789.00	783.00	779.00	774.00	769.00	766.00	765.00	765.00	764.00	762.00	759.00	752.00	750.00	747.00	743.00	741.00	740.00	740.00	739.00	737.00	735.00	734.00	734.00	733.00	732.00	731.00	730.00	725.00	723.00	722.00	719.00	716.00	719.00	724.00	731.00	732.00	736.00	738.00	739.00	741.00	743.00	745.00	747.00	748.00	749.00	753.00	754.00	757.00	759.00	761.00	763.00	763.00	763.00	763.00	763.00	763.00	763.00	763.00	763.00	761.00	761.00	760.00	758.00	756.00	755.00	754.00	752.00	751.00	748.00	746.00	745.00	743.00	740.00	739.00	737.00	735.00	732.00	730.00	729.00	728.00	726.00	725.00	725.00	724.00	724.00	723.00	723.00	723.00	723.00	723.00	722.00	720.00	718.00	717.00	716.00	713.00	712.00	710.00	710.00	709.00	708.00	708.00	708.00	707.00	706.00	706.00	706.00	706.00	704.00	704.00	704.00	704.00	703.00	702.00	702.00	702.00	701.00	700.00	699.00	698.00	698.00	697.00	696.00	696.00	696.00	696.00	684.00	681.00	680.00	677.00
831.00	833.00	834.00	838.00	839.00	840.00	841.00	842.00	843.00	844.00	845.00	846.00	846.00	847.00	849.00	850.00	850.00	850.00	851.00	852.00	853.00	853.00	853.00	855.00	856.00	857.00	858.00	858.00	860.00	861.00	862.00	863.00	865.00	866.00	868.00	869.00	870.00	872.00	873.00	874.00	875.00	877.00	877.00	878.00	879.00	881.00	883.00	884.00	884.00	885.00	886.00	886.00	887.00	887.00	887.00	887.00	887.00	885.00	884.00	884.00	877.00	876.00	874.00	874.00	872.00	870.00	862.00	861.00	859.00	858.00	858.00	857.00	856.00	854.00	854.00	853.00	848.00	846.00	845.00	845.00	843.00	841.00	841.00	840.00	840.00	840.00	839.00	838.00	838.00	837.00	828.00	828.00	827.00	826.00	826.00	824.00	823.00	821.00	818.00	817.00	816.00	816.00	816.00	815.00	815.00	815.00	815.00	815.00	815.00	818.00	821.00	825.00	829.00	839.00	845.00	849.00	851.00	851.00	837.00	826.00	817.00	809.00	800.00	797.00	795.00	793.00	789.00	783.00	779.00	774.00	769.00	766.00	765.00	765.00	764.00	762.00	759.00	752.00	750.00	747.00	743.00	741.00	740.00	740.00	739.00	737.00	735.00	734.00	734.00	733.00	732.00	731.00	730.00	725.00	723.00	722.00	719.00	716.00	719.00	724.00	731.00	732.00	736.00	738.00	739.00	741.00	743.00	745.00	747.00	748.00	749.00	753.00	754.00	757.00	759.00	761.00	763.00	763.00	763.00	763.00	763.00	763.00	763.00	763.00	763.00	761.00	761.00	760.00	758.00	756.00	755.00	754.00	752.00	751.00	748.00	746.00	745.00	743.00	740.00	739.00	737.00	735.00	732.00	730.00	729.00	728.00	726.00	725.00	725.00	724.00	724.00	723.00	723.00	723.00	723.00	723.00	722.00	720.00	718.00	717.00	716.00	713.00	712.00	710.00	710.00	709.00	708.00	708.00	708.00	707.00	706.00	706.00	706.00	706.00	704.00	704.00	704.00	704.00	703.00	702.00	702.00	702.00	701.00	700.00	699.00	698.00	698.00	697.00	696.00	696.00	696.00	696.00	684.00	681.00	680.00	677.00
835.00	837.00	838.00	841.00	841.00	843.00	844.00	845.00	845.00	846.00	847.00	848.00	849.00	849.00	851.00	852.00	853.00	853.00	853.00	855.00	856.00	857.00	858.00	861.00	862.00	863.00	864.00	865.00	866.00	867.00	868.00	869.00	871.00	872.00	874.00	875.00	876.00	878.00	879.00	880.00	881.00	883.00	883.00	884.00	885.00	887.00	889.00	890.00	890.00	891.00	891.00	891.00	891.00	891.00	891.00	891.00	890.00	887.00	886.00	883.00	876.00	874.00	873.00	872.00	870.00	869.00	861.00	861.00	859.00	858.00	858.00	857.00	856.00	855.00	854.00	854.00	848.00	847.00	846.00	845.00	843.00	841.00	841.00	841.00	840.00	840.00	839.00	839.00	839.00	838.00	829.00	828.00	828.00	827.00	826.00	825.00	824.00	821.00	818.00	817.00	816.00	816.00	816.00	815.00	815.00	815.00	815.00	815.00	814.00	815.00	815.00	817.00	820.00	831.00	841.00	845.00	847.00	850.00	852.00	849.00	842.00	831.00	808.00	804.00	801.00	799.00	792.00	787.00	780.00	775.00	769.00	767.00	766.00	765.00	764.00	763.00	761.00	754.00	751.00	748.00	744.00	741.00	740.00	740.00	739.00	738.00	735.00	734.00	734.00	733.00	732.00	731.00	731.00	725.00	723.00	723.00	721.00	717.00	718.00	721.00	726.00	728.00	732.00	734.00	737.00	738.00	740.00	742.00	744.00	745.00	746.00	749.00	751.00	752.00	753.00	754.00	755.00	756.00	756.00	756.00	757.00	757.00	756.00	756.00	755.00	754.00	753.00	752.00	752.00	750.00	750.00	749.00	747.00	746.00	743.00	741.00	740.00	739.00	737.00	735.00	733.00	732.00	729.00	727.00	725.00	724.00	724.00	724.00	724.00	723.00	723.00	723.00	723.00	723.00	722.00	720.00	716.00	715.00	713.00	711.00	710.00	708.00	708.00	707.00	707.00	706.00	706.00	706.00	705.00	705.00	704.00	704.00	704.00	704.00	703.00	703.00	703.00	702.00	702.00	701.00	701.00	701.00	700.00	699.00	698.00	697.00	697.00	696.00	696.00	695.00	695.00	694.00	672.00	667.00	663.00	658.00
835.00	837.00	838.00	841.00	841.00	843.00	844.00	845.00	845.00	846.00	847.00	848.00	849.00	849.00	851.00	852.00	853.00	853.00	853.00	855.00	856.00	857.00	858.00	861.00	862.00	863.00	864.00	865.00	866.00	867.00	868.00	869.00	871.00	872.00	874.00	875.00	876.00	878.00	879.00	880.00	881.00	883.00	883.00	884.00	885.00	887.00	889.00	890.00	890.00	891.00	891.00	891.00	891.00	891.00	891.00	891.00	890.00	887.00	886.00	883.00	876.00	874.00	873.00	872.00	870.00	869.00	861.00	861.00	859.00	858.00	858.00	857.00	856.00	855.00	854.00	854.00	848.00	847.00	846.00	845.00	843.00	841.00	841.00	841.00	840.00	840.00	839.00	839.00	839.00	838.00	829.00	828.00	828.00	827.00	826.00	825.00	824.00	821.00	818.00	817.00	816.00	816.00	816.00	815.00	815.00	815.00	815.00	815.00	814.00	815.00	815.00	817.00	820.00	831.00	841.00	845.00	847.00	850.00	852.00	849.00	842.00	831.00	808.00	804.00	801.00	799.00	792.00	787.00	780.00	775.00	769.00	767.00	766.00	765.00	764.00	763.00	761.00	754.00	751.00	748.00	744.00	741.00	740.00	740.00	739.00	738.00	735.00	734.00	734.00	733.00	732.00	731.00	731.00	725.00	723.00	723.00	721.00	717.00	718.00	721.00	726.00	728.00	732.00	734.00	737.00	738.00	740.00	742.00	744.00	745.00	746.00	749.00	751.00	752.00	753.00	754.00	755.00	756.00	756.00	756.00	757.00	757.00	756.00	756.00	755.00	754.00	753.00	752.00	752.00	750.00	750.00	749.00	747.00	746.00	743.00	741.00	740.00	739.00	737.00	735.00	733.00	732.00	729.00	727.00	725.00	724.00	724.00	724.00	724.00	723.00	723.00	723.00	723.00	723.00	722.00	720.00	716.00	715.00	713.00	711.00	710.00	708.00	708.00	707.00	707.00	706.00	706.00	706.00	705.00	705.00	704.00	704.00	704.00	704.00	703.00	703.00	703.00	702.00	702.00	701.00	701.00	701.00	700.00	699.00	698.00	697.00	697.00	696.00	696.00	695.00	695.00	694.00	672.00	667.00	663.00	658.00
835.00	837.00	838.00	841.00	841.00	843.00	844.00	845.00	845.00	846.00	847.00	848.00	849.00	849.00	851.00	852.00	853.00	853.00	853.00	855.00	856.00	857.00	858.00	861.00	862.00	863.00	864.00	865.00	866.00	867.00	868.00	869.00	871.00	872.00	874.00	875.00	876.00	878.00	879.00	880.00	881.00	883.00	883.00	884.00	885.00	887.00	889.00	890.00	890.00	891.00	891.00	891.00	891.00	891.00	891.00	891.00	890.00	887.00	886.00	883.00	876.00	874.00	873.00	872.00	870.00	869.00	861.00	861.00	859.00	858.00	858.00	857.00	856.00	855.00	854.00	854.00	848.00	847.00	846.00	845.00	843.00	841.00	841.00	841.00	840.00	840.00	839.00	839.00	839.00	838.00	829.00	828.00	828.00	827.00	826.00	825.00	824.00	821.00	818.00	817.00	816.00	816.00	816.00	815.00	815.00	815.00	815.00	815.00	814.00	815.00	815.00	817.00	820.00	831.00	841.00	845.00	847.00	850.00	852.00	849.00	842.00	831.00	808.00	804.00	801.00	799.00	792.00	787.00	780.00	775.00	769.00	767.00	766.00	765.00	764.00	763.00	761.00	754.00	751.00	748.00	744.00	741.00	740.00	740.00	739.00	738.00	735.00	734.00	734.00	733.00	732.00	731.00	731.00	725.00	723.00	723.00	721.00	717.00	718.00	721.00	726.00	728.00	732.00	734.00	737.00	738.00	740.00	742.00	744.00	745.00	746.00	749.00	751.00	752.00	753.00	754.00	755.00	756.00	756.00	756.00	757.00	757.00	756.00	756.00	755.00	754.00	753.00	752.00	752.00	750.00	750.00	749.00	747.00	746.00	743.00	741.00	740.00	739.00	737.00	735.00	733.00	732.00	729.00	727.00	725.00	724.00	724.00	724.00	724.00	723.00	723.00	723.00	723.00	723.00	722.00	720.00	716.00	715.00	713.00	711.00	710.00	708.00	708.00	707.00	707.00	706.00	706.00	706.00	705.00	705.00	704.00	704.00	704.00	704.00	703.00	703.00	703.00	702.00	702.00	701.00	701.00	701.00	700.00	699.00	698.00	697.00	697.00	696.00	696.00	695.00	695.00	694.00	672.00	667.00	663.00	658.00
838.00	840.00	841.00	844.00	844.00	845.00	846.00	847.00	848.00	849.00	850.00	851.00	852.00	852.00	854.00	855.00	856.00	857.00	858.00	860.00	861.00	863.00	863.00	867.00	868.00	869.00	870.00	870.00	872.00	873.00	873.00	875.00	877.00	878.00	880.00	881.00	882.00	884.00	885.00	885.00	886.00	888.00	889.00	890.00	890.00	891.00	891.00	891.00	891.00	892.00	891.00	891.00	891.00	891.00	890.00	887.00	886.00	884.00	882.00	878.00	873.00	872.00	871.00	870.00	868.00	867.00	861.00	860.00	858.00	858.00	857.00	856.00	855.00	854.00	854.00	853.00	848.00	847.00	846.00	845.00	843.00	841.00	841.00	841.00	840.00	840.00	839.00	839.00	839.00	838.00	829.00	828.00	828.00	826.00	826.00	825.00	824.00	821.00	818.00	817.00	816.00	816.00	816.00	815.00	815.00	815.00	815.00	815.00	814.00	814.00	813.00	814.00	815.00	823.00	836.00	841.00	843.00	847.00	850.00	851.00	853.00	849.00	819.00	814.00	808.00	803.00	793.00	789.00	781.00	775.00	769.00	767.00	766.00	765.00	764.00	763.00	761.00	754.00	752.00	748.00	744.00	742.00	740.00	740.00	739.00	738.00	735.00	734.00	734.00	733.00	732.00	732.00	731.00	725.00	722.00	722.00	722.00	720.00	716.00	718.00	722.00	724.00	728.00	729.00	731.00	733.00	735.00	739.00	740.00	741.00	742.00	745.00	746.00	746.00	747.00	747.00	748.00	748.00	749.00	749.00	749.00	748.00	748.00	749.00	748.00	748.00	747.00	747.00	747.00	745.00	745.00	744.00	741.00	740.00	737.00	736.00	734.00	733.00	731.00	730.00	729.00	728.00	725.00	722.00	721.00	720.00	722.00	723.00	723.00	723.00	723.00	723.00	721.00	719.00	717.00	715.00	711.00	710.00	708.00	707.00	707.00	706.00	705.00	705.00	705.00	704.00	704.00	704.00	704.00	703.00	703.00	703.00	702.00	702.00	702.00	702.00	701.00	701.00	700.00	700.00	700.00	699.00	698.00	698.00	697.00	696.00	696.00	695.00	694.00	694.00	692.00	690.00	669.00	662.00	659.00	657.00
838.00	840.00	841.00	844.00	844.00	845.00	846.00	847.00	848.00	849.00	850.00	851.00	852.00	852.00	854.00	855.00	856.00	857.00	858.00	860.00	861.00	863.00	863.00	867.00	868.00	869.00	870.00	870.00	872.00	873.00	873.00	875.00	877.00	878.00	880.00	881.00	882.00	884.00	885.00	885.00	886.00	888.00	889.00	890.00	890.00	891.00	891.00	891.00	891.00	892.00	891.00	891.00	891.00	891.00	890.00	887.00	886.00	884.00	882.00	878.00	873.00	872.00	871.00	870.00	868.00	867.00	861.00	860.00	858.00	858.00	857.00	856.00	855.00	854.00	854.00	853.00	848.00	847.00	846.00	845.00	843.00	841.00	841.00	841.00	840.00	840.00	839.00	839.00	839.00	838.00	829.00	828.00	828.00	826.00	826.00	825.00	824.00	821.00	818.00	817.00	816.00	816.00	816.00	815.00	815.00	815.00	815.00	815.00	814.00	814.00	813.00	814.00	815.00	823.00	836.00	841.00	843.00	847.00	850.00	851.00	853.00	849.00	819.00	814.00	808.00	803.00	793.00	789.00	781.00	775.00	769.00	767.00	766.00	765.00	764.00	763.00	761.00	754.00	752.00	748.00	744.00	742.00	740.00	740.00	739.00	738.00	735.00	734.00	734.00	733.00	732.00	732.00	731.00	725.00	722.00	722.00	722.00	720.00	716.00	718.00	722.00	724.00	728.00	729.00	731.00	733.00	735.00	739.00	740.00	741.00	742.00	745.00	746.00	746.00	747.00	747.00	748.00	748.00	749.00	749.00	749.00	748.00	748.00	749.00	748.00	748.00	747.00	747.00	747.00	745.00	745.00	744.00	741.00	740.00	737.00	736.00	734.00	733.00	731.00	730.00	729.00	728.00	725.00	722.00	721.00	720.00	722.00	723.00	723.00	723.00	723.00	723.00	721.00	719.00	717.00	715.00	711.00	710.00	708.00	707.00	707.00	706.00	705.00	705.00	705.00	704.00	704.00	704.00	704.00	703.00	703.00	703.00	702.00	702.00	702.00	702.00	701.00	701.00	700.00	700.00	700.00	699.00	698.00	698.00	697.00	696.00	696.00	695.00	694.00	694.00	692.00	690.00	669.00	662.00	659.00	657.00
838.00	840.00	841.00	844.00	844.00	845.00	846.00	847.00	848.00	849.00	850.00	851.00	852.00	852.00	854.00	855.00	856.00	857.00	858.00	860.00	861.00	863.00	863.00	867.00	868.00	869.00	870.00	870.00	872.00	873.00	873.00	875.00	877.00	878.00	880.00	881.00	882.00	884.00	885.00	885.00	886.00	888.00	889.00	890.00	890.00	891.00	891.00	891.00	891.00	892.00	891.00	891.00	891.00	891.00	890.00	887.00	886.00	884.00	882.00	878.00	873.00	872.00	871.00	870.00	868.00	867.00	861.00	860.00	858.00	858.00	857.00	856.00	855.00	854.00	854.00	853.00	848.00	847.00	846.00	845.00	843.00	841.00	841.00	841.00	840.00	840.00	839.00	839.00	839.00	838.00	829.00	828.00	828.00	826.00	826.00	825.00	824.00	821.00	818.00	817.00	816.00	816.00	816.00	815.00	815.00	815.00	815.00	815.00	814.00	814.00	813.00	814.00	815.00	823.00	836.00	841.00	843.00	847.00	850.00	851.00	853.00	849.00	819.00	814.00	808.00	803.00	793.00	789.00	781.00	775.00	769.00	767.00	766.00	765.00	764.00	763.00	761.00	754.00	752.00	748.00	744.00	742.00	740.00	740.00	739.00	738.00	735.00	734.00	734.00	733.00	732.00	732.00	731.00	725.00	722.00	722.00	722.00	720.00	716.00	718.00	722.00	724.00	728.00	729.00	731.00	733.00	735.00	739.00	740.00	741.00	742.00	745.00	746.00	746.00	747.00	747.00	748.00	748.00	749.00	749.00	749.00	748.00	748.00	749.00	748.00	748.00	747.00	747.00	747.00	745.00	745.00	744.00	741.00	740.00	737.00	736.00	734.00	733.00	731.00	730.00	729.00	728.00	725.00	722.00	721.00	720.00	722.00	723.00	723.00	723.00	723.00	723.00	721.00	719.00	717.00	715.00	711.00	710.00	708.00	707.00	707.00	706.00	705.00	705.00	705.00	704.00	704.00	704.00	704.00	703.00	703.00	703.00	702.00	702.00	702.00	702.00	701.00	701.00	700.00	700.00	700.00	699.00	698.00	698.00	697.00	696.00	696.00	695.00	694.00	694.00	692.00	690.00	669.00	662.00	659.00	657.00
842.00	844.00	845.00	847.00	848.00	849.00	850.00	851.00	852.00	852.00	854.00	855.00	856.00	857.00	860.00	861.00	862.00	862.00	863.00	866.00	866.00	867.00	868.00	871.00	873.00	874.00	875.00	875.00	877.00	878.00	879.00	881.00	882.00	883.00	885.00	886.00	886.00	888.00	889.00	889.00	890.00	891.00	891.00	891.00	891.00	891.00	891.00	891.00	891.00	891.00	889.00	888.00	888.00	887.00	886.00	881.00	879.00	876.00	874.00	871.00	870.00	869.00	868.00	867.00	865.00	864.00	859.00	859.00	857.00	856.00	856.00	855.00	854.00	853.00	852.00	851.00	847.00	846.00	845.00	845.00	843.00	841.00	840.00	840.00	840.00	840.00	839.00	838.00	838.00	837.00	828.00	827.00	827.00	826.00	825.00	824.00	823.00	821.00	818.00	817.00	816.00	816.00	816.00	815.00	815.00	815.00	815.00	815.00	814.00	814.00	813.00	814.00	814.00	819.00	834.00	841.00	843.00	847.00	850.00	851.00	852.00	853.00	824.00	819.00	813.00	806.00	794.00	791.00	781.00	776.00	769.00	767.00	766.00	765.00	764.00	763.00	761.00	754.00	751.00	748.00	744.00	742.00	740.00	740.00	739.00	738.00	735.00	734.00	734.00	733.00	732.00	732.00	732.00	726.00	722.00	722.00	722.00	721.00	717.00	716.00	718.00	720.00	723.00	724.00	726.00	728.00	730.00	734.00	735.00	737.00	738.00	740.00	740.00	741.00	741.00	741.00	742.00	742.00	742.00	742.00	742.00	742.00	742.00	742.00	742.00	742.00	742.00	741.00	741.00	739.00	738.00	737.00	735.00	734.00	731.00	730.00	729.00	728.00	725.00	724.00	723.00	722.00	719.00	717.00	718.00	720.00	722.00	723.00	723.00	723.00	723.00	723.00	717.00	715.00	713.00	710.00	708.00	707.00	706.00	705.00	705.00	704.00	704.00	703.00	702.00	702.00	701.00	701.00	701.00	701.00	700.00	700.00	700.00	700.00	699.00	699.00	699.00	699.00	698.00	698.00	698.00	698.00	698.00	697.00	696.00	696.00	695.00	693.00	691.00	688.00	686.00	684.00	670.00	666.00	663.00	662.00
842.00	844.00	845.00	847.00	848.00	849.00	850.00	851.00	852.00	852.00	854.00	855.00	856.00	857.00	860.00	861.00	862.00	862.00	863.00	866.00	866.00	867.00	868.00	871.00	873.00	874.00	875.00	875.00	877.00	878.00	879.00	881.00	882.00	883.00	885.00	886.00	886.00	888.00	889.00	889.00	890.00	891.00	891.00	891.00	891.00	891.00	891.00	891.00	891.00	891.00	889.00	888.00	888.00	887.00	886.00	881.00	879.00	876.00	874.00	871.00	870.00	869.00	868.00	867.00	865.00	864.00	859.00	859.00	857.00	856.00	856.00	855.00	854.00	853.00	852.00	851.00	847.00	846.00	845.00	845.00	843.00	841.00	840.00	840.00	840.00	840.00	839.00	838.00	838.00	837.00	828.00	827.00	827.00	826.00	825.00	824.00	823.00	821.00	818.00	817.00	816.00	816.00	816.00	815.00	815.00	815.00	815.00	815.00	814.00	814.00	813.00	814.00	814.00	819.00	834.00	841.00	843.00	847.00	850.00	851.00	852.00	853.00	824.00	819.00	813.00	806.00	794.00	791.00	781.00	776.00	769.00	767.00	766.00	765.00	764.00	763.00	761.00	754.00	751.00	748.00	744.00	742.00	740.00	740.00	739.00	738.00	735.00	734.00	734.00	733.00	732.00	732.00	732.00	726.00	722.00	722.00	722.00	721.00	717.00	716.00	718.00	720.00	723.00	724.00	726.00	728.00	730.00	734.00	735.00	737.00	738.00	740.00	740.00	741.00	741.00	741.00	742.00	742.00	742.00	742.00	742.00	742.00	742.00	742.00	742.00	742.00	742.00	741.00	741.00	739.00	738.00	737.00	735.00	734.00	731.00	730.00	729.00	728.00	725.00	724.00	723.00	722.00	719.00	717.00	718.00	720.00	722.00	723.00	723.00	723.00	723.00	723.00	717.00	715.00	713.00	710.00	708.00	707.00	706.00	705.00	705.00	704.00	704.00	703.00	702.00	702.00	701.00	701.00	701.00	701.00	700.00	700.00	700.00	700.00	699.00	699.00	699.00	699.00	698.00	698.00	698.00	698.00	698.00	697.00	696.00	696.00	695.00	693.00	691.00	688.00	686.00	684.00	670.00	666.00	663.00	662.00
842.00	844.00	845.00	847.00	848.00	849.00	850.00	851.00	852.00	852.00	854.00	855.00	856.00	857.00	860.00	861.00	862.00	862.00	863.00	866.00	866.00	867.00	868.00	871.00	873.00	874.00	875.00	875.00	877.00	878.00	879.00	881.00	882.00	883.00	885.00	886.00	886.00	888.00	889.00	889.00	890.00	891.00	891.00	891.00	891.00	891.00	891.00	891.00	891.00	891.00	889.00	888.00	888.00	887.00	886.00	881.00	879.00	876.00	874.00	871.00	870.00	869.00	868.00	867.00	865.00	864.00	859.00	859.00	857.00	856.00	856.00	855.00	854.00	853.00	852.00	851.00	847.00	846.00	845.00	845.00	843.00	841.00	840.00	840.00	840.00	840.00	839.00	838.00	838.00	837.00	828.00	827.00	827.00	826.00	825.00	824.00	823.00	821.00	818.00	817.00	816.00	816.00	816.00	815.00	815.00	815.00	815.00	815.00	814.00	814.00	813.00	814.00	814.00	819.00	834.00	841.00	843.00	847.00	850.00	851.00	852.00	853.00	824.00	819.00	813.00	806.00	794.00	791.00	781.00	776.00	769.00	767.00	766.00	765.00	764.00	763.00	761.00	754.00	751.00	748.00	744.00	742.00	740.00	740.00	739.00	738.00	735.00	734.00	734.00	733.00	732.00	732.00	732.00	726.00	722.00	722.00	722.00	721.00	717.00	716.00	718.00	720.00	723.00	724.00	726.00	728.00	730.00	734.00	735.00	737.00	738.00	740.00	740.00	741.00	741.00	741.00	742.00	742.00	742.00	742.00	742.00	742.00	742.00	742.00	742.00	742.00	742.00	741.00	741.00	739.00	738.00	737.00	735.00	734.00	731.00	730.00	729.00	728.00	725.00	724.00	723.00	722.00	719.00	717.00	718.00	720.00	722.00	723.00	723.00	723.00	723.00	723.00	717.00	715.00	713.00	710.00	708.00	707.00	706.00	705.00	705.00	704.00	704.00	703.00	702.00	702.00	701.00	701.00	701.00	701.00	700.00	700.00	700.00	700.00	699.00	699.00	699.00	699.00	698.00	698.00	698.00	698.00	698.00	697.00	696.00	696.00	695.00	693.00	691.00	688.00	686.00	684.00	670.00	666.00	663.00	662.00
847.00	849.00	850.00	852.00	852.00	854.00	855.00	856.00	856.00	857.00	859.00	860.00	861.00	862.00	865.00	867.00	868.00	868.00	869.00	870.00	871.00	872.00	873.00	877.00	878.00	879.00	880.00	881.00	882.00	883.00	884.00	885.00	887.00	887.00	888.00	889.00	889.00	891.00	891.00	891.00	892.00	891.00	891.00	891.00	891.00	891.00	889.00	888.00	887.00	886.00	883.00	881.00	880.00	879.00	877.00	871.00	869.00	868.00	867.00	865.00	865.00	864.00	863.00	862.00	861.00	859.00	856.00	856.00	855.00	855.00	854.00	853.00	851.00	849.00	848.00	847.00	845.00	844.00	843.00	843.00	841.00	840.00	839.00	839.00	839.00	838.00	837.00	836.00	835.00	833.00	826.00	825.00	824.00	824.00	823.00	822.00	821.00	819.00	817.00	816.00	816.00	816.00	816.00	815.00	815.00	815.00	815.00	815.00	815.00	815.00	815.00	815.00	815.00	816.00	831.00	839.00	841.00	846.00	850.00	851.00	852.00	849.00	818.00	812.00	806.00	802.00	792.00	788.00	781.00	776.00	770.00	767.00	766.00	765.00	764.00	763.00	760.00	753.00	751.00	748.00	744.00	742.00	741.00	740.00	739.00	738.00	735.00	735.00	734.00	733.00	733.00	732.00	731.00	726.00	723.00	722.00	722.00	722.00	719.00	717.00	716.00	717.00	719.00	720.00	721.00	722.00	724.00	727.00	728.00	729.00	731.00	734.00	735.00	736.00	736.00	737.00	738.00	739.00	739.00	739.00	740.00	740.00	740.00	740.00	739.00	738.00	737.00	737.00	736.00	734.00	733.00	732.00	729.00	727.00	725.00	724.00	723.00	723.00	720.00	719.00	718.00	717.00	717.00	720.00	722.00	723.00	723.00	723.00	723.00	723.00	722.00	721.00	715.00	713.00	709.00	708.00	705.00	704.00	704.00	703.00	703.00	702.00	701.00	700.00	700.00	699.00	699.00	699.00	698.00	698.00	698.00	698.00	698.00	698.00	697.00	697.00	697.00	697.00	696.00	696.00	696.00	696.00	696.00	695.00	694.00	693.00	691.00	686.00	685.00	684.00	683.00	682.00	668.00	662.00	659.00	658.00
847.00	849.00	850.00	852.00	852.00	854.00	855.00	856.00	856.00	857.00	859.00	860.00	861.00	862.00	865.00	867.00	868.00	868.00	869.00	870.00	871.00	872.00	873.00	877.00	878.00	879.00	880.00	881.00	882.00	883.00	884.00	885.00	887.00	887.00	888.00	889.00	889.00	891.00	891.00	891.00	892.00	891.00	891.00	891.00	891.00	891.00	889.00	888.00	887.00	886.00	883.00	881.00	880.00	879.00	877.00	871.00	869.00	868.00	867.00	865.00	865.00	864.00	863.00	862.00	861.00	859.00	856.00	856.00	855.00	855.00	854.00	853.00	851.00	849.00	848.00	847.00	845.00	844.00	843.00	843.00	841.00	840.00	839.00	839.00	839.00	838.00	837.00	836.00	835.00	833.00	826.00	825.00	824.00	824.00	823.00	822.00	821.00	819.00	817.00	816.00	816.00	816.00	816.00	815.00	815.00	815.00	815.00	815.00	815.00	815.00	815.00	815.00	815.00	816.00	831.00	839.00	841.00	846.00	850.00	851.00	852.00	849.00	818.00	812.00	806.00	802.00	792.00	788.00	781.00	776.00	770.00	767.00	766.00	765.00	764.00	763.00	760.00	753.00	751.00	748.00	744.00	742.00	741.00	740.00	739.00	738.00	735.00	735.00	734.00	733.00	733.00	732.00	731.00	726.00	723.00	722.00	722.00	722.00	719.00	717.00	716.00	717.00	719.00	720.00	721.00	722.00	724.00	727.00	728.00	729.00	731.00	734.00	735.00	736.00	736.00	737.00	738.00	739.00	739.00	739.00	740.00	740.00	740.00	740.00	739.00	738.00	737.00	737.00	736.00	734.00	733.00	732.00	729.00	727.00	725.00	724.00	723.00	723.00	720.00	719.00	718.00	717.00	717.00	720.00	722.00	723.00	723.00	723.00	723.00	723.00	722.00	721.00	715.00	713.00	709.00	708.00	705.00	704.00	704.00	703.00	703.00	702.00	701.00	700.00	700.00	699.00	699.00	699.00	698.00	698.00	698.00	698.00	698.00	698.00	697.00	697.00	697.00	697.00	696.00	696.00	696.00	696.00	696.00	695.00	694.00	693.00	691.00	686.00	685.00	684.00	683.00	682.00	668.00	662.00	659.00	658.00
847.00	849.00	850.00	852.00	852.00	854.00	855.00	856.00	856.00	857.00	859.00	860.00	861.00	862.00	865.00	867.00	868.00	868.00	869.00	870.00	871.00	872.00	873.00	877.00	878.00	879.00	880.00	881.00	882.00	883.00	884.00	885.00	887.00	887.00	888.00	889.00	889.00	891.00	891.00	891.00	892.00	891.00	891.00	891.00	891.00	891.00	889.00	888.00	887.00	886.00	883.00	881.00	880.00	879.00	877.00	871.00	869.00	868.00	867.00	865.00	865.00	864.00	863.00	862.00	861.00	859.00	856.00	856.00	855.00	855.00	854.00	853.00	851.00	849.00	848.00	847.00	845.00	844.00	843.00	843.00	841.00	840.00	839.00	839.00	839.00	838.00	837.00	836.00	835.00	833.00	826.00	825.00	824.00	824.00	823.00	822.00	821.00	819.00	817.00	816.00	816.00	816.00	816.00	815.00	815.00	815.00	815.00	815.00	815.00	815.00	815.00	815.00	815.00	816.00	831.00	839.00	841.00	846.00	850.00	851.00	852.00	849.00	818.00	812.00	806.00	802.00	792.00	788.00	781.00	776.00	770.00	767.00	766.00	765.00	764.00	763.00	760.00	753.00	751.00	748.00	744.00	742.00	741.00	740.00	739.00	738.00	735.00	735.00	734.00	733.00	733.00	732.00	731.00	726.00	723.00	722.00	722.00	722.00	719.00	717.00	716.00	717.00	719.00	720.00	721.00	722.00	724.00	727.00	728.00	729.00	731.00	734.00	735.00	736.00	736.00	737.00	738.00	739.00	739.00	739.00	740.00	740.00	740.00	740.00	739.00	738.00	737.00	737.00	736.00	734.00	733.00	732.00	729.00	727.00	725.00	724.00	723.00	723.00	720.00	719.00	718.00	717.00	717.00	720.00	722.00	723.00	723.00	723.00	723.00	723.00	722.00	721.00	715.00	713.00	709.00	708.00	705.00	704.00	704.00	703.00	703.00	702.00	701.00	700.00	700.00	699.00	699.00	699.00	698.00	698.00	698.00	698.00	698.00	698.00	697.00	697.00	697.00	697.00	696.00	696.00	696.00	696.00	696.00	695.00	694.00	693.00	691.00	686.00	685.00	684.00	683.00	682.00	668.00	662.00	659.00	658.00
852.00	854.00	855.00	856.00	857.00	859.00	860.00	861.00	862.00	863.00	865.00	866.00	867.00	868.00	871.00	871.00	872.00	873.00	874.00	875.00	876.00	878.00	878.00	881.00	882.00	883.00	884.00	885.00	886.00	886.00	887.00	888.00	890.00	890.00	890.00	891.00	891.00	890.00	890.00	891.00	891.00	890.00	890.00	889.00	888.00	886.00	884.00	882.00	880.00	878.00	874.00	872.00	870.00	869.00	868.00	864.00	864.00	863.00	862.00	860.00	860.00	859.00	858.00	857.00	856.00	855.00	854.00	853.00	851.00	849.00	848.00	847.00	846.00	844.00	844.00	843.00	842.00	841.00	840.00	840.00	839.00	839.00	838.00	838.00	837.00	836.00	832.00	831.00	830.00	829.00	824.00	823.00	823.00	822.00	822.00	820.00	820.00	818.00	816.00	816.00	815.00	815.00	815.00	815.00	815.00	815.00	815.00	815.00	815.00	815.00	815.00	815.00	817.00	823.00	837.00	843.00	845.00	850.00	850.00	846.00	837.00	828.00	806.00	803.00	800.00	797.00	791.00	786.00	780.00	776.00	769.00	767.00	766.00	765.00	764.00	763.00	759.00	752.00	750.00	747.00	743.00	741.00	740.00	740.00	739.00	738.00	735.00	735.00	734.00	733.00	733.00	732.00	731.00	726.00	723.00	722.00	722.00	722.00	720.00	719.00	718.00	718.00	717.00	717.00	718.00	719.00	720.00	722.00	723.00	724.00	725.00	728.00	729.00	730.00	731.00	731.00	732.00	733.00	733.00	734.00	734.00	734.00	734.00	733.00	733.00	731.00	730.00	729.00	728.00	726.00	726.00	725.00	723.00	722.00	720.00	719.00	718.00	718.00	717.00	717.00	717.00	718.00	721.00	723.00	723.00	723.00	723.00	723.00	722.00	721.00	721.00	719.00	714.00	713.00	709.00	707.00	704.00	704.00	703.00	701.00	701.00	700.00	699.00	698.00	698.00	698.00	697.00	697.00	697.00	696.00	696.00	696.00	696.00	696.00	695.00	695.00	695.00	695.00	695.00	694.00	694.00	693.00	693.00	690.00	688.00	686.00	685.00	683.00	682.00	681.00	680.00	679.00	662.00	654.00	645.00	641.00
852.00	854.00	855.00	856.00	857.00	859.00	860.00	861.00	862.00	863.00	865.00	866.00	867.00	868.00	871.00	871.00	872.00	873.00	874.00	875.00	876.00	878.00	878.00	881.00	882.00	883.00	884.00	885.00	886.00	886.00	887.00	888.00	890.00	890.00	890.00	891.00	891.00	890.00	890.00	891.00	891.00	890.00	890.00	889.00	888.00	886.00	884.00	882.00	880.00	878.00	874.00	872.00	870.00	869.00	868.00	864.00	864.00	863.00	862.00	860.00	860.00	859.00	858.00	857.00	856.00	855.00	854.00	853.00	851.00	849.00	848.00	847.00	846.00	844.00	844.00	843.00	842.00	841.00	840.00	840.00	839.00	839.00	838.00	838.00	837.00	836.00	832.00	831.00	830.00	829.00	824.00	823.00	823.00	822.00	822.00	820.00	820.00	818.00	816.00	816.00	815.00	815.00	815.00	815.00	815.00	815.00	815.00	815.00	815.00	815.00	815.00	815.00	817.00	823.00	837.00	843.00	845.00	850.00	850.00	846.00	837.00	828.00	806.00	803.00	800.00	797.00	791.00	786.00	780.00	776.00	769.00	767.00	766.00	765.00	764.00	763.00	759.00	752.00	750.00	747.00	743.00	741.00	740.00	740.00	739.00	738.00	735.00	735.00	734.00	733.00	733.00	732.00	731.00	726.00	723.00	722.00	722.00	722.00	720.00	719.00	718.00	718.00	717.00	717.00	718.00	719.00	720.00	722.00	723.00	724.00	725.00	728.00	729.00	730.00	731.00	731.00	732.00	733.00	733.00	734.00	734.00	734.00	734.00	733.00	733.00	731.00	730.00	729.00	728.00	726.00	726.00	725.00	723.00	722.00	720.00	719.00	718.00	718.00	717.00	717.00	717.00	718.00	721.00	723.00	723.00	723.00	723.00	723.00	722.00	721.00	721.00	719.00	714.00	713.00	709.00	707.00	704.00	704.00	703.00	701.00	701.00	700.00	699.00	698.00	698.00	698.00	697.00	697.00	697.00	696.00	696.00	696.00	696.00	696.00	695.00	695.00	695.00	695.00	695.00	694.00	694.00	693.00	693.00	690.00	688.00	686.00	685.00	683.00	682.00	681.00	680.00	679.00	662.00	654.00	645.00	641.00
852.00	854.00	855.00	856.00	857.00	859.00	860.00	861.00	862.00	863.00	865.00	866.00	867.00	868.00	871.00	871.00	872.00	873.00	874.00	875.00	876.00	878.00	878.00	881.00	882.00	883.00	884.00	885.00	886.00	886.00	887.00	888.00	890.00	890.00	890.00	891.00	891.00	890.00	890.00	891.00	891.00	890.00	890.00	889.00	888.00	886.00	884.00	882.00	880.00	878.00	874.00	872.00	870.00	869.00	868.00	864.00	864.00	863.00	862.00	860.00	860.00	859.00	858.00	857.00	856.00	855.00	854.00	853.00	851.00	849.00	848.00	847.00	846.00	844.00	844.00	843.00	842.00	841.00	840.00	840.00	839.00	839.00	838.00	838.00	837.00	836.00	832.00	831.00	830.00	829.00	824.00	823.00	823.00	822.00	822.00	820.00	820.00	818.00	816.00	816.00	815.00	815.00	815.00	815.00	815.00	815.00	815.00	815.00	815.00	815.00	815.00	815.00	817.00	823.00	837.00	843.00	845.00	850.00	850.00	846.00	837.00	828.00	806.00	803.00	800.00	797.00	791.00	786.00	780.00	776.00	769.00	767.00	766.00	765.00	764.00	763.00	759.00	752.00	750.00	747.00	743.00	741.00	740.00	740.00	739.00	738.00	735.00	735.00	734.00	733.00	733.00	732.00	731.00	726.00	723.00	722.00	722.00	722.00	720.00	719.00	718.00	718.00	717.00	717.00	718.00	719.00	720.00	722.00	723.00	724.00	725.00	728.00	729.00	730.00	731.00	731.00	732.00	733.00	733.00	734.00	734.00	734.00	734.00	733.00	733.00	731.00	730.00	729.00	728.00	726.00	726.00	725.00	723.00	722.00	720.00	719.00	718.00	718.00	717.00	717.00	717.00	718.00	721.00	723.00	723.00	723.00	723.00	723.00	722.00	721.00	721.00	719.00	714.00	713.00	709.00	707.00	704.00	704.00	703.00	701.00	701.00	700.00	699.00	698.00	698.00	698.00	697.00	697.00	697.00	696.00	696.00	696.00	696.00	696.00	695.00	695.00	695.00	695.00	695.00	694.00	694.00	693.00	693.00	690.00	688.00	686.00	685.00	683.00	682.00	681.00	680.00	679.00	662.00	654.00	645.00	641.00
857.00	858.00	859.00	861.00	862.00	865.00	865.00	867.00	867.00	868.00	870.00	871.00	872.00	873.00	876.00	876.00	877.00	878.00	879.00	880.00	881.00	882.00	883.00	884.00	885.00	886.00	886.00	887.00	888.00	889.00	889.00	890.00	889.00	889.00	889.00	888.00	887.00	886.00	887.00	887.00	886.00	885.00	884.00	883.00	882.00	877.00	872.00	870.00	869.00	867.00	864.00	864.00	863.00	861.00	860.00	857.00	857.00	856.00	855.00	854.00	853.00	853.00	852.00	851.00	849.00	848.00	846.00	845.00	844.00	844.00	843.00	842.00	842.00	841.00	840.00	839.00	839.00	837.00	837.00	836.00	835.00	835.00	834.00	832.00	831.00	830.00	827.00	827.00	826.00	825.00	823.00	822.00	822.00	821.00	820.00	819.00	818.00	817.00	816.00	815.00	815.00	815.00	815.00	815.00	815.00	815.00	815.00	815.00	816.00	818.00	821.00	825.00	830.00	839.00	847.00	850.00	852.00	846.00	832.00	824.00	815.00	808.00	801.00	799.00	796.00	794.00	788.00	783.00	779.00	775.00	769.00	766.00	765.00	764.00	764.00	761.00	757.00	751.00	749.00	747.00	743.00	741.00	740.00	740.00	739.00	738.00	735.00	734.00	734.00	732.00	732.00	732.00	731.00	725.00	723.00	722.00	722.00	722.00	720.00	720.00	719.00	719.00	717.00	717.00	716.00	716.00	716.00	717.00	718.00	719.00	720.00	724.00	725.00	726.00	727.00	727.00	728.00	729.00	729.00	729.00	730.00	729.00	728.00	728.00	727.00	725.00	724.00	723.00	722.00	721.00	720.00	719.00	718.00	717.00	717.00	717.00	717.00	718.00	719.00	720.00	720.00	721.00	723.00	723.00	723.00	723.00	723.00	721.00	720.00	719.00	719.00	718.00	714.00	712.00	709.00	707.00	704.00	704.00	703.00	701.00	700.00	698.00	697.00	697.00	696.00	696.00	695.00	695.00	695.00	694.00	694.00	693.00	693.00	693.00	692.00	692.00	691.00	690.00	689.00	688.00	687.00	686.00	685.00	684.00	682.00	682.00	681.00	680.00	679.00	679.00	679.00	678.00	661.00	654.00	651.00	648.00
857.00	858.00	859.00	861.00	862.00	865.00	865.00	867.00	867.00	868.00	870.00	871.00	872.00	873.00	876.00	876.00	877.00	878.00	879.00	880.00	881.00	882.00	883.00	884.00	885.00	886.00	886.00	887.00	888.00	889.00	889.00	890.00	889.00	889.00	889.00	888.00	887.00	886.00	887.00	887.00	886.00	885.00	884.00	883.00	882.00	877.00	872.00	870.00	869.00	867.00	864.00	864.00	863.00	861.00	860.00	857.00	857.00	856.00	855.00	854.00	853.00	853.00	852.00	851.00	849.00	848.00	846.00	845.00	844.00	844.00	843.00	842.00	842.00	841.00	840.00	839.00	839.00	837.00	837.00	836.00	835.00	835.00	834.00	832.00	831.00	830.00	827.00	827.00	826.00	825.00	823.00	822.00	822.00	821.00	820.00	819.00	818.00	817.00	816.00	815.00	815.00	815.00	815.00	815.00	815.00	815.00	815.00	815.00	816.00	818.00	821.00	825.00	830.00	839.00	847.00	850.00	852.00	846.00	832.00	824.00	815.00	808.00	801.00	799.00	796.00	794.00	788.00	783.00	779.00	775.00	769.00	766.00	765.00	764.00	764.00	761.00	757.00	751.00	749.00	747.00	743.00	741.00	740.00	740.00	739.00	738.00	735.00	734.00	734.00	732.00	732.00	732.00	731.00	725.00	723.00	722.00	722.00	722.00	720.00	720.00	719.00	719.00	717.00	717.00	716.00	716.00	716.00	717.00	718.00	719.00	720.00	724.00	725.00	726.00	727.00	727.00	728.00	729.00	729.00	729.00	730.00	729.00	728.00	728.00	727.00	725.00	724.00	723.00	722.00	721.00	720.00	719.00	718.00	717.00	717.00	717.00	717.00	718.00	719.00	720.00	720.00	721.00	723.00	723.00	723.00	723.00	723.00	721.00	720.00	719.00	719.00	718.00	714.00	712.00	709.00	707.00	704.00	704.00	703.00	701.00	700.00	698.00	697.00	697.00	696.00	696.00	695.00	695.00	695.00	694.00	694.00	693.00	693.00	693.00	692.00	692.00	691.00	690.00	689.00	688.00	687.00	686.00	685.00	684.00	682.00	682.00	681.00	680.00	679.00	679.00	679.00	678.00	661.00	654.00	651.00	648.00
857.00	858.00	859.00	861.00	862.00	865.00	865.00	867.00	867.00	868.00	870.00	871.00	872.00	873.00	876.00	876.00	877.00	878.00	879.00	880.00	881.00	882.00	883.00	884.00	885.00	886.00	886.00	887.00	888.00	889.00	889.00	890.00	889.00	889.00	889.00	888.00	887.00	886.00	887.00	887.00	886.00	885.00	884.00	883.00	882.00	877.00	872.00	870.00	869.00	867.00	864.00	864.00	863.00	861.00	860.00	857.00	857.00	856.00	855.00	854.00	853.00	853.00	852.00	851.00	849.00	848.00	846.00	845.00	844.00	844.00	843.00	842.00	842.00	841.00	840.00	839.00	839.00	837.00	837.00	836.00	835.00	835.00	834.00	832.00	831.00	830.00	827.00	827.00	826.00	825.00	823.00	822.00	822.00	821.00	820.00	819.00	818.00	817.00	816.00	815.00	815.00	815.00	815.00	815.00	815.00	815.00	815.00	815.00	816.00	818.00	821.00	825.00	830.00	839.00	847.00	850.00	852.00	846.00	832.00	824.00	815.00	808.00	801.00	799.00	796.00	794.00	788.00	783.00	779.00	775.00	769.00	766.00	765.00	764.00	764.00	761.00	757.00	751.00	749.00	747.00	743.00	741.00	740.00	740.00	739.00	738.00	735.00	734.00	734.00	732.00	732.00	732.00	731.00	725.00	723.00	722.00	722.00	722.00	720.00	720.00	719.00	719.00	717.00	717.00	716.00	716.00	716.00	717.00	718.00	719.00	720.00	724.00	725.00	726.00	727.00	727.00	728.00	729.00	729.00	729.00	730.00	729.00	728.00	728.00	727.00	725.00	724.00	723.00	722.00	721.00	720.00	719.00	718.00	717.00	717.00	717.00	717.00	718.00	719.00	720.00	720.00	721.00	723.00	723.00	723.00	723.00	723.00	721.00	720.00	719.00	719.00	718.00	714.00	712.00	709.00	707.00	704.00	704.00	703.00	701.00	700.00	698.00	697.00	697.00	696.00	696.00	695.00	695.00	695.00	694.00	694.00	693.00	693.00	693.00	692.00	692.00	691.00	690.00	689.00	688.00	687.00	686.00	685.00	684.00	682.00	682.00	681.00	680.00	679.00	679.00	679.00	678.00	661.00	654.00	651.00	648.00
857.00	858.00	859.00	861.00	862.00	865.00	865.00	867.00	867.00	868.00	870.00	871.00	872.00	873.00	876.00	876.00	877.00	878.00	879.00	880.00	881.00	882.00	883.00	884.00	885.00	886.00	886.00	887.00	888.00	889.00	889.00	890.00	889.00	889.00	889.00	888.00	887.00	886.00	887.00	887.00	886.00	885.00	884.00	883.00	882.00	877.00	872.00	870.00	869.00	867.00	864.00	864.00	863.00	861.00	860.00	857.00	857.00	856.00	855.00	854.00	853.00	853.00	852.00	851.00	849.00	848.00	846.00	845.00	844.00	844.00	843.00	842.00	842.00	841.00	840.00	839.00	839.00	837.00	837.00	836.00	835.00	835.00	834.00	832.00	831.00	830.00	827.00	827.00	826.00	825.00	823.00	822.00	822.00	821.00	820.00	819.00	818.00	817.00	816.00	815.00	815.00	815.00	815.00	815.00	815.00	815.00	815.00	815.00	816.00	818.00	821.00	825.00	830.00	839.00	847.00	850.00	852.00	846.00	832.00	824.00	815.00	808.00	801.00	799.00	796.00	794.00	788.00	783.00	779.00	775.00	769.00	766.00	765.00	764.00	764.00	761.00	757.00	751.00	749.00	747.00	743.00	741.00	740.00	740.00	739.00	738.00	735.00	734.00	734.00	732.00	732.00	732.00	731.00	725.00	723.00	722.00	722.00	722.00	720.00	720.00	719.00	719.00	717.00	717.00	716.00	716.00	716.00	717.00	718.00	719.00	720.00	724.00	725.00	726.00	727.00	727.00	728.00	729.00	729.00	729.00	730.00	729.00	728.00	728.00	727.00	725.00	724.00	723.00	722.00	721.00	720.00	719.00	718.00	717.00	717.00	717.00	717.00	718.00	719.00	720.00	720.00	721.00	723.00	723.00	723.00	723.00	723.00	721.00	720.00	719.00	719.00	718.00	714.00	712.00	709.00	707.00	704.00	704.00	703.00	701.00	700.00	698.00	697.00	697.00	696.00	696.00	695.00	695.00	695.00	694.00	694.00	693.00	693.00	693.00	692.00	692.00	691.00	690.00	689.00	688.00	687.00	686.00	685.00	684.00	682.00	682.00	681.00	680.00	679.00	679.00	679.00	678.00	661.00	654.00	651.00	648.00
861.00	863.00	864.00	866.00	867.00	869.00	870.00	871.00	872.00	873.00	874.00	876.00	877.00	878.00	881.00	881.00	882.00	883.00	883.00	885.00	885.00	886.00	886.00	888.00	888.00	889.00	889.00	889.00	890.00	889.00	889.00	888.00	886.00	886.00	885.00	884.00	883.00	880.00	880.00	878.00	877.00	874.00	872.00	871.00	869.00	866.00	863.00	862.00	860.00	859.00	857.00	856.00	855.00	854.00	854.00	852.00	851.00	851.00	850.00	848.00	847.00	847.00	846.00	845.00	844.00	844.00	843.00	842.00	841.00	841.00	840.00	839.00	839.00	837.00	836.00	835.00	834.00	832.00	832.00	831.00	831.00	831.00	829.00	828.00	827.00	826.00	824.00	823.00	823.00	822.00	821.00	821.00	820.00	819.00	819.00	817.00	817.00	816.00	815.00	815.00	815.00	815.00	815.00	814.00	814.00	814.00	815.00	818.00	827.00	831.00	835.00	839.00	843.00	850.00	851.00	847.00	840.00	825.00	811.00	806.00	803.00	800.00	796.00	794.00	792.00	791.00	784.00	780.00	777.00	773.00	768.00	766.00	765.00	764.00	763.00	760.00	755.00	750.00	749.00	746.00	742.00	740.00	740.00	740.00	739.00	738.00	734.00	734.00	733.00	731.00	731.00	730.00	728.00	724.00	723.00	722.00	722.00	722.00	720.00	719.00	719.00	719.00	719.00	718.00	718.00	717.00	717.00	717.00	716.00	716.00	716.00	718.00	719.00	720.00	720.00	721.00	722.00	722.00	722.00	723.00	722.00	721.00	721.00	721.00	721.00	719.00	718.00	717.00	717.00	717.00	717.00	717.00	718.00	719.00	719.00	719.00	719.00	720.00	721.00	721.00	722.00	723.00	723.00	723.00	723.00	723.00	722.00	720.00	719.00	719.00	719.00	718.00	714.00	712.00	710.00	708.00	705.00	704.00	703.00	701.00	699.00	698.00	696.00	696.00	696.00	695.00	694.00	693.00	693.00	692.00	691.00	691.00	690.00	689.00	687.00	687.00	686.00	685.00	684.00	684.00	683.00	683.00	682.00	681.00	680.00	680.00	679.00	678.00	678.00	678.00	677.00	676.00	654.00	645.00	641.00	642.00
861.00	863.00	864.00	866.00	867.00	869.00	870.00	871.00	872.00	873.00	874.00	876.00	877.00	878.00	881.00	881.00	882.00	883.00	883.00	885.00	885.00	886.00	886.00	888.00	888.00	889.00	889.00	889.00	890.00	889.00	889.00	888.00	886.00	886.00	885.00	884.00	883.00	880.00	880.00	878.00	877.00	874.00	872.00	871.00	869.00	866.00	863.00	862.00	860.00	859.00	857.00	856.00	855.00	854.00	854.00	852.00	851.00	851.00	850.00	848.00	847.00	847.00	846.00	845.00	844.00	844.00	843.00	842.00	841.00	841.00	840.00	839.00	839.00	837.00	836.00	835.00	834.00	832.00	832.00	831.00	831.00	831.00	829.00	828.00	827.00	826.00	824.00	823.00	823.00	822.00	821.00	821.00	820.00	819.00	819.00	817.00	817.00	816.00	815.00	815.00	815.00	815.00	815.00	814.00	814.00	814.00	815.00	818.00	827.00	831.00	835.00	839.00	843.00	850.00	851.00	847.00	840.00	825.00	811.00	806.00	803.00	800.00	796.00	794.00	792.00	791.00	784.00	780.00	777.00	773.00	768.00	766.00	765.00	764.00	763.00	760.00	755.00	750.00	749.00	746.00	742.00	740.00	740.00	740.00	739.00	738.00	734.00	734.00	733.00	731.00	731.00	730.00	728.00	724.00	723.00	722.00	722.00	722.00	720.00	719.00	719.00	719.00	719.00	718.00	718.00	717.00	717.00	717.00	716.00	716.00	716.00	718.00	719.00	720.00	720.00	721.00	722.00	722.00	722.00	723.00	722.00	721.00	721.00	721.00	721.00	719.00	718.00	717.00	717.00	717.00	717.00	717.00	718.00	719.00	719.00	719.00	719.00	720.00	721.00	721.00	722.00	723.00	723.00	723.00	723.00	723.00	722.00	720.00	719.00	719.00	719.00	718.00	714.00	712.00	710.00	708.00	705.00	704.00	703.00	701.00	699.00	698.00	696.00	696.00	696.00	695.00	694.00	693.00	693.00	692.00	691.00	691.00	690.00	689.00	687.00	687.00	686.00	685.00	684.00	684.00	683.00	683.00	682.00	681.00	680.00	680.00	679.00	678.00	678.00	678.00	677.00	676.00	654.00	645.00	641.00	642.00
866.00	867.00	868.00	870.00	871.00	874.00	875.00	876.00	877.00	878.00	879.00	881.00	882.00	883.00	885.00	886.00	887.00	887.00	888.00	889.00	889.00	890.00	890.00	889.00	889.00	889.00	889.00	888.00	886.00	885.00	885.00	884.00	882.00	880.00	878.00	876.00	874.00	871.00	870.00	869.00	868.00	865.00	863.00	862.00	860.00	857.00	855.00	854.00	853.00	852.00	851.00	850.00	850.00	849.00	849.00	847.00	847.00	846.00	846.00	844.00	844.00	843.00	843.00	842.00	841.00	840.00	840.00	839.00	838.00	837.00	836.00	835.00	835.00	832.00	831.00	830.00	829.00	827.00	827.00	826.00	825.00	825.00	823.00	822.00	822.00	822.00	820.00	820.00	820.00	819.00	818.00	818.00	817.00	817.00	816.00	816.00	815.00	815.00	815.00	815.00	815.00	815.00	815.00	815.00	816.00	820.00	824.00	831.00	839.00	843.00	847.00	850.00	849.00	839.00	831.00	823.00	815.00	805.00	800.00	798.00	796.00	794.00	791.00	789.00	787.00	785.00	779.00	777.00	776.00	771.00	768.00	765.00	765.00	764.00	763.00	758.00	754.00	750.00	748.00	746.00	742.00	740.00	740.00	739.00	738.00	736.00	734.00	733.00	732.00	730.00	728.00	727.00	726.00	723.00	722.00	722.00	722.00	722.00	720.00	720.00	719.00	719.00	719.00	719.00	719.00	718.00	718.00	718.00	718.00	718.00	717.00	717.00	717.00	717.00	717.00	717.00	717.00	717.00	717.00	717.00	717.00	717.00	717.00	717.00	717.00	717.00	717.00	718.00	718.00	718.00	718.00	719.00	719.00	720.00	720.00	720.00	721.00	722.00	722.00	723.00	723.00	723.00	723.00	723.00	723.00	722.00	721.00	719.00	719.00	718.00	719.00	717.00	715.00	712.00	710.00	708.00	705.00	704.00	704.00	702.00	700.00	698.00	696.00	696.00	695.00	694.00	693.00	692.00	691.00	690.00	689.00	688.00	687.00	687.00	685.00	684.00	684.00	683.00	682.00	682.00	681.00	681.00	680.00	679.00	678.00	678.00	678.00	677.00	677.00	676.00	675.00	674.00	658.00	653.00	647.00	644.00
866.00	867.00	868.00	870.00	871.00	874.00	875.00	876.00	877.00	878.00	879.00	881.00	882.00	883.00	885.00	886.00	887.00	887.00	888.00	889.00	889.00	890.00	890.00	889.00	889.00	889.00	889.00	888.00	886.00	885.00	885.00	884.00	882.00	880.00	878.00	876.00	874.00	871.00	870.00	869.00	868.00	865.00	863.00	862.00	860.00	857.00	855.00	854.00	853.00	852.00	851.00	850.00	850.00	849.00	849.00	847.00	847.00	846.00	846.00	844.00	844.00	843.00	843.00	842.00	841.00	840.00	840.00	839.00	838.00	837.00	836.00	835.00	835.00	832.00	831.00	830.00	829.00	827.00	827.00	826.00	825.00	825.00	823.00	822.00	822.00	822.00	820.00	820.00	820.00	819.00	818.00	818.00	817.00	817.00	816.00	816.00	815.00	815.00	815.00	815.00	815.00	815.00	815.00	815.00	816.00	820.00	824.00	831.00	839.00	843.00	847.00	850.00	849.00	839.00	831.00	823.00	815.00	805.00	800.00	798.00	796.00	794.00	791.00	789.00	787.00	785.00	779.00	777.00	776.00	771.00	768.00	765.00	765.00	764.00	763.00	758.00	754.00	750.00	748.00	746.00	742.00	740.00	740.00	739.00	738.00	736.00	734.00	733.00	732.00	730.00	728.00	727.00	726.00	723.00	722.00	722.00	722.00	722.00	720.00	720.00	719.00	719.00	719.00	719.00	719.00	718.00	718.00	718.00	718.00	718.00	717.00	717.00	717.00	717.00	717.00	717.00	717.00	717.00	717.00	717.00	717.00	717.00	717.00	717.00	717.00	717.00	717.00	718.00	718.00	718.00	718.00	719.00	719.00	720.00	720.00	720.00	721.00	722.00	722.00	723.00	723.00	723.00	723.00	723.00	723.00	722.00	721.00	719.00	719.00	718.00	719.00	717.00	715.00	712.00	710.00	708.00	705.00	704.00	704.00	702.00	700.00	698.00	696.00	696.00	695.00	694.00	693.00	692.00	691.00	690.00	689.00	688.00	687.00	687.00	685.00	684.00	684.00	683.00	682.00	682.00	681.00	681.00	680.00	679.00	678.00	678.00	678.00	677.00	677.00	676.00	675.00	674.00	658.00	653.00	647.00	644.00
866.00	867.00	868.00	870.00	871.00	874.00	875.00	876.00	877.00	878.00	879.00	881.00	882.00	883.00	885.00	886.00	887.00	887.00	888.00	889.00	889.00	890.00	890.00	889.00	889.00	889.00	889.00	888.00	886.00	885.00	885.00	884.00	882.00	880.00	878.00	876.00	874.00	871.00	870.00	869.00	868.00	865.00	863.00	862.00	860.00	857.00	855.00	854.00	853.00	852.00	851.00	850.00	850.00	849.00	849.00	847.00	847.00	846.00	846.00	844.00	844.00	843.00	843.00	842.00	841.00	840.00	840.00	839.00	838.00	837.00	836.00	835.00	835.00	832.00	831.00	830.00	829.00	827.00	827.00	826.00	825.00	825.00	823.00	822.00	822.00	822.00	820.00	820.00	820.00	819.00	818.00	818.00	817.00	817.00	816.00	816.00	815.00	815.00	815.00	815.00	815.00	815.00	815.00	815.00	816.00	820.00	824.00	831.00	839.00	843.00	847.00	850.00	849.00	839.00	831.00	823.00	815.00	805.00	800.00	798.00	796.00	794.00	791.00	789.00	787.00	785.00	779.00	777.00	776.00	771.00	768.00	765.00	765.00	764.00	763.00	758.00	754.00	750.00	748.00	746.00	742.00	740.00	740.00	739.00	738.00	736.00	734.00	733.00	732.00	730.00	728.00	727.00	726.00	723.00	722.00	722.00	722.00	722.00	720.00	720.00	719.00	719.00	719.00	719.00	719.00	718.00	718.00	718.00	718.00	718.00	717.00	717.00	717.00	717.00	717.00	717.00	717.00	717.00	717.00	717.00	717.00	717.00	717.00	717.00	717.00	717.00	717.00	718.00	718.00	718.00	718.00	719.00	719.00	720.00	720.00	720.00	721.00	722.00	722.00	723.00	723.00	723.00	723.00	723.00	723.00	722.00	721.00	719.00	719.00	718.00	719.00	717.00	715.00	712.00	710.00	708.00	705.00	704.00	704.00	702.00	700.00	698.00	696.00	696.00	695.00	694.00	693.00	692.00	691.00	690.00	689.00	688.00	687.00	687.00	685.00	684.00	684.00	683.00	682.00	682.00	681.00	681.00	680.00	679.00	678.00	678.00	678.00	677.00	677.00	676.00	675.00	674.00	658.00	653.00	647.00	644.00
869.00	872.00	873.00	875.00	876.00	879.00	880.00	881.00	882.00	882.00	884.00	885.00	886.00	887.00	889.00	890.00	890.00	890.00	891.00	890.00	890.00	890.00	889.00	886.00	885.00	885.00	884.00	883.00	881.00	879.00	878.00	876.00	873.00	871.00	868.00	867.00	865.00	862.00	861.00	860.00	859.00	856.00	855.00	854.00	853.00	851.00	849.00	848.00	848.00	847.00	846.00	846.00	846.00	844.00	845.00	843.00	843.00	842.00	842.00	840.00	840.00	839.00	839.00	838.00	837.00	835.00	834.00	833.00	831.00	830.00	830.00	829.00	828.00	827.00	825.00	825.00	824.00	823.00	822.00	822.00	821.00	821.00	820.00	820.00	819.00	820.00	818.00	818.00	818.00	817.00	816.00	816.00	816.00	815.00	815.00	815.00	815.00	815.00	815.00	815.00	815.00	815.00	816.00	821.00	831.00	832.00	837.00	842.00	850.00	849.00	843.00	836.00	827.00	813.00	807.00	803.00	802.00	798.00	794.00	793.00	791.00	789.00	785.00	783.00	780.00	779.00	776.00	775.00	773.00	769.00	766.00	764.00	763.00	762.00	761.00	754.00	751.00	748.00	746.00	744.00	741.00	740.00	740.00	739.00	736.00	735.00	733.00	732.00	731.00	727.00	726.00	725.00	724.00	722.00	722.00	722.00	722.00	722.00	720.00	720.00	719.00	719.00	719.00	719.00	719.00	719.00	719.00	719.00	718.00	719.00	718.00	718.00	718.00	718.00	718.00	718.00	718.00	718.00	718.00	718.00	718.00	718.00	718.00	718.00	718.00	719.00	719.00	719.00	719.00	719.00	719.00	720.00	720.00	721.00	722.00	722.00	722.00	723.00	723.00	723.00	723.00	723.00	723.00	722.00	721.00	721.00	720.00	719.00	718.00	718.00	718.00	718.00	715.00	713.00	711.00	709.00	705.00	704.00	704.00	703.00	701.00	698.00	697.00	696.00	696.00	694.00	692.00	691.00	690.00	687.00	686.00	685.00	685.00	684.00	683.00	683.00	682.00	682.00	681.00	680.00	679.00	679.00	679.00	678.00	678.00	677.00	677.00	675.00	675.00	673.00	672.00	671.00	648.00	640.00	639.00	639.00
869.00	872.00	873.00	875.00	876.00	879.00	880.00	881.00	882.00	882.00	884.00	885.00	886.00	887.00	889.00	890.00	890.00	890.00	891.00	890.00	890.00	890.00	889.00	886.00	885.00	885.00	884.00	883.00	881.00	879.00	878.00	876.00	873.00	871.00	868.00	867.00	865.00	862.00	861.00	860.00	859.00	856.00	855.00	854.00	853.00	851.00	849.00	848.00	848.00	847.00	846.00	846.00	846.00	844.00	845.00	843.00	843.00	842.00	842.00	840.00	840.00	839.00	839.00	838.00	837.00	835.00	834.00	833.00	831.00	830.00	830.00	829.00	828.00	827.00	825.00	825.00	824.00	823.00	822.00	822.00	821.00	821.00	820.00	820.00	819.00	820.00	818.00	818.00	818.00	817.00	816.00	816.00	816.00	815.00	815.00	815.00	815.00	815.00	815.00	815.00	815.00	815.00	816.00	821.00	831.00	832.00	837.00	842.00	850.00	849.00	843.00	836.00	827.00	813.00	807.00	803.00	802.00	798.00	794.00	793.00	791.00	789.00	785.00	783.00	780.00	779.00	776.00	775.00	773.00	769.00	766.00	764.00	763.00	762.00	761.00	754.00	751.00	748.00	746.00	744.00	741.00	740.00	740.00	739.00	736.00	735.00	733.00	732.00	731.00	727.00	726.00	725.00	724.00	722.00	722.00	722.00	722.00	722.00	720.00	720.00	719.00	719.00	719.00	719.00	719.00	719.00	719.00	719.00	718.00	719.00	718.00	718.00	718.00	718.00	718.00	718.00	718.00	718.00	718.00	718.00	718.00	718.00	718.00	718.00	718.00	719.00	719.00	719.00	719.00	719.00	719.00	720.00	720.00	721.00	722.00	722.00	722.00	723.00	723.00	723.00	723.00	723.00	723.00	722.00	721.00	721.00	720.00	719.00	718.00	718.00	718.00	718.00	715.00	713.00	711.00	709.00	705.00	704.00	704.00	703.00	701.00	698.00	697.00	696.00	696.00	694.00	692.00	691.00	690.00	687.00	686.00	685.00	685.00	684.00	683.00	683.00	682.00	682.00	681.00	680.00	679.00	679.00	679.00	678.00	678.00	677.00	677.00	675.00	675.00	673.00	672.00	671.00	648.00	640.00	639.00	639.00
869.00	872.00	873.00	875.00	876.00	879.00	880.00	881.00	882.00	882.00	884.00	885.00	886.00	887.00	889.00	890.00	890.00	890.00	891.00	890.00	890.00	890.00	889.00	886.00	885.00	885.00	884.00	883.00	881.00	879.00	878.00	876.00	873.00	871.00	868.00	867.00	865.00	862.00	861.00	860.00	859.00	856.00	855.00	854.00	853.00	851.00	849.00	848.00	848.00	847.00	846.00	846.00	846.00	844.00	845.00	843.00	843.00	842.00	842.00	840.00	840.00	839.00	839.00	838.00	837.00	835.00	834.00	833.00	831.00	830.00	830.00	829.00	828.00	827.00	825.00	825.00	824.00	823.00	822.00	822.00	821.00	821.00	820.00	820.00	819.00	820.00	818.00	818.00	818.00	817.00	816.00	816.00	816.00	815.00	815.00	815.00	815.00	815.00	815.00	815.00	815.00	815.00	816.00	821.00	831.00	832.00	837.00	842.00	850.00	849.00	843.00	836.00	827.00	813.00	807.00	803.00	802.00	798.00	794.00	793.00	791.00	789.00	785.00	783.00	780.00	779.00	776.00	775.00	773.00	769.00	766.00	764.00	763.00	762.00	761.00	754.00	751.00	748.00	746.00	744.00	741.00	740.00	740.00	739.00	736.00	735.00	733.00	732.00	731.00	727.00	726.00	725.00	724.00	722.00	722.00	722.00	722.00	722.00	720.00	720.00	719.00	719.00	719.00	719.00	719.00	719.00	719.00	719.00	718.00	719.00	718.00	718.00	718.00	718.00	718.00	718.00	718.00	718.00	718.00	718.00	718.00	718.00	718.00	718.00	718.00	719.00	719.00	719.00	719.00	719.00	719.00	720.00	720.00	721.00	722.00	722.00	722.00	723.00	723.00	723.00	723.00	723.00	723.00	722.00	721.00	721.00	720.00	719.00	718.00	718.00	718.00	718.00	715.00	713.00	711.00	709.00	705.00	704.00	704.00	703.00	701.00	698.00	697.00	696.00	696.00	694.00	692.00	691.00	690.00	687.00	686.00	685.00	685.00	684.00	683.00	683.00	682.00	682.00	681.00	680.00	679.00	679.00	679.00	678.00	678.00	677.00	677.00	675.00	675.00	673.00	672.00	671.00	648.00	640.00	639.00	639.00
876.00	878.00	879.00	881.00	883.00	884.00	885.00	886.00	886.00	887.00	889.00	890.00	890.00	890.00	890.00	890.00	890.00	889.00	888.00	887.00	886.00	885.00	885.00	880.00	879.00	877.00	876.00	874.00	871.00	870.00	869.00	867.00	865.00	864.00	860.00	859.00	858.00	854.00	853.00	852.00	851.00	849.00	848.00	847.00	846.00	844.00	842.00	842.00	842.00	841.00	840.00	840.00	839.00	839.00	838.00	837.00	836.00	836.00	835.00	834.00	833.00	832.00	831.00	830.00	828.00	827.00	827.00	826.00	824.00	823.00	823.00	822.00	822.00	821.00	821.00	821.00	820.00	819.00	819.00	819.00	819.00	818.00	818.00	818.00	818.00	818.00	816.00	816.00	816.00	816.00	815.00	815.00	815.00	815.00	815.00	815.00	815.00	815.00	815.00	817.00	821.00	828.00	832.00	836.00	845.00	847.00	850.00	850.00	830.00	821.00	814.00	808.00	803.00	797.00	797.00	796.00	794.00	792.00	789.00	787.00	785.00	782.00	779.00	777.00	776.00	775.00	772.00	771.00	769.00	765.00	764.00	762.00	760.00	758.00	756.00	750.00	747.00	746.00	745.00	742.00	740.00	739.00	738.00	737.00	733.00	732.00	731.00	730.00	728.00	724.00	723.00	722.00	722.00	722.00	722.00	722.00	722.00	722.00	720.00	720.00	719.00	719.00	719.00	719.00	719.00	719.00	719.00	719.00	719.00	719.00	719.00	719.00	719.00	719.00	719.00	719.00	719.00	719.00	719.00	719.00	719.00	719.00	719.00	719.00	719.00	719.00	719.00	720.00	720.00	720.00	721.00	721.00	722.00	722.00	723.00	723.00	723.00	723.00	723.00	723.00	723.00	723.00	722.00	721.00	720.00	719.00	719.00	718.00	718.00	718.00	718.00	718.00	715.00	713.00	711.00	709.00	705.00	705.00	704.00	703.00	702.00	699.00	698.00	696.00	696.00	694.00	692.00	690.00	689.00	686.00	685.00	684.00	683.00	683.00	682.00	681.00	680.00	680.00	679.00	679.00	678.00	678.00	678.00	677.00	676.00	675.00	674.00	671.00	669.00	668.00	666.00	665.00	638.00	629.00	628.00	631.00
876.00	878.00	879.00	881.00	883.00	884.00	885.00	886.00	886.00	887.00	889.00	890.00	890.00	890.00	890.00	890.00	890.00	889.00	888.00	887.00	886.00	885.00	885.00	880.00	879.00	877.00	876.00	874.00	871.00	870.00	869.00	867.00	865.00	864.00	860.00	859.00	858.00	854.00	853.00	852.00	851.00	849.00	848.00	847.00	846.00	844.00	842.00	842.00	842.00	841.00	840.00	840.00	839.00	839.00	838.00	837.00	836.00	836.00	835.00	834.00	833.00	832.00	831.00	830.00	828.00	827.00	827.00	826.00	824.00	823.00	823.00	822.00	822.00	821.00	821.00	821.00	820.00	819.00	819.00	819.00	819.00	818.00	818.00	818.00	818.00	818.00	816.00	816.00	816.00	816.00	815.00	815.00	815.00	815.00	815.00	815.00	815.00	815.00	815.00	817.00	821.00	828.00	832.00	836.00	845.00	847.00	850.00	850.00	830.00	821.00	814.00	808.00	803.00	797.00	797.00	796.00	794.00	792.00	789.00	787.00	785.00	782.00	779.00	777.00	776.00	775.00	772.00	771.00	769.00	765.00	764.00	762.00	760.00	758.00	756.00	750.00	747.00	746.00	745.00	742.00	740.00	739.00	738.00	737.00	733.00	732.00	731.00	730.00	728.00	724.00	723.00	722.00	722.00	722.00	722.00	722.00	722.00	722.00	720.00	720.00	719.00	719.00	719.00	719.00	719.00	719.00	719.00	719.00	719.00	719.00	719.00	719.00	719.00	719.00	719.00	719.00	719.00	719.00	719.00	719.00	719.00	719.00	719.00	719.00	719.00	719.00	719.00	720.00	720.00	720.00	721.00	721.00	722.00	722.00	723.00	723.00	723.00	723.00	723.00	723.00	723.00	723.00	722.00	721.00	720.00	719.00	719.00	718.00	718.00	718.00	718.00	718.00	715.00	713.00	711.00	709.00	705.00	705.00	704.00	703.00	702.00	699.00	698.00	696.00	696.00	694.00	692.00	690.00	689.00	686.00	685.00	684.00	683.00	683.00	682.00	681.00	680.00	680.00	679.00	679.00	678.00	678.00	678.00	677.00	676.00	675.00	674.00	671.00	669.00	668.00	666.00	665.00	638.00	629.00	628.00	631.00
876.00	878.00	879.00	881.00	883.00	884.00	885.00	886.00	886.00	887.00	889.00	890.00	890.00	890.00	890.00	890.00	890.00	889.00	888.00	887.00	886.00	885.00	885.00	880.00	879.00	877.00	876.00	874.00	871.00	870.00	869.00	867.00	865.00	864.00	860.00	859.00	858.00	854.00	853.00	852.00	851.00	849.00	848.00	847.00	846.00	844.00	842.00	842.00	842.00	841.00	840.00	840.00	839.00	839.00	838.00	837.00	836.00	836.00	835.00	834.00	833.00	832.00	831.00	830.00	828.00	827.00	827.00	826.00	824.00	823.00	823.00	822.00	822.00	821.00	821.00	821.00	820.00	819.00	819.00	819.00	819.00	818.00	818.00	818.00	818.00	818.00	816.00	816.00	816.00	816.00	815.00	815.00	815.00	815.00	815.00	815.00	815.00	815.00	815.00	817.00	821.00	828.00	832.00	836.00	845.00	847.00	850.00	850.00	830.00	821.00	814.00	808.00	803.00	797.00	797.00	796.00	794.00	792.00	789.00	787.00	785.00	782.00	779.00	777.00	776.00	775.00	772.00	771.00	769.00	765.00	764.00	762.00	760.00	758.00	756.00	750.00	747.00	746.00	745.00	742.00	740.00	739.00	738.00	737.00	733.00	732.00	731.00	730.00	728.00	724.00	723.00	722.00	722.00	722.00	722.00	722.00	722.00	722.00	720.00	720.00	719.00	719.00	719.00	719.00	719.00	719.00	719.00	719.00	719.00	719.00	719.00	719.00	719.00	719.00	719.00	719.00	719.00	719.00	719.00	719.00	719.00	719.00	719.00	719.00	719.00	719.00	719.00	720.00	720.00	720.00	721.00	721.00	722.00	722.00	723.00	723.00	723.00	723.00	723.00	723.00	723.00	723.00	722.00	721.00	720.00	719.00	719.00	718.00	718.00	718.00	718.00	718.00	715.00	713.00	711.00	709.00	705.00	705.00	704.00	703.00	702.00	699.00	698.00	696.00	696.00	694.00	692.00	690.00	689.00	686.00	685.00	684.00	683.00	683.00	682.00	681.00	680.00	680.00	679.00	679.00	678.00	678.00	678.00	677.00	676.00	675.00	674.00	671.00	669.00	668.00	666.00	665.00	638.00	629.00	628.00	631.00
876.00	878.00	879.00	881.00	883.00	884.00	885.00	886.00	886.00	887.00	889.00	890.00	890.00	890.00	890.00	890.00	890.00	889.00	888.00	887.00	886.00	885.00	885.00	880.00	879.00	877.00	876.00	874.00	871.00	870.00	869.00	867.00	865.00	864.00	860.00	859.00	858.00	854.00	853.00	852.00	851.00	849.00	848.00	847.00	846.00	844.00	842.00	842.00	842.00	841.00	840.00	840.00	839.00	839.00	838.00	837.00	836.00	836.00	835.00	834.00	833.00	832.00	831.00	830.00	828.00	827.00	827.00	826.00	824.00	823.00	823.00	822.00	822.00	821.00	821.00	821.00	820.00	819.00	819.00	819.00	819.00	818.00	818.00	818.00	818.00	818.00	816.00	816.00	816.00	816.00	815.00	815.00	815.00	815.00	815.00	815.00	815.00	815.00	815.00	817.00	821.00	828.00	832.00	836.00	845.00	847.00	850.00	850.00	830.00	821.00	814.00	808.00	803.00	797.00	797.00	796.00	794.00	792.00	789.00	787.00	785.00	782.00	779.00	777.00	776.00	775.00	772.00	771.00	769.00	765.00	764.00	762.00	760.00	758.00	756.00	750.00	747.00	746.00	745.00	742.00	740.00	739.00	738.00	737.00	733.00	732.00	731.00	730.00	728.00	724.00	723.00	722.00	722.00	722.00	722.00	722.00	722.00	722.00	720.00	720.00	719.00	719.00	719.00	719.00	719.00	719.00	719.00	719.00	719.00	719.00	719.00	719.00	719.00	719.00	719.00	719.00	719.00	719.00	719.00	719.00	719.00	719.00	719.00	719.00	719.00	719.00	719.00	720.00	720.00	720.00	721.00	721.00	722.00	722.00	723.00	723.00	723.00	723.00	723.00	723.00	723.00	723.00	722.00	721.00	720.00	719.00	719.00	718.00	718.00	718.00	718.00	718.00	715.00	713.00	711.00	709.00	705.00	705.00	704.00	703.00	702.00	699.00	698.00	696.00	696.00	694.00	692.00	690.00	689.00	686.00	685.00	684.00	683.00	683.00	682.00	681.00	680.00	680.00	679.00	679.00	678.00	678.00	678.00	677.00	676.00	675.00	674.00	671.00	669.00	668.00	666.00	665.00	638.00	629.00	628.00	631.00
883.00	884.00	885.00	887.00	887.00	888.00	889.00	890.00	890.00	891.00	890.00	890.00	889.00	889.00	887.00	886.00	886.00	884.00	883.00	881.00	879.00	877.00	876.00	870.00	868.00	867.00	866.00	865.00	862.00	862.00	860.00	858.00	855.00	855.00	852.00	851.00	849.00	846.00	845.00	843.00	842.00	840.00	840.00	839.00	838.00	837.00	836.00	835.00	834.00	834.00	833.00	832.00	832.00	831.00	830.00	828.00	827.00	827.00	826.00	825.00	824.00	823.00	823.00	822.00	821.00	821.00	820.00	820.00	820.00	820.00	820.00	819.00	819.00	819.00	818.00	818.00	818.00	817.00	818.00	817.00	817.00	816.00	816.00	816.00	816.00	816.00	815.00	815.00	815.00	815.00	815.00	815.00	815.00	815.00	815.00	815.00	815.00	819.00	823.00	833.00	841.00	845.00	848.00	849.00	844.00	839.00	830.00	825.00	803.00	800.00	796.00	794.00	793.00	792.00	793.00	792.00	791.00	787.00	782.00	780.00	778.00	777.00	774.00	773.00	772.00	771.00	768.00	766.00	765.00	762.00	761.00	757.00	756.00	754.00	752.00	747.00	745.00	744.00	742.00	740.00	738.00	736.00	735.00	733.00	730.00	729.00	727.00	725.00	724.00	722.00	722.00	722.00	722.00	722.00	722.00	722.00	722.00	721.00	719.00	719.00	719.00	719.00	719.00	719.00	719.00	719.00	719.00	718.00	718.00	718.00	719.00	719.00	719.00	719.00	719.00	719.00	719.00	719.00	718.00	718.00	718.00	719.00	719.00	719.00	719.00	720.00	720.00	720.00	721.00	722.00	722.00	723.00	723.00	723.00	723.00	723.00	723.00	723.00	723.00	723.00	723.00	723.00	721.00	720.00	719.00	719.00	718.00	718.00	718.00	717.00	717.00	717.00	715.00	712.00	710.00	709.00	705.00	704.00	704.00	703.00	702.00	698.00	698.00	696.00	695.00	693.00	690.00	689.00	687.00	684.00	683.00	682.00	682.00	681.00	679.00	678.00	678.00	678.00	677.00	677.00	676.00	676.00	676.00	674.00	672.00	671.00	669.00	665.00	662.00	661.00	658.00	656.00	630.00	621.00	625.00	626.00
883.00	884.00	885.00	887.00	887.00	888.00	889.00	890.00	890.00	891.00	890.00	890.00	889.00	889.00	887.00	886.00	886.00	884.00	883.00	881.00	879.00	877.00	876.00	870.00	868.00	867.00	866.00	865.00	862.00	862.00	860.00	858.00	855.00	855.00	852.00	851.00	849.00	846.00	845.00	843.00	842.00	840.00	840.00	839.00	838.00	837.00	836.00	835.00	834.00	834.00	833.00	832.00	832.00	831.00	830.00	828.00	827.00	827.00	826.00	825.00	824.00	823.00	823.00	822.00	821.00	821.00	820.00	820.00	820.00	820.00	820.00	819.00	819.00	819.00	818.00	818.00	818.00	817.00	818.00	817.00	817.00	816.00	816.00	816.00	816.00	816.00	815.00	815.00	815.00	815.00	815.00	815.00	815.00	815.00	815.00	815.00	815.00	819.00	823.00	833.00	841.00	845.00	848.00	849.00	844.00	839.00	830.00	825.00	803.00	800.00	796.00	794.00	793.00	792.00	793.00	792.00	791.00	787.00	782.00	780.00	778.00	777.00	774.00	773.00	772.00	771.00	768.00	766.00	765.00	762.00	761.00	757.00	756.00	754.00	752.00	747.00	745.00	744.00	742.00	740.00	738.00	736.00	735.00	733.00	730.00	729.00	727.00	725.00	724.00	722.00	722.00	722.00	722.00	722.00	722.00	722.00	722.00	721.00	719.00	719.00	719.00	719.00	719.00	719.00	719.00	719.00	719.00	718.00	718.00	718.00	719.00	719.00	719.00	719.00	719.00	719.00	719.00	719.00	718.00	718.00	718.00	719.00	719.00	719.00	719.00	720.00	720.00	720.00	721.00	722.00	722.00	723.00	723.00	723.00	723.00	723.00	723.00	723.00	723.00	723.00	723.00	723.00	721.00	720.00	719.00	719.00	718.00	718.00	718.00	717.00	717.00	717.00	715.00	712.00	710.00	709.00	705.00	704.00	704.00	703.00	702.00	698.00	698.00	696.00	695.00	693.00	690.00	689.00	687.00	684.00	683.00	682.00	682.00	681.00	679.00	678.00	678.00	678.00	677.00	677.00	676.00	676.00	676.00	674.00	672.00	671.00	669.00	665.00	662.00	661.00	658.00	656.00	630.00	621.00	625.00	626.00
883.00	884.00	885.00	887.00	887.00	888.00	889.00	890.00	890.00	891.00	890.00	890.00	889.00	889.00	887.00	886.00	886.00	884.00	883.00	881.00	879.00	877.00	876.00	870.00	868.00	867.00	866.00	865.00	862.00	862.00	860.00	858.00	855.00	855.00	852.00	851.00	849.00	846.00	845.00	843.00	842.00	840.00	840.00	839.00	838.00	837.00	836.00	835.00	834.00	834.00	833.00	832.00	832.00	831.00	830.00	828.00	827.00	827.00	826.00	825.00	824.00	823.00	823.00	822.00	821.00	821.00	820.00	820.00	820.00	820.00	820.00	819.00	819.00	819.00	818.00	818.00	818.00	817.00	818.00	817.00	817.00	816.00	816.00	816.00	816.00	816.00	815.00	815.00	815.00	815.00	815.00	815.00	815.00	815.00	815.00	815.00	815.00	819.00	823.00	833.00	841.00	845.00	848.00	849.00	844.00	839.00	830.00	825.00	803.00	800.00	796.00	794.00	793.00	792.00	793.00	792.00	791.00	787.00	782.00	780.00	778.00	777.00	774.00	773.00	772.00	771.00	768.00	766.00	765.00	762.00	761.00	757.00	756.00	754.00	752.00	747.00	745.00	744.00	742.00	740.00	738.00	736.00	735.00	733.00	730.00	729.00	727.00	725.00	724.00	722.00	722.00	722.00	722.00	722.00	722.00	722.00	722.00	721.00	719.00	719.00	719.00	719.00	719.00	719.00	719.00	719.00	719.00	718.00	718.00	718.00	719.00	719.00	719.00	719.00	719.00	719.00	719.00	719.00	718.00	718.00	718.00	719.00	719.00	719.00	719.00	720.00	720.00	720.00	721.00	722.00	722.00	723.00	723.00	723.00	723.00	723.00	723.00	723.00	723.00	723.00	723.00	723.00	721.00	720.00	719.00	719.00	718.00	718.00	718.00	717.00	717.00	717.00	715.00	712.00	710.00	709.00	705.00	704.00	704.00	703.00	702.00	698.00	698.00	696.00	695.00	693.00	690.00	689.00	687.00	684.00	683.00	682.00	682.00	681.00	679.00	678.00	678.00	678.00	677.00	677.00	676.00	676.00	676.00	674.00	672.00	671.00	669.00	665.00	662.00	661.00	658.00	656.00	630.00	621.00	625.00	626.00
883.00	884.00	885.00	887.00	887.00	888.00	889.00	890.00	890.00	891.00	890.00	890.00	889.00	889.00	887.00	886.00	886.00	884.00	883.00	881.00	879.00	877.00	876.00	870.00	868.00	867.00	866.00	865.00	862.00	862.00	860.00	858.00	855.00	855.00	852.00	851.00	849.00	846.00	845.00	843.00	842.00	840.00	840.00	839.00	838.00	837.00	836.00	835.00	834.00	834.00	833.00	832.00	832.00	831.00	830.00	828.00	827.00	827.00	826.00	825.00	824.00	823.00	823.00	822.00	821.00	821.00	820.00	820.00	820.00	820.00	820.00	819.00	819.00	819.00	818.00	818.00	818.00	817.00	818.00	817.00	817.00	816.00	816.00	816.00	816.00	816.00	815.00	815.00	815.00	815.00	815.00	815.00	815.00	815.00	815.00	815.00	815.00	819.00	823.00	833.00	841.00	845.00	848.00	849.00	844.00	839.00	830.00	825.00	803.00	800.00	796.00	794.00	793.00	792.00	793.00	792.00	791.00	787.00	782.00	780.00	778.00	777.00	774.00	773.00	772.00	771.00	768.00	766.00	765.00	762.00	761.00	757.00	756.00	754.00	752.00	747.00	745.00	744.00	742.00	740.00	738.00	736.00	735.00	733.00	730.00	729.00	727.00	725.00	724.00	722.00	722.00	722.00	722.00	722.00	722.00	722.00	722.00	721.00	719.00	719.00	719.00	719.00	719.00	719.00	719.00	719.00	719.00	718.00	718.00	718.00	719.00	719.00	719.00	719.00	719.00	719.00	719.00	719.00	718.00	718.00	718.00	719.00	719.00	719.00	719.00	720.00	720.00	720.00	721.00	722.00	722.00	723.00	723.00	723.00	723.00	723.00	723.00	723.00	723.00	723.00	723.00	723.00	721.00	720.00	719.00	719.00	718.00	718.00	718.00	717.00	717.00	717.00	715.00	712.00	710.00	709.00	705.00	704.00	704.00	703.00	702.00	698.00	698.00	696.00	695.00	693.00	690.00	689.00	687.00	684.00	683.00	682.00	682.00	681.00	679.00	678.00	678.00	678.00	677.00	677.00	676.00	676.00	676.00	674.00	672.00	671.00	669.00	665.00	662.00	661.00	658.00	656.00	630.00	621.00	625.00	626.00
888.00	889.00	889.00	890.00	890.00	890.00	890.00	890.00	889.00	889.00	887.00	886.00	885.00	885.00	880.00	879.00	877.00	875.00	873.00	870.00	869.00	868.00	866.00	862.00	861.00	860.00	859.00	857.00	855.00	853.00	852.00	851.00	847.00	845.00	842.00	841.00	839.00	837.00	837.00	836.00	835.00	834.00	833.00	833.00	832.00	831.00	830.00	829.00	828.00	828.00	827.00	826.00	825.00	825.00	824.00	822.00	822.00	821.00	821.00	821.00	820.00	820.00	820.00	819.00	819.00	818.00	818.00	818.00	818.00	817.00	818.00	817.00	817.00	817.00	817.00	817.00	816.00	816.00	816.00	816.00	816.00	816.00	815.00	815.00	815.00	815.00	815.00	815.00	815.00	815.00	815.00	815.00	816.00	818.00	820.00	828.00	832.00	844.00	848.00	849.00	848.00	843.00	836.00	829.00	819.00	812.00	806.00	803.00	796.00	796.00	794.00	793.00	793.00	791.00	788.00	786.00	784.00	780.00	777.00	776.00	774.00	773.00	771.00	770.00	769.00	767.00	764.00	763.00	762.00	759.00	757.00	753.00	752.00	750.00	748.00	745.00	743.00	741.00	740.00	737.00	734.00	733.00	731.00	730.00	726.00	725.00	724.00	722.00	722.00	722.00	722.00	722.00	722.00	722.00	721.00	721.00	720.00	720.00	719.00	719.00	719.00	719.00	719.00	719.00	719.00	719.00	719.00	716.00	715.00	716.00	717.00	721.00	721.00	720.00	720.00	719.00	717.00	715.00	715.00	714.00	714.00	716.00	717.00	718.00	719.00	720.00	721.00	721.00	723.00	724.00	724.00	724.00	724.00	724.00	726.00	725.00	724.00	723.00	724.00	725.00	726.00	726.00	724.00	721.00	720.00	720.00	719.00	719.00	718.00	716.00	716.00	716.00	715.00	712.00	711.00	709.00	704.00	703.00	702.00	701.00	700.00	696.00	695.00	693.00	692.00	691.00	689.00	686.00	684.00	679.00	677.00	678.00	678.00	678.00	673.00	670.00	669.00	669.00	669.00	667.00	665.00	664.00	664.00	662.00	661.00	660.00	660.00	655.00	651.00	647.00	642.00	639.00	625.00	616.00	612.00	611.00
888.00	889.00	889.00	890.00	890.00	890.00	890.00	890.00	889.00	889.00	887.00	886.00	885.00	885.00	880.00	879.00	877.00	875.00	873.00	870.00	869.00	868.00	866.00	862.00	861.00	860.00	859.00	857.00	855.00	853.00	852.00	851.00	847.00	845.00	842.00	841.00	839.00	837.00	837.00	836.00	835.00	834.00	833.00	833.00	832.00	831.00	830.00	829.00	828.00	828.00	827.00	826.00	825.00	825.00	824.00	822.00	822.00	821.00	821.00	821.00	820.00	820.00	820.00	819.00	819.00	818.00	818.00	818.00	818.00	817.00	818.00	817.00	817.00	817.00	817.00	817.00	816.00	816.00	816.00	816.00	816.00	816.00	815.00	815.00	815.00	815.00	815.00	815.00	815.00	815.00	815.00	815.00	816.00	818.00	820.00	828.00	832.00	844.00	848.00	849.00	848.00	843.00	836.00	829.00	819.00	812.00	806.00	803.00	796.00	796.00	794.00	793.00	793.00	791.00	788.00	786.00	784.00	780.00	777.00	776.00	774.00	773.00	771.00	770.00	769.00	767.00	764.00	763.00	762.00	759.00	757.00	753.00	752.00	750.00	748.00	745.00	743.00	741.00	740.00	737.00	734.00	733.00	731.00	730.00	726.00	725.00	724.00	722.00	722.00	722.00	722.00	722.00	722.00	722.00	721.00	721.00	720.00	720.00	719.00	719.00	719.00	719.00	719.00	719.00	719.00	719.00	719.00	716.00	715.00	716.00	717.00	721.00	721.00	720.00	720.00	719.00	717.00	715.00	715.00	714.00	714.00	716.00	717.00	718.00	719.00	720.00	721.00	721.00	723.00	724.00	724.00	724.00	724.00	724.00	726.00	725.00	724.00	723.00	724.00	725.00	726.00	726.00	724.00	721.00	720.00	720.00	719.00	719.00	718.00	716.00	716.00	716.00	715.00	712.00	711.00	709.00	704.00	703.00	702.00	701.00	700.00	696.00	695.00	693.00	692.00	691.00	689.00	686.00	684.00	679.00	677.00	678.00	678.00	678.00	673.00	670.00	669.00	669.00	669.00	667.00	665.00	664.00	664.00	662.00	661.00	660.00	660.00	655.00	651.00	647.00	642.00	639.00	625.00	616.00	612.00	611.00
890.00	890.00	890.00	889.00	888.00	887.00	887.00	886.00	885.00	884.00	879.00	877.00	875.00	873.00	868.00	867.00	867.00	866.00	865.00	863.00	862.00	862.00	860.00	856.00	854.00	853.00	852.00	850.00	847.00	845.00	843.00	841.00	838.00	837.00	836.00	834.00	833.00	832.00	832.00	831.00	830.00	829.00	828.00	828.00	827.00	826.00	824.00	824.00	823.00	823.00	821.00	821.00	821.00	820.00	820.00	819.00	819.00	818.00	819.00	818.00	818.00	817.00	817.00	817.00	816.00	816.00	816.00	816.00	816.00	816.00	816.00	815.00	815.00	815.00	815.00	815.00	814.00	814.00	814.00	814.00	814.00	814.00	815.00	814.00	814.00	815.00	815.00	816.00	819.00	820.00	828.00	832.00	836.00	842.00	845.00	848.00	848.00	842.00	837.00	825.00	822.00	815.00	809.00	805.00	801.00	801.00	799.00	798.00	793.00	793.00	791.00	790.00	788.00	782.00	780.00	778.00	777.00	775.00	774.00	772.00	771.00	770.00	767.00	766.00	765.00	764.00	761.00	760.00	758.00	755.00	753.00	749.00	748.00	746.00	745.00	740.00	739.00	738.00	737.00	733.00	730.00	729.00	727.00	725.00	723.00	722.00	722.00	722.00	722.00	722.00	722.00	721.00	721.00	720.00	719.00	719.00	719.00	719.00	719.00	720.00	720.00	720.00	721.00	721.00	721.00	721.00	720.00	714.00	712.00	714.00	717.00	724.00	724.00	723.00	721.00	719.00	716.00	712.00	711.00	711.00	711.00	713.00	716.00	717.00	719.00	719.00	721.00	722.00	724.00	726.00	725.00	725.00	726.00	726.00	728.00	727.00	724.00	723.00	726.00	728.00	729.00	729.00	726.00	722.00	721.00	721.00	719.00	719.00	718.00	715.00	715.00	714.00	714.00	712.00	710.00	708.00	702.00	701.00	700.00	698.00	697.00	694.00	692.00	690.00	689.00	689.00	687.00	683.00	680.00	673.00	671.00	673.00	674.00	674.00	666.00	660.00	659.00	661.00	658.00	655.00	652.00	651.00	652.00	649.00	647.00	646.00	646.00	644.00	638.00	632.00	627.00	623.00	617.00	613.00	609.00	606.00
890.00	890.00	890.00	889.00	888.00	887.00	887.00	886.00	885.00	884.00	879.00	877.00	875.00	873.00	868.00	867.00	867.00	866.00	865.00	863.00	862.00	862.00	860.00	856.00	854.00	853.00	852.00	850.00	847.00	845.00	843.00	841.00	838.00	837.00	836.00	834.00	833.00	832.00	832.00	831.00	830.00	829.00	828.00	828.00	827.00	826.00	824.00	824.00	823.00	823.00	821.00	821.00	821.00	820.00	820.00	819.00	819.00	818.00	819.00	818.00	818.00	817.00	817.00	817.00	816.00	816.00	816.00	816.00	816.00	816.00	816.00	815.00	815.00	815.00	815.00	815.00	814.00	814.00	814.00	814.00	814.00	814.00	815.00	814.00	814.00	815.00	815.00	816.00	819.00	820.00	828.00	832.00	836.00	842.00	845.00	848.00	848.00	842.00	837.00	825.00	822.00	815.00	809.00	805.00	801.00	801.00	799.00	798.00	793.00	793.00	791.00	790.00	788.00	782.00	780.00	778.00	777.00	775.00	774.00	772.00	771.00	770.00	767.00	766.00	765.00	764.00	761.00	760.00	758.00	755.00	753.00	749.00	748.00	746.00	745.00	740.00	739.00	738.00	737.00	733.00	730.00	729.00	727.00	725.00	723.00	722.00	722.00	722.00	722.00	722.00	722.00	721.00	721.00	720.00	719.00	719.00	719.00	719.00	719.00	720.00	720.00	720.00	721.00	721.00	721.00	721.00	720.00	714.00	712.00	714.00	717.00	724.00	724.00	723.00	721.00	719.00	716.00	712.00	711.00	711.00	711.00	713.00	716.00	717.00	719.00	719.00	721.00	722.00	724.00	726.00	725.00	725.00	726.00	726.00	728.00	727.00	724.00	723.00	726.00	728.00	729.00	729.00	726.00	722.00	721.00	721.00	719.00	719.00	718.00	715.00	715.00	714.00	714.00	712.00	710.00	708.00	702.00	701.00	700.00	698.00	697.00	694.00	692.00	690.00	689.00	689.00	687.00	683.00	680.00	673.00	671.00	673.00	674.00	674.00	666.00	660.00	659.00	661.00	658.00	655.00	652.00	651.00	652.00	649.00	647.00	646.00	646.00	644.00	638.00	632.00	627.00	623.00	617.00	613.00	609.00	606.00
890.00	890.00	890.00	889.00	888.00	887.00	887.00	886.00	885.00	884.00	879.00	877.00	875.00	873.00	868.00	867.00	867.00	866.00	865.00	863.00	862.00	862.00	860.00	856.00	854.00	853.00	852.00	850.00	847.00	845.00	843.00	841.00	838.00	837.00	836.00	834.00	833.00	832.00	832.00	831.00	830.00	829.00	828.00	828.00	827.00	826.00	824.00	824.00	823.00	823.00	821.00	821.00	821.00	820.00	820.00	819.00	819.00	818.00	819.00	818.00	818.00	817.00	817.00	817.00	816.00	816.00	816.00	816.00	816.00	816.00	816.00	815.00	815.00	815.00	815.00	815.00	814.00	814.00	814.00	814.00	814.00	814.00	815.00	814.00	814.00	815.00	815.00	816.00	819.00	820.00	828.00	832.00	836.00	842.00	845.00	848.00	848.00	842.00	837.00	825.00	822.00	815.00	809.00	805.00	801.00	801.00	799.00	798.00	793.00	793.00	791.00	790.00	788.00	782.00	780.00	778.00	777.00	775.00	774.00	772.00	771.00	770.00	767.00	766.00	765.00	764.00	761.00	760.00	758.00	755.00	753.00	749.00	748.00	746.00	745.00	740.00	739.00	738.00	737.00	733.00	730.00	729.00	727.00	725.00	723.00	722.00	722.00	722.00	722.00	722.00	722.00	721.00	721.00	720.00	719.00	719.00	719.00	719.00	719.00	720.00	720.00	720.00	721.00	721.00	721.00	721.00	720.00	714.00	712.00	714.00	717.00	724.00	724.00	723.00	721.00	719.00	716.00	712.00	711.00	711.00	711.00	713.00	716.00	717.00	719.00	719.00	721.00	722.00	724.00	726.00	725.00	725.00	726.00	726.00	728.00	727.00	724.00	723.00	726.00	728.00	729.00	729.00	726.00	722.00	721.00	721.00	719.00	719.00	718.00	715.00	715.00	714.00	714.00	712.00	710.00	708.00	702.00	701.00	700.00	698.00	697.00	694.00	692.00	690.00	689.00	689.00	687.00	683.00	680.00	673.00	671.00	673.00	674.00	674.00	666.00	660.00	659.00	661.00	658.00	655.00	652.00	651.00	652.00	649.00	647.00	646.00	646.00	644.00	638.00	632.00	627.00	623.00	617.00	613.00	609.00	606.00
887.00	887.00	886.00	884.00	883.00	880.00	877.00	875.00	873.00	870.00	867.00	866.00	865.00	865.00	861.00	860.00	860.00	859.00	858.00	856.00	855.00	854.00	853.00	849.00	847.00	845.00	843.00	842.00	839.00	838.00	837.00	836.00	833.00	833.00	832.00	830.00	828.00	827.00	827.00	826.00	825.00	824.00	824.00	823.00	822.00	821.00	820.00	819.00	818.00	818.00	817.00	817.00	817.00	817.00	816.00	815.00	815.00	815.00	815.00	814.00	814.00	815.00	814.00	814.00	814.00	814.00	814.00	814.00	814.00	813.00	813.00	813.00	814.00	814.00	814.00	814.00	815.00	817.00	818.00	818.00	820.00	821.00	824.00	826.00	828.00	828.00	839.00	841.00	845.00	848.00	848.00	847.00	844.00	842.00	837.00	828.00	824.00	814.00	810.00	804.00	802.00	801.00	800.00	798.00	794.00	794.00	793.00	792.00	786.00	784.00	781.00	779.00	778.00	775.00	774.00	773.00	772.00	771.00	769.00	767.00	766.00	765.00	763.00	763.00	762.00	761.00	757.00	755.00	753.00	750.00	748.00	745.00	744.00	742.00	740.00	736.00	735.00	733.00	732.00	729.00	725.00	724.00	723.00	722.00	722.00	722.00	722.00	722.00	722.00	720.00	720.00	720.00	719.00	720.00	720.00	720.00	720.00	721.00	721.00	722.00	722.00	722.00	722.00	722.00	722.00	722.00	722.00	712.00	710.00	713.00	715.00	717.00	719.00	722.00	723.00	724.00	724.00	723.00	720.00	718.00	713.00	711.00	712.00	713.00	714.00	716.00	718.00	717.00	718.00	724.00	724.00	725.00	727.00	727.00	728.00	729.00	730.00	730.00	726.00	723.00	721.00	722.00	722.00	721.00	719.00	718.00	717.00	714.00	714.00	714.00	712.00	710.00	706.00	707.00	706.00	703.00	698.00	697.00	696.00	695.00	693.00	688.00	688.00	686.00	686.00	686.00	684.00	681.00	678.00	670.00	667.00	665.00	664.00	662.00	664.00	664.00	662.00	658.00	652.00	648.00	645.00	642.00	639.00	633.00	630.00	629.00	629.00	632.00	634.00	633.00	630.00	623.00	611.00	606.00	601.00	599.00
887.00	887.00	886.00	884.00	883.00	880.00	877.00	875.00	873.00	870.00	867.00	866.00	865.00	865.00	861.00	860.00	860.00	859.00	858.00	856.00	855.00	854.00	853.00	849.00	847.00	845.00	843.00	842.00	839.00	838.00	837.00	836.00	833.00	833.00	832.00	830.00	828.00	827.00	827.00	826.00	825.00	824.00	824.00	823.00	822.00	821.00	820.00	819.00	818.00	818.00	817.00	817.00	817.00	817.00	816.00	815.00	815.00	815.00	815.00	814.00	814.00	815.00	814.00	814.00	814.00	814.00	814.00	814.00	814.00	813.00	813.00	813.00	814.00	814.00	814.00	814.00	815.00	817.00	818.00	818.00	820.00	821.00	824.00	826.00	828.00	828.00	839.00	841.00	845.00	848.00	848.00	847.00	844.00	842.00	837.00	828.00	824.00	814.00	810.00	804.00	802.00	801.00	800.00	798.00	794.00	794.00	793.00	792.00	786.00	784.00	781.00	779.00	778.00	775.00	774.00	773.00	772.00	771.00	769.00	767.00	766.00	765.00	763.00	763.00	762.00	761.00	757.00	755.00	753.00	750.00	748.00	745.00	744.00	742.00	740.00	736.00	735.00	733.00	732.00	729.00	725.00	724.00	723.00	722.00	722.00	722.00	722.00	722.00	722.00	720.00	720.00	720.00	719.00	720.00	720.00	720.00	720.00	721.00	721.00	722.00	722.00	722.00	722.00	722.00	722.00	722.00	722.00	712.00	710.00	713.00	715.00	717.00	719.00	722.00	723.00	724.00	724.00	723.00	720.00	718.00	713.00	711.00	712.00	713.00	714.00	716.00	718.00	717.00	718.00	724.00	724.00	725.00	727.00	727.00	728.00	729.00	730.00	730.00	726.00	723.00	721.00	722.00	722.00	721.00	719.00	718.00	717.00	714.00	714.00	714.00	712.00	710.00	706.00	707.00	706.00	703.00	698.00	697.00	696.00	695.00	693.00	688.00	688.00	686.00	686.00	686.00	684.00	681.00	678.00	670.00	667.00	665.00	664.00	662.00	664.00	664.00	662.00	658.00	652.00	648.00	645.00	642.00	639.00	633.00	630.00	629.00	629.00	632.00	634.00	633.00	630.00	623.00	611.00	606.00	601.00	599.00
887.00	887.00	886.00	884.00	883.00	880.00	877.00	875.00	873.00	870.00	867.00	866.00	865.00	865.00	861.00	860.00	860.00	859.00	858.00	856.00	855.00	854.00	853.00	849.00	847.00	845.00	843.00	842.00	839.00	838.00	837.00	836.00	833.00	833.00	832.00	830.00	828.00	827.00	827.00	826.00	825.00	824.00	824.00	823.00	822.00	821.00	820.00	819.00	818.00	818.00	817.00	817.00	817.00	817.00	816.00	815.00	815.00	815.00	815.00	814.00	814.00	815.00	814.00	814.00	814.00	814.00	814.00	814.00	814.00	813.00	813.00	813.00	814.00	814.00	814.00	814.00	815.00	817.00	818.00	818.00	820.00	821.00	824.00	826.00	828.00	828.00	839.00	841.00	845.00	848.00	848.00	847.00	844.00	842.00	837.00	828.00	824.00	814.00	810.00	804.00	802.00	801.00	800.00	798.00	794.00	794.00	793.00	792.00	786.00	784.00	781.00	779.00	778.00	775.00	774.00	773.00	772.00	771.00	769.00	767.00	766.00	765.00	763.00	763.00	762.00	761.00	757.00	755.00	753.00	750.00	748.00	745.00	744.00	742.00	740.00	736.00	735.00	733.00	732.00	729.00	725.00	724.00	723.00	722.00	722.00	722.00	722.00	722.00	722.00	720.00	720.00	720.00	719.00	720.00	720.00	720.00	720.00	721.00	721.00	722.00	722.00	722.00	722.00	722.00	722.00	722.00	722.00	712.00	710.00	713.00	715.00	717.00	719.00	722.00	723.00	724.00	724.00	723.00	720.00	718.00	713.00	711.00	712.00	713.00	714.00	716.00	718.00	717.00	718.00	724.00	724.00	725.00	727.00	727.00	728.00	729.00	730.00	730.00	726.00	723.00	721.00	722.00	722.00	721.00	719.00	718.00	717.00	714.00	714.00	714.00	712.00	710.00	706.00	707.00	706.00	703.00	698.00	697.00	696.00	695.00	693.00	688.00	688.00	686.00	686.00	686.00	684.00	681.00	678.00	670.00	667.00	665.00	664.00	662.00	664.00	664.00	662.00	658.00	652.00	648.00	645.00	642.00	639.00	633.00	630.00	629.00	629.00	632.00	634.00	633.00	630.00	623.00	611.00	606.00	601.00	599.00
883.00	880.00	878.00	873.00	871.00	868.00	867.00	866.00	864.00	864.00	861.00	861.00	859.00	859.00	856.00	855.00	854.00	854.00	852.00	850.00	849.00	847.00	845.00	840.00	839.00	838.00	837.00	836.00	833.00	832.00	831.00	831.00	828.00	828.00	826.00	824.00	823.00	822.00	821.00	821.00	820.00	818.00	818.00	817.00	816.00	815.00	814.00	814.00	815.00	815.00	814.00	813.00	813.00	814.00	814.00	813.00	814.00	815.00	815.00	816.00	815.00	817.00	818.00	818.00	819.00	821.00	822.00	823.00	825.00	826.00	827.00	828.00	829.00	831.00	833.00	833.00	837.00	839.00	841.00	841.00	845.00	845.00	848.00	849.00	850.00	849.00	846.00	841.00	840.00	836.00	827.00	825.00	819.00	816.00	811.00	805.00	803.00	801.00	799.00	796.00	795.00	794.00	792.00	791.00	788.00	786.00	784.00	783.00	777.00	776.00	775.00	774.00	772.00	771.00	770.00	769.00	768.00	767.00	765.00	764.00	763.00	762.00	760.00	758.00	756.00	755.00	751.00	750.00	748.00	746.00	743.00	739.00	737.00	736.00	733.00	730.00	729.00	727.00	725.00	723.00	722.00	722.00	722.00	722.00	721.00	721.00	720.00	720.00	720.00	720.00	721.00	721.00	722.00	722.00	723.00	723.00	723.00	723.00	723.00	723.00	723.00	723.00	724.00	723.00	723.00	723.00	723.00	716.00	714.00	716.00	717.00	718.00	718.00	719.00	719.00	719.00	719.00	720.00	721.00	723.00	724.00	721.00	719.00	718.00	716.00	718.00	719.00	719.00	719.00	724.00	725.00	725.00	725.00	725.00	725.00	724.00	724.00	724.00	723.00	720.00	718.00	718.00	715.00	715.00	712.00	709.00	708.00	706.00	706.00	705.00	704.00	702.00	698.00	696.00	696.00	695.00	694.00	694.00	692.00	691.00	689.00	682.00	680.00	676.00	674.00	672.00	671.00	671.00	671.00	666.00	663.00	661.00	658.00	656.00	649.00	647.00	648.00	650.00	646.00	643.00	639.00	635.00	632.00	627.00	624.00	623.00	623.00	620.00	618.00	618.00	617.00	616.00	608.00	605.00	595.00	591.00