13.94	13.69	12.00	13.50	15.44	16.06	19.06	21.69	19.69	15.62	18.69	17.25	8.44	14.19	14.75	17.56	10.96																										2.50	0.00																			3.00	4.25	0.50	2.25	6.00	7.50	6.50	4.75	6.00									5.50																																																																																																									20.09	57.94	166.31	115.75	215.81	208.31	384.00	714.44	755.19	769.56	827.81	701.62	764.31	685.50	635.00	619.44	595.69	464.38	336.00	213.75	199.62	190.62	113.62	62.25	42.81	89.56	189.31	232.00	225.50	454.12	419.31	336.12	458.00	552.88	375.31	238.00	124.69	104.56	75.94	70.00	66.69	66.25	62.25	44.19	51.25	43.25	42.38	61.12	81.38	77.38	62.56	63.38	66.31	80.12	90.75	95.50	104.81	118.12	125.19	122.81	120.00	119.38	123.25	117.69	110.50	105.56	95.44	95.19	92.44	77.06	70.50	67.00
14.94	16.00	16.31	16.44	16.12	21.38	20.75	25.19	18.92	11.33					7.00	8.27	9.00																																															2.50	3.94	5.56	6.38	9.31	13.00	11.88	9.31	5.06	3.25						0.00																																																																																																										0.00	33.38	66.19	69.12	227.75	268.75	149.06	538.06	700.38	724.75	851.56	637.50	701.56	771.19	706.81	540.00	477.75	357.62	284.88	226.94	199.19	159.81	92.31	52.25	40.94	79.50	160.12	169.62	284.50	406.25	563.00	519.31	565.25	614.88	494.50	289.06	153.94	110.62	81.44	66.81	54.31	49.44	47.75	45.38	42.12	39.00	41.38	63.06	87.75	85.62	66.00	62.31	68.00	74.12	80.75	93.81	102.56	103.50	107.50	109.38	104.50	111.38	106.19	98.62	98.31	89.75	88.81	82.06	87.06	78.25	69.31	60.75
15.31	15.31	16.31	17.69	16.75	10.75	0.00																																																							0.00	3.25	4.75	6.06	6.25	9.38	15.19	21.94	29.94	24.81	12.19	19.69	7.67	7.06	6.00	1.25			4.50	2.75	3.00																																																																																																								0.00	19.25	15.64	97.00	217.81	85.38	350.31	521.75	552.81	623.19	471.56	687.81	623.69	750.44	695.75	483.38	428.88	260.62	160.50	129.12	79.50	50.56	21.75	61.19	137.88	141.31	163.81	314.00	332.31	475.19	369.00	454.50	627.56	469.94	208.19	213.62	140.94	86.56	71.56	56.44	47.00	38.38	37.75	35.62	39.88	51.69	64.56	86.38	82.44	67.88	71.81	78.75	77.44	87.25	87.69	92.19	89.31	90.19	93.19	92.62	96.06	92.56	86.88	84.44	82.62	77.56	73.50	76.75	72.81	68.38	66.62
16.19	16.50	16.17	15.00																																																										3.94	6.12	8.12	12.31	11.88	14.50	18.06	33.62	47.25	60.94	22.44	75.31	17.62	8.62	9.69	4.06				6.25	4.00																																																																																																										9.00	17.44	87.94	80.62	275.31	276.69	411.50	271.81	450.88	393.44	313.44	514.88	429.75	319.81	353.50	256.25	138.50	50.81	26.06	23.19	13.69	39.19	111.56	144.44	166.12	213.12	296.50	345.50	360.06	609.50	634.00	410.00	251.69	145.25	89.56	73.81	75.31	65.25	41.88	34.62	35.44	37.25	53.69	79.12	86.94	73.75	67.31	58.00	56.38	66.56	66.75	74.31	73.88	74.56	75.38	76.44	81.06	80.00	72.62	75.12	74.69	70.25	65.00	66.50	66.12	66.19	63.94	59.19	63.31
16.94	12.09	8.00																																																		1.50	6.00						0.00	2.62	8.75	10.31	12.81	16.62	16.50	18.69	23.75	35.94	34.56	41.00	15.62	25.62	19.44	14.44	6.94	5.96				4.00	0.00																																																																																																												12.33	40.02	79.25	132.75	221.12	196.12	264.31	320.06	193.50	236.19	204.38	162.69	140.00	81.75	48.81	31.31	17.06	10.19	11.25	16.94	45.06	115.31	174.31	244.12	264.19	239.69	361.06	461.88	545.00	373.06	200.81	114.19	80.19	63.62	58.38	52.69	42.12	33.44	43.31	49.19	71.69	77.31	79.25	66.38	63.62	50.62	48.00	50.12	65.94	63.19	66.94	63.50	63.50	68.06	72.75	71.75	64.75	62.75	65.00	62.62	55.56	57.81	56.25	56.81	51.06	49.12	52.06
13.94																																																										0.00	2.56	6.19	10.06	13.19	16.88	21.31	22.06	23.12	31.00	33.44	27.31	18.00	21.75	19.81	16.06	13.56	5.75	4.39					0.00																																																																																																														0.00	40.06	44.12	47.25	77.06	117.31	80.50	118.06	56.81	35.19	45.25	58.38	51.44	52.19	41.31	13.00	8.75	17.88	36.94	148.06	184.75	196.69	182.62	160.19	363.94	308.12	233.56	174.94	115.62	80.94	88.50	78.56	58.62	42.88	37.12	33.50	33.06	37.69	59.81	74.25	63.62	55.81	57.56	46.06	45.06	54.44	56.56	55.81	60.31	56.50	55.31	59.50	63.56	63.06	59.62	55.31	57.50	57.38	49.56	50.38	47.56	48.62	46.00	39.62	39.38
0.00																																																					2.17					3.00	5.50	8.75	13.44	19.62	28.06	31.94	30.12	25.75	31.06	34.88	33.19	25.31	30.44	26.44	14.19	9.25	6.50	5.33				5.67																																																																																																																		12.50	11.83	27.69	25.75	47.31	37.88	94.56	82.00	89.38	70.62	56.75	46.81	22.75	11.75	19.50	31.75	83.88	150.56	141.31	123.06	130.38	219.12	211.94	151.50	121.00	93.06	66.88	71.56	75.38	62.94	45.94	34.38	39.38	33.19	34.25	53.69	60.38	53.12	48.50	52.50	44.62	44.31	51.44	49.56	49.56	53.38	52.56	52.81	55.06	57.56	56.81	52.50	49.56	51.12	50.06	46.81	46.25	44.06	44.81	43.38	38.25	33.19
																																																					3.33	9.00				3.33	6.94	11.12	19.00	35.19	50.31	42.94	45.25	32.00	29.88	32.81	34.62	36.81	29.56	22.31	15.75	13.12	12.00	8.50	6.71	3.08	4.00	2.25																																																																																																																					7.75	19.88	35.75	48.94	46.69	41.81	37.62	26.56	10.69	6.94	10.75	24.50	43.56	61.75	91.75	104.81	79.56	87.25	110.56	108.94	91.94	76.38	66.06	63.50	55.06	61.38	53.62	51.56	44.25	33.44	31.56	21.38	42.81	42.94	42.94	45.31	42.88	40.12	40.81	43.69	40.81	40.81	43.19	42.94	44.25	46.44	47.94	48.94	45.81	41.69	43.62	41.56	39.56	36.62	37.31	39.06	38.00	35.75	29.25
																																																						2.00				4.00	3.50	8.81	21.38	40.31	61.31	60.88	51.06	38.75	40.25	46.75	42.00	38.94	32.69	27.94	20.69	27.44	22.75	20.06	12.75	7.38	3.94	2.67	2.00	3.00																																																																																																																			1.62	4.62	10.38	18.06	22.88	20.25	18.88	13.69	15.19	6.94	11.00	20.75	38.75	53.25	63.75	60.81	64.19	72.81	65.38	62.88	50.94	50.69	52.81	51.19	45.00	47.06	41.00	35.25	34.69	17.69	17.12	22.06	37.94	33.56	35.31	36.62	37.25	35.31	36.75	39.38	35.31	32.69	36.25	35.44	36.31	38.50	37.69	39.50	39.38	36.12	36.81	36.31	33.81	29.75	30.94	31.50	31.25	30.62	25.94
																																																											2.08	6.56	23.31	28.94	42.56	56.31	65.19	51.00	50.31	58.06	55.62	65.94	42.38	28.31	24.69	37.69	36.75	28.69	17.75	15.06	10.25	3.12	3.00	1.11	3.00																																																																																																																			2.02	1.83	3.38	5.62	5.64	3.08	1.73	5.00	4.69	8.38	14.31	23.56	28.94	35.06	34.75	30.31	40.50	39.88	39.94	36.00	38.00	40.75	34.00	31.69	30.69	27.19	22.94	17.88	17.38	26.50	33.88	27.69	26.06	29.06	29.00	30.94	32.69	32.69	32.62	32.56	27.38	26.06	27.25	27.50	32.31	30.94	31.44	33.38	31.38	31.50	31.00	28.69	25.25	25.50	26.38	24.56	25.12	22.25
																																																												3.15	12.44	18.31	30.56	30.19	47.94	75.44	69.31	70.38	70.69	69.81	61.44	40.38	33.25	36.88	45.62	40.31	29.50	21.00	13.25	6.94	3.33	2.56	2.56	4.00	2.00																			4.67	2.00																																																																																														1.58			0.00	1.00	1.88	3.44	4.50	3.88	8.00	12.81	12.56	18.00	15.25	22.00	26.19	23.31	19.69	21.31	27.94	27.00	22.94	22.00	22.19	18.69	21.06	13.50	20.62	30.69	28.38	20.88	20.06	21.44	25.00	27.75	29.06	26.25	23.50	25.19	24.25	21.56	21.31	21.06	23.75	24.44	24.44	26.56	25.00	24.31	25.62	24.00	21.56	20.00	20.56	19.38	18.62	15.88
																																																												3.00	6.00	10.31	15.75	25.00	35.75	78.44	96.31	64.12	70.06	61.44	58.75	63.00	44.44	32.62	37.31	37.44	25.44	20.25	9.94	7.19	2.44	1.83	4.00	1.33	5.47	3.15	4.42	2.00															4.00	3.00																																																																																																				1.83	3.54	5.19	2.83	3.17	1.50	3.23	6.94	7.25	12.00	10.31	11.56	11.88	14.50	15.19	14.94	9.56	11.62	10.00	8.62	10.94	10.75	18.75	19.31	17.69	15.19	16.94	18.81	21.62	23.69	23.88	21.75	18.31	16.19	16.19	16.00	16.06	16.44	16.44	17.81	18.81	20.44	20.00	17.50	16.81	16.94	16.56	15.31	14.75	14.06	13.31	11.31
																																																													3.25	5.31	10.44	17.06	28.06	43.38	45.88	40.19	53.81	76.75	49.12	43.75	42.38	29.38	36.50	26.62	31.06	19.56	8.81	7.17	3.00		1.67				3.00	4.25																	4.00					4.92				8.00																				0.00	3.40	6.00																																																																				0.50	3.00	4.00	5.25			1.00	5.64	4.27	2.92	2.75	4.62	5.94	4.25	7.44	4.00	2.23	3.06	4.06	5.56	8.00	9.50	10.06	9.62	10.12	11.00	13.12	15.62	18.75	19.94	20.38	18.25	17.31	13.38	11.12	10.75	12.38	12.12	11.94	13.94	14.56	14.94	14.94	13.75	11.62	10.81	11.56	10.75	9.12	9.06	9.31	8.00
																																																														2.38	7.62	12.69	24.81	32.06	29.94	26.88	35.31	47.62	39.88	27.06	26.31	19.38	16.00	13.25	10.06	10.00	6.75	5.08	2.00						5.00																											7.50	5.00	0.00																		4.75	0.00																4.00																																																							6.50	2.00									1.00	1.50	2.38	3.31	2.29	2.46	3.00	4.69	6.62	7.31	7.50	6.69	6.31	8.19	10.06	12.62	15.88	17.19	17.12	15.12	14.44	11.44	9.75	7.88	8.44	8.94	9.69	10.12	10.44	11.00	10.25	8.50	7.56	7.31	7.81	6.94	5.81	6.75	7.25	6.06
																																																														1.67	7.23	13.38	16.44	21.62	23.62	19.56	23.31	28.44	31.19	22.94	19.19	12.06	8.00	6.81	6.06	5.75	9.88	9.81	5.00	3.33					7.17	5.00	5.00																	2.25	4.25	3.50	4.33	4.75	8.00	8.00	4.61	4.33	6.00		2.33	4.00					0.00								0.00	0.00	3.50	6.00													4.00																																																																						1.42	0.94	1.04	1.38	3.02	3.50	2.94	4.00	5.44	4.56	3.88	5.19	5.25	7.81	10.31	12.69	13.75	13.50	12.50	10.56	10.19	7.62	6.50	5.75	7.31	9.12	9.19	9.81	9.62	6.75	5.44	5.19	5.00	5.06	3.50	4.94	6.12	6.56	4.00
																																																					0.75	2.50									9.12	17.62	9.31	14.88	12.69	13.50	12.94	15.81	12.56	13.44	13.12	11.12	6.44	8.38	6.75	8.88	13.75	14.31	12.94	9.25						0.00	7.00	3.00												2.00			3.50		2.83	3.54	5.46	0.00	2.42	5.33	7.00										3.50		5.00	3.75	1.56	3.42	3.00	6.25	7.12	8.00																																																																																							1.00	1.31	0.00	3.25	2.61	2.69	4.69	2.44	2.56	4.31	3.88	4.38	7.75	9.56	10.25	10.19	9.31	8.19	7.81	6.12	4.75	5.69	7.56	6.94	5.12	5.50	9.25	8.12	3.56	2.81	4.12	3.48	1.75	3.75	2.75	6.54	0.00
																																																						3.50	7.00								4.25	5.44	5.94	6.50	8.12	8.19	7.12	7.88	6.38	8.06	9.00	8.44	9.38	10.00	7.62	8.75	14.81	14.44	15.06	13.50	2.00						6.75	4.75	10.00	4.67									3.00	4.72	3.25	4.22	4.50	2.46	5.21	6.58	5.00		3.08	6.83															1.50	4.56	5.50	4.19	9.34																																																																																											3.00	3.12	2.56	4.61	2.62	7.50	4.12	4.62	3.94	4.81	7.00	8.25	8.19	7.38	7.12	4.56	4.38	3.69	5.06	5.94	5.19	3.06	2.00	2.94	3.40	3.94	2.56	2.00	2.83					
																																																						8.00	12.88	7.69							2.50	4.11	6.38	8.12	7.88	6.25	9.44	9.25	9.00	10.44	11.81	12.62	9.12	8.12	10.25	11.31	12.00	11.75	12.94	9.88	1.50			4.00	6.00			0.00	3.75	4.17	1.75	6.25	6.00	1.25	4.50	3.83			3.00	4.00	0.00	2.31	6.46	5.00																						3.00																																																																																																		0.00		0.00	2.50	3.19	2.56	3.75	4.75	5.88	5.56	4.19	4.00	5.69	4.56	6.62	6.25	4.83	4.29	3.75	1.00				1.00						1.75
																																																						0.00	11.25	13.81	3.89	3.50	3.75			2.88	5.56	7.31	9.88	9.69	7.19	7.69	8.50	12.19	9.44	12.75	12.31	8.88	8.81	8.25	10.81	14.38	13.94	11.94	11.31	12.06	2.17				4.44	5.00	2.00		6.25	3.67	4.04	5.42	3.25							3.00	3.72	4.75																																																																																																																														0.67	2.88	3.17	4.81	5.38	4.19	3.94	8.56	4.19	2.94	2.00											3.00			1.00	2.75
																																																							5.62	15.12	9.31	5.25	3.00	4.75	4.42	10.81	14.88	12.69	11.88	11.38	9.56	9.56	8.00	9.75	8.88	8.38	8.69	10.69	11.75	12.06	15.31	13.94	13.06	15.25	15.08	16.00						4.00												2.50																																																																																																																																				0.00	1.42	4.25	2.00	1.83															2.00			0.58	1.67
																																																								12.42	10.62	14.25	11.88	8.56	14.69	16.81	14.38	14.56	12.50	11.94	11.62	11.50	10.31	10.38	9.12	8.50	10.31	14.25	14.50	13.56	9.00	6.81	4.29	8.66																																																																																																																																																																														1.00	2.00
																																																									7.50	14.50	15.38	13.75	13.12	16.44	13.62	13.12	13.62	14.19	12.69	12.81	12.25	11.75	12.31	13.75	14.25	13.94	6.94	5.88	4.25																																																																																																																																																																													2.00		2.00			
																																																										6.19	12.38	12.31	11.81	14.44	11.88	16.06	16.44	15.75	13.38	12.62	12.88	13.00	13.12	10.88	7.19	4.38	3.50																																																																																																																																																																																0.92	1.50			1.67
																																																											1.00	7.12	2.92	3.42	6.00	10.62	12.50	13.44	10.62	9.62	11.69	8.06	5.38	4.67	5.50																																																																																																																																																	5.50																																		2.00		1.00	2.00
																																																																0.00	0.00	4.58	4.62	6.75	5.58	4.25																																																																																																																																																																																								0.83	1.00
																																																																																																																																																																																																																																																															1.17
																																																																																																																																																																																																																																																														1.50	1.00
																																																																																																																																																																																																																																																													2.00	1.00	
																																																																																																																																																																																																																																																															
																																																																																																																																																																																																																																																															
																																																																																																																																																																																																																																																															
																																																																																																																																																																																																																																																															
																																																																																																																																																																																																																																																															
																																																																																																																																																																																																																																																															
																																																																																																																																																																																																																																																															
																																																																																																																																																																																																																																																															
																																																																																																																																																																																																																																																															
																																																																																																																																																																																																																																																															
																																																																																																																																																																																																																																																															
																																																																																																																																																																																																																															4.00	2.00	2.25		1.00	2.00																											
																																																																																																																																																																																																																																1.42	0.81	2.50	1.25	1.67	1.25	2.00																									
																																																																																																																																																																																																																																				1.50	0.96	2.38	3.00															1.00									
																																																																																																																																																																																																																																				2.00	1.11	1.44	1.38															2.00	1.00					1.00			
																																																																																																																																																																																																																																					1.25	1.00	0.50														1.00							1.33			
																																																																																																																																																																																																																																							1.67														1.00										
																																																																																																																																																																																																																																										1.56	1.19	1.50																			
																																																																																																																																																																																																																																										0.44	0.25	0.00	3.00																		
																																																																																																																																																																																																																																												0.50	0.00	1.00																	
																																																																																																																																																																																																																																													1.00	1.29	1.50																
																																																																																																																																																																																																																																														0.75	1.71	1.83															
																																																																																																																																																																																																																																															2.25	3.67	1.06	1.25													
																																																																																																																																																																																																																																																	1.75	2.12	1.44												
																																																																																																																																																																																																																																																		1.56	1.89	0.79	3.33										
																																																																																																																																																																																																																																																			2.00	0.72	1.69										
																																																																																																																																																																																																																																																							1.00	0.00							
																																																																																																																																																																																																																																																							2.00								
																																																																																																																																																																																																																																																							1.00	1.00	2.25	0.75					2.75
																																																																																																																																																																																																																																																										1.50	1.00	2.00			
																																																																																																																																																																																																																																																												1.00	1.25		
																																																																																																																																																																																																																																																													0.50	0.75	1.00
																																																																																																																																																																																																																																																														2.00	
																																																																																																																																																																																																																																																															1.00
																																																																																																																																																																																																																																																															
																																																																																																																																																																																																																																																															
																																																																																																																																																																																																																																																															
																																																																																																																																																																																																																																																															
																																																																																																																																																																																																																																																															
																																																																																																																																																																																																																																																															
																																																																																																																																																																																																																																																															
																																																																																																																																																																																																																																																															
																																																																																																																																																																																																																																																															
																																																																																																																																																																																																																																																															
																																																																																																																																																																																																																																																															
																																																																																																																																																																																																																																																															
																																																																																																																																																																																																																																																															
																																																																																																																																																																																																																																																															
																																																																																																																																																																																																																																																															
																																																																																																																																																																																																																																																															
																																																																																																																																																																																																																																																															
																																																																																																																																																																																																																																																															
																																																																																																																																																																																																																																																															
																																																																																																																																																																																																																																																															
																																																																																																																																																																																																																																																															
																																																																																																																																																																																																																																																															
																																																																																																																																																																																																																																																															
																																																																																																																																																																																																																																																															
																																																																																																																																																																																																																																																															
																																																																																																																																																																																																																																																															
																																																																																																																																																																																																																																																															
																																																																																																																																																																																																																																																															
																																																																																																																																																																																																																																																															
																																																																																																																																																																																																																																																															
																																																																																																																																																																																																																																																															
																																																																																																																																																																																																																																																															
																																																																																																																																																																																																																																																															
																																																																																																																																																																																																																																																															
																																																																																																																																																																																																																																																															
																																																																																																																																																																																																																																																															
																																																																																																																																																																																																																																																															
																																																																																																																																																																																																																																																															
																																																																																																																																																																																																																																																															
																																																																																																																																																																																																																																																															
																																																																																																																																																																																																																																																															
																																																																																																																																																																																																																																																															
																																																																																																																																																																																																																																																															
																																																																																																																																																																																																																																																															
																																																																																																																																																																																																																	11.50	22.75	22.75																																												
																																																																																																																																																																																																															11.84	13.17	27.69	35.62	44.00																																												
																																																																																																																																																																																																							4.00	3.75					0.00	6.92	18.02	21.56	23.91	33.00																																													
																																																																																																																																																																																																			0.00	3.17	6.25	4.81	5.08	3.12			0.00	2.83	11.12	17.21	12.00																																																
																																																																																																																																																																																																		2.00	5.11	3.88	2.75																																																										
																																																																																																																																																																																																		4.00	4.00																																																												
																																																																																																																																																																																																																																																															
																																																																																																																																																																																																																																																															
																																																																																																																																																																																																																																																															
																																																																																																																																																																																																																																																															
																																																																																																																																																																																																																																																															
																																																																																																																																																																																																																																																															
																																																																																																																																																																																																																																																															
																																																																																																																																																																																																																																																															
																																																																																																																																																																																																																																																															
																																																																																																																																																																																																																																																															
																																																																																																																																																																																																																																																															
																																																																																																																																							0.00	5.00																																																																																																																							
																																																																																																																																						2.50	5.56	4.14	0.00																																																																																																																						
																																																																																																																																							1.42	4.14					3.38	6.00	0.00			2.50	0.00	2.50	0.00																																																																																																										
																																																																																																																																								4.69	6.50				2.92	6.00	4.62	6.69	4.62	5.46	5.69	5.06	5.33																																																																																																										
																																																																																																																																								5.00	4.00		0.00	2.25	4.21	6.31	5.75	9.38	6.75	6.38	5.81	8.62	6.69																																																																																																										
																																																																																																																																							0.00	4.75	5.42	5.25	3.17	6.06	7.50	7.19	6.38	5.50	4.33	6.69	5.56	6.25	5.00																																																																																																										
																																																																																																																																							1.88	6.25	6.33	6.00	5.31	7.94	8.77	6.50																																																																																																																	
																																																																																																																																												2.75	0.00																																																																																																																		
																																																																																																																																																																																																																																																															
																																																																																																																																																																																																																																																															
																																																																																																																																																																																																																																																															
																																																																																																																																																																																																																																																															
																																																																																																																																																																																																																																																															
																																																																																																																																																																																																																																																															
																																																																																																																																																																																																																																																															
																																																																																																																																																																																																																																																															
																																																																																																																																																																																																																																																															
																																																																																																																																																																																																																																																															
																																																																																																																																																																																																																																																															
																																																																																																																																																																																																																																																															
																																																																																																																																																																																																																																																															
																																																																																																																																																																																																																																																															
																																																																																																																																																																																																																																																															
																																																																																																																																																																																																																																																															
																																																																																																																																																																																																																																																															
																																																																																																																																																																																																																																																															
																																																																																																																																																																																																																																																															
																																																																																																																																																																																																																																																															
																																																																																																																																																																																																																																																															
																																																																																																																																																																																																																																																															
																																																																																																																																																																																																																																																															
																																																																																																																																																																																																																																																															
																																																																																																																																																																																																																																																															
																																																																																																																																																																																																																																																															
																																																																																																																																																																																																																																																															
																																																																																																																																																																																																																																																															
																																																																																																																																																																																																																																																															
																																																																																																																																																																																																																																																															
																																																																																																																																																																																																																																																															
																																																																																																																																																																																																																																																															
																																																																																																																																																																																																																																																															
																																																																																																																																																																																																																																																															
																																																																																																																																																																																																																																																															
																																																																																																																																																																																																																																																															
																																																																																																																																																																																																																																																															
																																																																																																																																																																																																																																																															
																																																																																																																																																																																																																																																															
																																																																																																																																																																																																																																																															
																																																																																																																																																																																																																																																															
																																																																																																																																																																																																																																																															
																																																																																																																																																																																																																																																															
																																																																																																																																																																																																																																																															
																																																																																																																																																																																																																																																															
																																																																																																																																																																																																																																																															
																																																																																																																																																																																																																																																															
																																																																																																																																																																																																																																																															
																																																																																																																																																																																																																																																															
																																																																																																																																																																																																																																																															
																																																																																																																																																																																																																																																															
																																																																																																																																																																																																																																																															
																																																																																																																																																																																																																																																															
																																																																																																																																																																																																																																																															
																																																																																																																																																																																																																																																															
																																																																																																																																																																																																																																																															
																																																																																																																																																																																																																																																															
																																																																																																																																																																																																																																																															
																																																																																																																																																																																																																																																															
																																																																																																																																																																																																																																																															
																																																																																																																																																																																																																																																															
																																																																																																																																																																																																																																																															
																																																																																																																																																																																																																																																															
																																																																																																																																																																																																																																																															
																																																																																																																																																																																																																																																															
																																																																																																																																																																																																																																																															
																																																																																																																																																																																																																																																															
																																																																																																																																																																																																																																																															
																																																																																																																																																																																																																																																															
																																																																																																																																																																																																																																																															
																																																																																																																																																																																																																																																															
																																																																																																																																																																																																																																																															
																																																																																																																																																																																																																																																															
																																																																																																																																																																																																																																																															
																																																																																																																																																																																																																																																															
																																																																																																																																																																																																																																																															
																																																																																																																																																																																																																																																															
																																																																																																																																																																																																																																																															
																																																																																																																																																																																																																																																															
																																																																																																																																																																																																																																																															
																																																																																																																																																																																																																																																															
																																																																																																																																																																																																																																																															
																																																																																																																																																																																																																																																															
																																																																																																																																																																																																																																																															
																																																																																																																																																																																																																																																															
																																																																																																																																																																																																																																																															
																																																																																																																																																																																																																																																															
																			0.00	10.50	0.00																																																																																																																																																																																																																																										
																			0.00	0.00																																																																																																																																																																																																																																											
																																																																																																																																																																																																																																																															
																																																																																																																																																																																																																																																															
																																																																																																																																																																																																																																																															
																																																																																																																																																																																																																																																															
																																																																																																																																																																																																																																																															
																																																																																																																																																																																																																																																															
																																																																																																																																																																																																																																																															
																																																																																																																																																																																																																																																															
																																																																																																																																																																																																																																																															
																																																																																																																																																																																																																																																															
																																																																																																																																																																																																																																																															
																																																																																																																																																																																																																																																															
																																																																																																																																																																																																																																																															
																																																																																																																																																																																																																																																															
																																																																																																																																																																																																																																																															
																																																																																																																																																																																																																																																															
																																																																																																																																																																																																																																																															
																																																																																																																																																																																																																																																															
																																																																																																																																																																																																																																																															
																																																																																																																																																																																																																																																															
																																																																																																																																																																																																																																																															
																																																																																																																																																																																																																																																															
																																																																																																																																																																																																																																																															
																																																																																																																																																																																																																																																															
																																																																																																																																																																																																																																																															
																																																																																																																																																																																																																																																															
																																																																																																																																																																																																																																																															
																																																																																																																																																																																																																																																															
																																																																																																																																																																																																																																																															
																																																																																																																																																																																																																																																															
																																																																																																																																																																																																																																																															
																																																																																																																																																																																																																																																															
																																																																																																																																																																																																																																																															
																																																																																																																																																																																																																																																															
																																																																																																																																																																																																																																																															
																																																																																																																																																																																																																																																															