743.75	739.75	738.25	742.62	751.25	764.25	774.50	784.62	791.50	795.50	799.25	802.00	803.62	804.25	803.62	800.62	796.75	793.12	791.50	791.62	794.12	797.88	799.62	803.25	807.25	810.50	812.38	813.75	815.38	815.75	816.62	816.62	817.12	817.00	817.88	819.00	819.75	819.25	817.50	816.25	817.75	824.25	834.88	844.88	856.00	859.25	861.50	855.50	844.25	826.38	803.88	784.75	770.75	768.50	774.50	780.62	794.50	813.00	827.12	839.12	849.12	856.50	860.75	859.38	855.50	842.00	827.62	813.25	795.25	775.38	752.62	741.12	737.00	732.25	721.38	704.12	689.88	682.12	687.88	703.00	713.00	707.75	702.50	709.88	729.50	756.25	782.12	795.75	808.25	818.62	829.25	840.38	845.50	847.25	834.38	816.25	788.88	766.50	739.50	704.75	671.38	650.00	631.12	619.50	609.62	600.38	591.50	577.00	562.62	552.50	544.00	525.50	495.25	456.50	409.00	354.25	313.88	283.75	260.25	232.25	202.50	179.62	157.38	142.88	131.38	123.12	116.62	114.00	121.38	140.62	194.88	284.00	391.12	502.38	580.25	639.75	710.25	764.62	803.00	807.25	798.38	790.12	786.75	783.50	791.88	800.50	815.12	829.50	843.00	856.38	863.00	871.75	885.25	896.75	891.88	891.38	880.50	862.50	847.75	836.25	830.75	819.88	805.50	805.88	826.88	860.50	876.25	859.00	825.25	789.12	758.62	743.62	735.25	723.25	702.75	686.25	677.75	670.12	656.25	617.88	562.25	503.25	477.12	483.50	494.00	479.12	410.75	313.12	218.00	163.88	134.75	111.75	99.75	94.50	94.00	95.25	126.88	197.38	374.25	560.62	721.62	822.62	845.12	821.75	780.38	378.75	194.12	0.00	0.00	0.00	0.00	0.00	0.00	0.00	0.00	0.00	0.00	0.00	0.00	0.00	0.00	0.00	0.00	0.00	0.00	0.00	0.00	0.00	0.00	0.00	0.00	0.00	0.00	0.00	0.00	0.00	0.00	0.00	4.12	16.38	16.38	66.00	62.62	60.88	61.12	60.50	56.25	50.50	41.12	32.50	25.38	14.88	9.00	6.62	1.00	0.00
740.75	736.00	733.50	738.00	747.25	761.75	773.50	784.75	792.00	795.50	798.50	800.25	801.00	801.00	799.00	794.75	790.25	786.00	784.00	784.50	789.25	794.50	797.00	801.50	805.75	808.25	809.00	809.75	811.00	811.00	812.25	813.00	814.25	815.50	817.75	820.00	822.25	823.00	821.75	821.00	821.00	824.00	831.25	838.00	846.75	851.50	853.25	846.50	834.50	815.50	791.75	770.50	755.00	753.50	762.25	770.75	789.00	810.50	824.00	834.50	843.75	851.00	855.25	854.00	851.00	842.50	832.00	819.50	805.25	790.75	773.50	765.00	761.00	751.50	735.75	717.25	707.50	706.50	717.00	731.00	739.50	732.50	725.00	727.75	742.00	763.75	785.00	799.75	811.50	820.50	830.75	839.75	839.00	832.50	812.25	786.75	751.50	725.25	697.75	663.25	630.75	612.75	601.00	594.50	588.00	577.75	566.25	549.50	534.50	526.25	519.50	500.00	465.00	421.50	369.00	308.50	266.50	239.75	222.00	205.25	186.50	169.00	150.25	138.75	130.75	124.75	119.75	118.00	128.25	153.00	222.00	327.50	445.00	556.00	621.00	654.00	690.50	732.75	771.75	783.50	779.75	772.00	772.75	781.00	792.50	803.00	820.00	835.00	848.00	863.00	872.00	884.75	906.00	923.25	916.25	912.75	896.25	864.00	835.00	821.25	824.50	831.75	841.50	861.00	893.00	929.00	940.50	916.00	877.50	836.50	801.50	784.00	774.00	759.75	738.00	724.50	722.25	719.75	709.75	669.75	607.50	543.75	517.00	524.75	539.25	527.00	447.00	329.25	215.25	154.00	126.50	109.75	101.50	98.00	98.00	100.75	144.00	236.75	455.00	666.50	829.50	908.00	904.50	862.25	803.25	0.00	0.00	0.00	0.00	0.00	0.00	0.00	0.00	0.00	0.00	0.00	0.00	0.00	0.00	0.00	0.00	0.00	0.00	0.00	0.00	0.00	0.00	0.00	0.00	0.00	0.00	0.00	0.00	0.00	0.00	0.00	0.00	0.00	8.25	32.75	32.75	33.50	32.00	30.25	29.50	30.25	33.00	34.00	31.75	28.00	22.50	10.50	1.25	0.00	0.00	0.00
738.81	733.38	729.88	733.12	742.12	756.50	768.69	780.19	786.94	790.00	792.75	794.69	795.88	796.31	794.25	789.44	784.00	778.38	775.50	776.50	782.94	789.56	794.50	799.81	803.38	804.81	804.69	804.94	806.94	807.25	809.38	811.00	812.50	814.25	816.62	819.00	821.50	822.50	821.56	820.94	820.62	823.00	829.38	835.25	843.31	847.50	846.44	838.75	826.12	806.88	783.12	761.62	745.12	742.00	749.44	759.56	781.00	804.00	817.94	829.06	839.19	847.00	851.50	851.38	848.88	842.38	833.56	822.62	810.12	797.62	782.94	774.69	768.81	757.88	743.06	728.56	722.81	724.06	734.31	746.38	753.06	746.06	739.00	740.81	753.38	772.38	789.62	802.38	812.00	818.94	825.88	829.62	824.62	814.06	791.12	765.00	731.44	709.56	689.50	662.94	637.12	624.56	619.69	618.12	614.75	603.69	588.19	565.19	544.44	530.00	517.12	491.00	448.38	401.00	347.94	289.88	251.75	229.56	215.75	203.19	187.62	171.00	153.19	142.31	134.50	128.12	122.44	120.62	131.88	158.12	230.44	337.75	451.94	554.94	610.62	633.25	658.31	695.31	733.69	748.88	751.25	751.25	759.81	778.12	790.75	801.75	819.44	834.00	845.94	862.25	873.88	890.44	919.50	943.94	947.38	943.75	921.38	879.31	843.75	831.00	840.62	855.75	872.50	894.12	924.31	954.31	959.38	930.38	890.56	848.44	810.56	788.62	773.44	755.88	732.31	716.62	712.25	710.25	702.94	667.69	609.69	549.50	525.25	537.69	558.62	554.81	472.38	343.75	218.94	152.19	123.88	108.88	101.75	99.56	100.12	103.62	150.62	250.31	476.31	687.00	842.75	913.50	906.75	860.81	602.44	0.00	0.00	0.00	0.00	0.00	0.00	0.00	0.00	0.00	0.00	0.00	0.00	0.00	0.00	0.00	0.00	0.00	0.00	0.00	0.00	0.00	0.00	0.00	0.00	0.00	0.00	0.00	0.00	0.00	0.00	0.00	0.00	3.44	23.00	45.38	49.31	51.88	50.81	49.06	48.38	49.06	53.25	55.25	53.00	45.00	22.50	10.50	1.25	0.00	0.00	0.00
733.00	725.50	719.00	718.50	726.75	740.75	754.25	766.50	771.75	773.50	775.50	778.00	780.50	782.25	780.00	773.50	765.25	755.50	750.00	752.50	764.00	774.75	787.00	794.75	796.25	794.50	791.75	790.50	794.75	796.00	800.75	805.00	807.25	810.50	813.25	816.00	819.25	821.00	821.00	820.75	819.50	820.00	823.75	827.00	833.00	835.50	826.00	815.50	801.00	781.00	757.25	735.00	715.50	707.50	711.00	726.00	757.00	784.50	799.75	812.75	825.50	835.00	840.25	843.50	842.50	842.00	838.25	832.00	824.75	818.25	811.25	803.75	792.25	777.00	765.00	762.50	768.75	776.75	786.25	792.50	793.75	786.75	781.00	780.00	787.50	798.25	803.50	810.25	813.50	814.25	811.25	799.25	781.50	758.75	727.75	699.75	671.25	662.50	664.75	662.00	656.25	660.00	675.75	689.00	695.00	681.50	654.00	612.25	574.25	541.25	510.00	464.00	398.50	339.50	284.75	234.00	207.50	199.00	197.00	197.00	191.00	177.00	162.00	153.00	145.75	138.25	130.50	128.50	142.75	173.50	255.75	368.50	472.75	551.75	579.50	571.00	561.75	583.00	619.50	645.00	665.75	689.00	721.00	769.50	785.50	798.00	817.75	831.00	839.75	860.00	879.50	907.50	960.00	1006.00	1040.75	1036.75	996.75	925.25	870.00	860.25	889.00	927.75	965.50	993.50	1018.25	1030.25	1016.00	973.50	929.75	884.25	837.75	802.50	771.75	744.25	715.25	693.00	682.25	681.75	682.50	661.50	616.25	566.75	550.00	576.50	616.75	638.25	548.50	387.25	230.00	146.75	116.00	106.25	102.50	104.25	106.50	112.25	170.50	291.00	540.25	748.50	882.50	930.00	913.50	856.50	0.00	0.00	0.00	0.00	0.00	0.00	0.00	0.00	0.00	0.00	0.00	0.00	0.00	0.00	0.00	0.00	0.00	0.00	0.00	0.00	0.00	0.00	0.00	0.00	0.00	0.00	0.00	0.00	0.00	0.00	0.00	0.00	0.00	13.75	67.25	83.25	99.00	107.00	107.25	105.50	105.00	105.50	114.00	119.00	116.75	96.00				0.00	0.00	0.00
733.00	725.50	719.00	718.50	726.75	740.75	754.25	766.50	771.75	773.50	775.50	778.00	780.50	782.25	780.00	773.50	765.25	755.50	750.00	752.50	764.00	774.75	787.00	794.75	796.25	794.50	791.75	790.50	794.75	796.00	800.75	805.00	807.25	810.50	813.25	816.00	819.25	821.00	821.00	820.75	819.50	820.00	823.75	827.00	833.00	835.50	826.00	815.50	801.00	781.00	757.25	735.00	715.50	707.50	711.00	726.00	757.00	784.50	799.75	812.75	825.50	835.00	840.25	843.50	842.50	842.00	838.25	832.00	824.75	818.25	811.25	803.75	792.25	777.00	765.00	762.50	768.75	776.75	786.25	792.50	793.75	786.75	781.00	780.00	787.50	798.25	803.50	810.25	813.50	814.25	811.25	799.25	781.50	758.75	727.75	699.75	671.25	662.50	664.75	662.00	656.25	660.00	675.75	689.00	695.00	681.50	654.00	612.25	574.25	541.25	510.00	464.00	398.50	339.50	284.75	234.00	207.50	199.00	197.00	197.00	191.00	177.00	162.00	153.00	145.75	138.25	130.50	128.50	142.75	173.50	255.75	368.50	472.75	551.75	579.50	571.00	561.75	583.00	619.50	645.00	665.75	689.00	721.00	769.50	785.50	798.00	817.75	831.00	839.75	860.00	879.50	907.50	960.00	1006.00	1040.75	1036.75	996.75	925.25	870.00	860.25	889.00	927.75	965.50	993.50	1018.25	1030.25	1016.00	973.50	929.75	884.25	837.75	802.50	771.75	744.25	715.25	693.00	682.25	681.75	682.50	661.50	616.25	566.75	550.00	576.50	616.75	638.25	548.50	387.25	230.00	146.75	116.00	106.25	102.50	104.25	106.50	112.25	170.50	291.00	540.25	748.50	882.50	930.00	913.50	856.50	0.00	0.00	0.00	0.00	0.00	0.00	0.00	0.00	0.00	0.00	0.00	0.00	0.00	0.00	0.00	0.00	0.00	0.00	0.00	0.00	0.00	0.00	0.00	0.00	0.00	0.00	0.00	0.00	0.00	0.00	0.00	0.00	0.00	13.75	67.25	83.25	99.00	107.00	107.25	105.50	105.00	105.50	114.00	119.00	116.75	96.00					0.00	0.00
723.06	712.38	703.25	699.19	705.19	716.19	729.31	739.69	743.44	745.00	748.88	754.00	760.44	767.25	768.56	762.62	751.38	734.12	720.75	722.12	739.62	757.88	776.31	785.75	781.25	774.44	769.81	769.31	779.75	784.38	794.75	802.00	805.56	809.75	812.69	814.31	816.25	817.62	818.94	821.31	820.44	819.25	821.50	824.19	828.12	826.88	828.06	825.06	811.12	787.00	759.31	733.50	708.00	692.12	691.31	705.75	737.50	768.00	786.44	801.69	814.62	824.12	830.88	835.62	838.00	839.75	839.75	838.00	835.06	831.94	828.31	825.31	818.31	809.62	804.75	807.31	812.81	815.94	817.94	818.94	822.06	823.31	821.50	819.94	823.12	826.94	820.75	814.56	801.12	780.69	758.75	727.81	705.75	689.56	677.31	670.69	674.06	688.94	709.19	723.31	726.38	728.06	739.50	747.50	740.38	710.19	658.31	585.81	521.75	458.75	403.12	350.38	292.38	251.38	221.19	196.88	190.44	202.19	219.50	239.94	252.12	247.50	228.94	209.81	187.19	165.06	145.31	137.31	145.56	170.50	233.81	317.88	401.50	476.19	518.19	535.94	544.88	567.06	599.25	628.88	659.94	696.69	728.50	766.88	785.50	795.75	810.06	824.62	827.19	823.44	832.25	873.19	940.88	997.94	1041.88	1040.88	999.38	925.62	871.50	865.69	901.19	947.81	993.44	1024.25	1048.06	1060.06	1046.00	1001.25	954.88	894.56	822.94	759.56	698.25	658.00	623.38	591.38	574.44	567.56	572.25	563.44	534.69	497.94	477.06	487.06	509.12	502.31	432.62	310.00	193.44	135.88	114.88	105.88	101.56	103.31	108.00	114.69	158.31	255.00	460.19	642.38	783.50	873.19	897.38	860.25	419.81	0.00	0.00	0.00	0.00	0.00	0.00	0.00	0.00	0.00	0.00	0.00	0.00	0.00	0.00	0.00	0.00	0.00	0.00	0.00	0.00	0.00	0.00	0.00	0.00	0.00	0.00	0.00	0.00	0.00	0.00	0.00	0.00	196.56	242.94	261.56	270.00	266.38	256.88	246.50	240.56	238.06	237.94	236.94	227.94	144.00	5.75	0.00	0.00	0.00	0.00	0.00
719.75	708.00	698.00	692.75	698.00	708.00	721.00	730.75	734.00	735.50	740.00	746.00	753.75	762.25	764.75	759.00	746.75	727.00	711.00	712.00	731.50	752.25	772.75	782.75	776.25	767.75	762.50	762.25	774.75	780.50	792.75	801.00	805.00	809.50	812.50	813.75	815.25	816.50	818.25	821.50	820.75	819.00	820.75	823.25	826.50	824.00	828.75	828.25	814.50	789.00	760.00	733.00	705.50	687.00	684.75	699.00	731.00	762.50	782.00	798.00	811.00	820.50	827.75	833.00	836.50	839.00	840.25	840.00	838.50	836.50	834.00	832.50	827.00	820.50	818.00	822.25	827.50	829.00	828.50	827.75	831.50	835.50	835.00	833.25	835.00	836.50	826.50	816.00	797.00	769.50	741.25	704.00	680.50	666.50	660.50	661.00	675.00	697.75	724.00	743.75	749.75	750.75	760.75	767.00	755.50	719.75	659.75	577.00	504.25	431.25	367.50	312.50	257.00	222.00	200.00	184.50	184.75	203.25	227.00	254.25	272.50	271.00	251.25	228.75	201.00	174.00	150.25	140.25	146.50	169.50	226.50	301.00	377.75	451.00	497.75	524.25	539.25	561.75	592.50	623.50	658.00	699.25	731.00	766.00	785.50	795.00	807.50	822.50	823.00	811.25	816.50	861.75	934.50	995.25	1042.25	1042.25	1000.25	925.75	872.00	867.50	905.25	954.50	1002.75	1034.50	1058.00	1070.00	1056.00	1010.50	963.25	898.00	818.00	745.25	673.75	629.25	592.75	557.50	538.50	529.50	535.50	530.75	507.50	475.00	452.75	457.25	473.25	457.00	394.00	284.25	181.25	132.25	114.50	105.75	101.25	103.00	108.50	115.50	154.25	243.00	433.50	607.00	750.50	854.25	892.00	861.50	559.75	0.00	0.00	0.00	0.00	0.00	0.00	0.00	0.00	0.00	0.00	0.00	0.00	0.00	0.00	0.00	0.00	0.00	0.00	0.00	0.00	0.00	0.00	0.00	0.00	0.00	0.00	0.00	0.00	0.00	0.00	0.00	0.00	257.50	301.50	321.00	327.00	319.50	306.75	293.50	285.75	282.25	279.25	276.25	265.00	160.00	5.75	0.00	0.00	0.00	0.00	0.00
714.88	703.38	693.31	687.75	692.19	701.19	713.19	722.06	725.06	726.62	731.38	738.00	746.50	755.56	759.50	754.50	741.62	720.06	701.75	700.88	720.56	743.44	766.62	777.31	769.44	757.38	749.06	749.88	767.06	778.38	794.38	805.12	809.44	809.12	806.69	807.38	809.12	811.25	814.69	820.00	820.06	818.75	820.06	822.00	826.69	831.12	837.06	835.50	821.50	794.62	762.75	732.62	702.06	683.06	682.75	699.12	731.25	763.75	783.06	798.38	811.25	820.44	827.81	833.31	837.50	840.50	842.00	842.25	841.38	840.06	838.38	836.00	831.56	825.88	823.00	824.94	827.62	827.31	825.94	825.00	828.75	832.50	831.75	828.38	826.25	822.00	805.69	789.12	764.12	730.62	698.44	660.00	638.75	628.44	627.19	631.81	650.75	674.94	700.81	718.56	722.00	721.06	726.06	727.88	713.06	675.00	614.88	535.31	466.69	397.69	337.94	289.50	243.12	216.69	202.56	197.44	206.69	232.44	261.69	293.38	314.00	310.81	286.06	257.62	222.50	189.19	159.56	145.38	147.50	167.31	217.38	284.88	358.06	433.56	486.75	522.50	549.25	575.06	606.12	635.12	667.75	708.94	740.75	771.62	782.06	788.94	797.88	809.00	807.00	795.50	802.19	848.06	917.00	971.19	1011.12	1009.06	970.56	902.81	853.12	847.88	883.00	930.12	978.00	1011.19	1037.19	1053.19	1045.38	1007.12	959.94	890.44	802.31	724.69	656.25	617.94	588.00	558.88	543.94	536.88	540.06	531.69	507.12	474.44	451.56	450.19	458.50	436.44	373.00	270.94	176.62	132.12	115.25	105.31	100.06	101.00	106.38	112.56	146.44	223.56	390.81	548.31	685.56	791.38	835.19	815.19	537.12	0.00	0.00	0.00	0.00	0.00	0.00	0.00	0.00	0.00	0.00	0.00	0.00	0.00	0.00	0.00	0.00	0.00	0.00	0.00	0.00	0.00	0.00	0.00	0.00	0.00	0.00	0.00	0.00	0.00	0.00	73.56	108.12	310.31	347.56	359.69	356.06	340.62	323.44	307.88	299.19	295.50	292.62	289.50	277.94	168.00	5.88	0.00	0.00	0.00	0.00	0.00
700.25	689.50	679.25	672.75	674.75	680.75	689.75	696.00	698.25	700.00	705.50	714.00	724.75	735.50	743.75	741.00	726.25	699.25	674.00	667.50	687.75	717.00	748.25	761.00	749.00	726.25	708.75	712.75	744.00	772.00	799.25	817.50	822.75	808.00	789.25	788.25	790.75	795.50	804.00	815.50	818.00	818.00	818.00	818.25	827.25	852.50	862.00	857.25	842.50	811.50	771.00	731.50	691.75	671.25	676.75	699.50	732.00	767.50	786.25	799.50	812.00	820.25	828.00	834.25	840.50	845.00	847.25	849.00	850.00	850.75	851.50	846.50	845.25	842.00	838.00	833.00	828.00	822.25	818.25	816.75	820.50	823.50	822.00	813.75	800.00	778.50	743.25	708.50	665.50	614.00	570.00	528.00	513.50	514.25	527.25	544.25	578.00	606.50	631.25	643.00	638.75	632.00	622.00	610.50	585.75	540.75	480.25	410.25	354.00	297.00	249.25	220.50	201.50	200.75	210.25	236.25	272.50	320.00	365.75	410.75	438.50	430.25	390.50	344.25	287.00	234.75	187.50	160.75	150.50	160.75	190.00	236.50	299.00	381.25	453.75	517.25	579.25	615.00	647.00	670.00	697.00	738.00	770.00	788.50	771.75	770.75	769.00	768.50	759.00	748.25	759.25	807.00	864.50	899.00	917.75	909.50	881.50	834.00	796.50	789.00	816.25	857.00	903.75	941.25	974.75	1002.75	1013.50	997.00	950.00	867.75	755.25	663.00	603.75	584.00	573.75	563.00	560.25	559.00	553.75	534.50	506.00	472.75	448.00	429.00	414.25	374.75	310.00	231.00	162.75	131.75	117.50	104.00	96.50	95.00	100.00	103.75	123.00	165.25	262.75	372.25	490.75	602.75	664.75	676.25	469.25	0.00	0.00	0.00	0.00	0.00	0.00	0.00	0.00	0.00	0.00	0.00	0.00	0.00	0.00	0.00	0.00	0.00	0.00	0.00	0.00	0.00	0.00	0.00	0.00	0.00	0.00	0.00	0.00	0.00	0.00	294.25	432.50	468.75	485.75	475.75	443.25	404.00	373.50	351.00	339.50	335.25	332.75	329.25	316.75	192.00	6.25	0.00	0.00	0.00	0.00	0.00
700.25	689.50	679.25	672.75	674.75	680.75	689.75	696.00	698.25	700.00	705.50	714.00	724.75	735.50	743.75	741.00	726.25	699.25	674.00	667.50	687.75	717.00	748.25	761.00	749.00	726.25	708.75	712.75	744.00	772.00	799.25	817.50	822.75	808.00	789.25	788.25	790.75	795.50	804.00	815.50	818.00	818.00	818.00	818.25	827.25	852.50	862.00	857.25	842.50	811.50	771.00	731.50	691.75	671.25	676.75	699.50	732.00	767.50	786.25	799.50	812.00	820.25	828.00	834.25	840.50	845.00	847.25	849.00	850.00	850.75	851.50	846.50	845.25	842.00	838.00	833.00	828.00	822.25	818.25	816.75	820.50	823.50	822.00	813.75	800.00	778.50	743.25	708.50	665.50	614.00	570.00	528.00	513.50	514.25	527.25	544.25	578.00	606.50	631.25	643.00	638.75	632.00	622.00	610.50	585.75	540.75	480.25	410.25	354.00	297.00	249.25	220.50	201.50	200.75	210.25	236.25	272.50	320.00	365.75	410.75	438.50	430.25	390.50	344.25	287.00	234.75	187.50	160.75	150.50	160.75	190.00	236.50	299.00	381.25	453.75	517.25	579.25	615.00	647.00	670.00	697.00	738.00	770.00	788.50	771.75	770.75	769.00	768.50	759.00	748.25	759.25	807.00	864.50	899.00	917.75	909.50	881.50	834.00	796.50	789.00	816.25	857.00	903.75	941.25	974.75	1002.75	1013.50	997.00	950.00	867.75	755.25	663.00	603.75	584.00	573.75	563.00	560.25	559.00	553.75	534.50	506.00	472.75	448.00	429.00	414.25	374.75	310.00	231.00	162.75	131.75	117.50	104.00	96.50	95.00	100.00	103.75	123.00	165.25	262.75	372.25	490.75	602.75	664.75	676.25	469.25	0.00	0.00	0.00	0.00	0.00	0.00	0.00	0.00	0.00	0.00	0.00	0.00	0.00	0.00	0.00	0.00	0.00	0.00	0.00	0.00	0.00	0.00	0.00	0.00	0.00	0.00	0.00	0.00	0.00	0.00	294.25	432.50	468.75	485.75	475.75	443.25	404.00	373.50	351.00	339.50	335.25	332.75	329.25	316.75	192.00	6.25	0.00	0.00	0.00	0.00	0.00
689.75	680.88	671.38	666.19	666.31	670.81	675.88	679.31	680.62	681.62	686.38	693.00	701.69	711.12	717.88	715.69	701.88	673.38	644.75	633.00	646.69	672.56	705.88	719.19	703.25	675.25	655.12	663.62	709.31	745.75	773.00	787.50	788.44	772.00	753.25	745.50	732.06	738.12	750.19	764.50	769.62	771.88	785.75	803.06	809.06	828.88	838.19	838.12	829.75	804.94	763.69	716.12	667.19	646.50	664.38	697.81	738.00	779.50	799.00	809.44	814.62	813.88	821.25	829.38	837.50	844.25	848.38	852.56	856.56	857.12	857.50	852.31	848.81	840.88	831.25	819.69	810.00	801.06	791.06	779.06	763.31	737.81	719.44	694.69	668.38	636.56	596.44	560.75	521.88	481.62	452.25	428.44	423.88	427.81	437.06	447.31	465.12	479.94	491.19	491.50	480.69	469.25	452.50	436.50	417.56	387.56	350.69	312.19	283.69	255.38	233.12	226.12	240.88	266.56	298.75	346.88	398.69	456.31	504.69	541.81	556.25	537.31	492.12	438.00	367.25	300.75	237.19	195.44	167.56	163.75	175.38	205.00	251.56	320.31	387.75	454.44	530.88	578.44	622.81	651.62	679.75	718.31	746.38	759.25	740.06	731.94	723.44	717.88	711.75	713.56	731.69	774.75	815.38	834.50	837.31	825.31	803.50	769.50	741.38	731.25	743.88	768.31	803.62	837.56	872.38	907.69	931.38	932.12	891.12	809.25	699.19	624.19	606.00	622.25	640.88	652.62	664.12	670.94	662.69	635.00	596.00	553.75	523.56	492.94	466.94	418.62	352.75	282.00	210.56	161.56	128.75	104.75	94.81	89.75	90.62	92.31	104.06	127.38	180.81	247.19	327.25	409.44	463.38	488.19	362.38	0.00	0.00	0.00	0.00	0.00	0.00	0.00	0.00	0.00	0.00	0.00	0.00	0.00	0.00	0.00	0.00	0.00	0.00	0.00	0.00	0.00	0.00	0.00	0.00	0.00	0.00	0.00	0.00	0.00	357.94	464.50	515.75	531.19	526.25	502.75	455.44	403.25	366.56	344.44	336.50	338.81	336.69	259.31	168.25	97.12	1.56	0.00	0.00	0.00	0.00	0.00
686.25	678.00	668.75	664.00	663.50	667.50	671.25	673.75	674.75	675.50	680.00	686.00	694.00	703.00	709.25	707.25	693.75	664.75	635.00	621.50	633.00	657.75	691.75	705.25	688.00	658.25	637.25	647.25	697.75	737.00	764.25	777.50	777.00	760.00	741.25	731.25	712.50	719.00	732.25	747.50	753.50	756.50	775.00	798.00	803.00	821.00	830.25	831.75	825.50	802.75	761.25	711.00	659.00	638.25	660.25	697.25	740.00	783.50	803.25	812.75	815.50	811.75	819.00	827.75	836.50	844.00	848.75	853.75	858.75	859.25	859.50	854.25	850.00	840.50	829.00	815.25	804.00	794.00	782.00	766.50	744.25	709.25	685.25	655.00	624.50	589.25	547.50	511.50	474.00	437.50	413.00	395.25	394.00	399.00	407.00	415.00	427.50	437.75	444.50	441.00	428.00	415.00	396.00	378.50	361.50	336.50	307.50	279.50	260.25	241.50	227.75	228.00	254.00	288.50	328.25	383.75	440.75	501.75	551.00	585.50	595.50	573.00	526.00	469.25	394.00	322.75	253.75	207.00	173.25	164.75	170.50	194.50	235.75	300.00	365.75	433.50	514.75	566.25	614.75	645.50	674.00	711.75	738.50	749.50	729.50	719.00	708.25	701.00	696.00	702.00	722.50	764.00	799.00	813.00	810.50	797.25	777.50	748.00	723.00	712.00	719.75	738.75	770.25	803.00	838.25	876.00	904.00	910.50	871.50	789.75	680.50	611.25	606.75	635.00	663.25	682.50	698.75	708.25	699.00	668.50	626.00	580.75	548.75	514.25	484.50	433.25	367.00	299.00	226.50	171.50	132.50	105.00	94.25	88.00	87.50	88.50	97.75	114.75	153.50	205.50	272.75	345.00	396.25	425.50	326.75	0.00	0.00	0.00	0.00	0.00	0.00	0.00	0.00	0.00	0.00	0.00	0.00	0.00	0.00	0.00	0.00	0.00	0.00	0.00	0.00	0.00	0.00	0.00	0.00	0.00	0.00	0.00	0.00	0.00	477.25	521.25	543.50	552.00	539.75	511.75	459.50	403.00	364.25	342.25	335.50	340.00	338.00	236.00	118.75	65.50	0.00	0.00	0.00	0.00	0.00	0.00
685.88	678.12	669.12	664.69	663.69	666.81	669.69	671.50	672.06	672.50	675.88	680.75	687.62	695.50	700.50	698.25	685.38	657.75	628.50	614.31	623.00	644.81	676.00	687.62	670.19	641.38	619.44	626.69	674.62	710.38	733.44	742.50	739.56	722.38	704.12	693.50	674.94	681.88	694.94	710.56	717.44	721.00	739.75	762.81	767.38	783.38	794.00	800.50	799.62	783.31	745.94	696.44	644.06	624.25	650.38	691.69	738.12	782.88	801.12	808.12	808.38	802.94	810.62	820.31	830.38	841.88	848.62	854.44	859.25	858.50	856.50	849.44	841.69	828.25	813.00	796.06	782.94	770.69	754.88	734.06	705.25	663.31	637.19	607.25	578.25	545.50	508.44	477.94	447.50	420.25	404.25	394.62	395.75	400.38	405.38	409.25	415.31	420.94	423.44	416.75	402.19	388.56	369.69	353.50	340.75	322.19	301.25	281.69	268.25	254.69	245.69	250.62	284.38	321.75	364.38	422.75	480.94	541.25	589.25	621.06	626.38	600.06	550.81	493.56	418.50	346.56	274.38	223.00	183.19	170.00	170.25	189.12	224.56	282.38	343.25	407.69	487.88	541.50	595.12	629.12	659.19	695.50	719.25	728.88	712.44	703.06	694.06	689.38	687.44	697.19	718.69	757.81	789.06	800.50	796.19	782.81	764.19	737.50	714.50	702.44	704.94	717.44	742.44	770.56	802.94	839.06	866.12	872.88	836.56	759.31	658.56	600.56	608.56	645.00	678.81	702.88	723.56	738.38	733.06	703.94	661.44	615.44	581.12	540.94	506.75	455.88	395.12	332.56	258.31	194.19	144.69	109.62	96.31	88.69	86.38	86.12	93.38	107.50	139.31	182.56	239.06	300.75	346.75	375.12	245.06	0.00	0.00	0.00	0.00	0.00	0.00	0.00	0.00	0.00	0.00	0.00	0.00	0.00	0.00	0.00	0.00	0.00	0.00	0.00	0.00	0.00	0.00	0.00	0.00	0.00	0.00	0.00	35.06	144.12	506.25	539.31	554.12	557.75	542.19	513.06	460.19	402.50	362.50	339.44	332.56	338.12	335.94	216.75	89.06	49.12	0.00	0.00	0.00	0.00	0.00	0.00
684.75	678.50	670.25	666.75	664.25	664.75	665.00	664.75	664.00	663.50	663.50	665.00	668.50	673.00	674.25	671.25	660.25	636.75	609.00	592.75	593.00	606.00	628.75	634.75	616.75	590.75	566.00	565.00	605.25	630.50	641.00	637.50	627.25	609.50	592.75	580.25	562.25	570.50	583.00	599.75	609.25	614.50	634.00	657.25	660.50	670.50	685.25	706.75	722.00	725.00	700.00	652.75	599.25	582.25	620.75	675.00	732.50	781.00	794.75	794.25	787.00	776.50	785.50	798.00	812.00	835.50	848.25	856.50	860.75	856.25	847.50	835.00	816.75	791.50	765.00	738.50	719.75	700.75	673.50	636.75	588.25	525.50	493.00	464.00	439.50	414.25	391.25	377.25	368.00	368.50	378.00	392.75	401.00	404.50	400.50	392.00	378.75	370.50	360.25	344.00	324.75	309.25	290.75	278.50	278.50	279.25	282.50	288.25	292.25	294.25	299.50	318.50	375.50	421.50	472.75	539.75	601.50	659.75	704.00	727.75	719.00	681.25	625.25	566.50	492.00	418.00	336.25	271.00	213.00	185.75	169.50	173.00	191.00	229.50	275.75	330.25	407.25	467.25	536.25	580.00	614.75	646.75	661.50	667.00	661.25	655.25	651.50	654.50	661.75	682.75	707.25	739.25	759.25	763.00	753.25	739.50	724.25	706.00	689.00	673.75	660.50	653.50	659.00	673.25	697.00	728.25	752.50	760.00	731.75	668.00	592.75	568.50	614.00	675.00	725.50	764.00	798.00	828.75	835.25	810.25	767.75	719.50	678.25	621.00	573.50	523.75	479.50	433.25	353.75	262.25	181.25	123.50	102.50	90.75	83.00	79.00	80.25	85.75	96.75	113.75	138.00	168.00	198.25	224.00	0.00	0.00	0.00	0.00	0.00	0.00	0.00	0.00	0.00	0.00	0.00	0.00	0.00	0.00	0.00	0.00	0.00	0.00	0.00	0.00	0.00	0.00	0.00	0.00	0.00	0.00	0.00	0.00	140.25	576.50	593.25	593.50	586.00	575.00	549.50	517.00	462.25	401.00	357.25	331.00	323.75	332.50	329.75	159.00	0.00	0.00	0.00	0.00	0.00	0.00	0.00	0.00
684.75	678.50	670.25	666.75	664.25	664.75	665.00	664.75	664.00	663.50	663.50	665.00	668.50	673.00	674.25	671.25	660.25	636.75	609.00	592.75	593.00	606.00	628.75	634.75	616.75	590.75	566.00	565.00	605.25	630.50	641.00	637.50	627.25	609.50	592.75	580.25	562.25	570.50	583.00	599.75	609.25	614.50	634.00	657.25	660.50	670.50	685.25	706.75	722.00	725.00	700.00	652.75	599.25	582.25	620.75	675.00	732.50	781.00	794.75	794.25	787.00	776.50	785.50	798.00	812.00	835.50	848.25	856.50	860.75	856.25	847.50	835.00	816.75	791.50	765.00	738.50	719.75	700.75	673.50	636.75	588.25	525.50	493.00	464.00	439.50	414.25	391.25	377.25	368.00	368.50	378.00	392.75	401.00	404.50	400.50	392.00	378.75	370.50	360.25	344.00	324.75	309.25	290.75	278.50	278.50	279.25	282.50	288.25	292.25	294.25	299.50	318.50	375.50	421.50	472.75	539.75	601.50	659.75	704.00	727.75	719.00	681.25	625.25	566.50	492.00	418.00	336.25	271.00	213.00	185.75	169.50	173.00	191.00	229.50	275.75	330.25	407.25	467.25	536.25	580.00	614.75	646.75	661.50	667.00	661.25	655.25	651.50	654.50	661.75	682.75	707.25	739.25	759.25	763.00	753.25	739.50	724.25	706.00	689.00	673.75	660.50	653.50	659.00	673.25	697.00	728.25	752.50	760.00	731.75	668.00	592.75	568.50	614.00	675.00	725.50	764.00	798.00	828.75	835.25	810.25	767.75	719.50	678.25	621.00	573.50	523.75	479.50	433.25	353.75	262.25	181.25	123.50	102.50	90.75	83.00	79.00	80.25	85.75	96.75	113.75	138.00	168.00	198.25	224.00	0.00	0.00	0.00	0.00	0.00	0.00	0.00	0.00	0.00	0.00	0.00	0.00	0.00	0.00	0.00	0.00	0.00	0.00	0.00	0.00	0.00	0.00	0.00	0.00	0.00	0.00	0.00	0.00	140.25	576.50	593.25	593.50	586.00	575.00	549.50	517.00	462.25	401.00	357.25	331.00	323.75	332.50	329.75	159.00	0.00	0.00	0.00	0.00	0.00	0.00	0.00	0.00
693.00	687.50	680.25	675.75	671.25	667.75	665.25	663.00	661.75	659.50	655.50	654.00	652.00	650.50	648.00	643.50	635.00	618.75	599.50	584.50	576.50	578.25	581.25	576.00	560.75	542.25	513.75	494.25	498.00	488.50	475.00	453.50	433.75	408.50	386.25	375.25	376.50	382.00	385.50	397.75	407.00	413.50	416.25	418.50	427.50	442.50	464.00	503.00	537.50	567.25	569.75	543.25	507.00	499.00	546.25	611.00	678.00	726.50	731.00	721.00	710.50	705.75	720.00	740.00	763.50	803.50	826.00	834.00	831.50	814.75	784.00	753.75	716.75	674.00	633.00	593.00	565.25	536.50	498.25	451.75	402.75	355.75	343.25	349.00	352.50	352.50	360.25	371.00	391.50	422.00	456.00	492.25	505.00	507.25	498.50	486.00	472.75	466.00	456.25	440.25	423.00	411.50	402.25	401.00	416.25	432.25	450.50	464.00	460.25	445.00	436.25	451.50	507.50	544.25	587.00	647.50	699.75	748.00	789.00	811.75	794.00	742.00	677.75	627.50	574.75	513.25	425.50	338.75	257.00	215.75	181.75	168.00	170.25	191.00	223.50	265.75	331.75	394.25	479.25	536.50	577.00	603.00	608.50	609.50	616.75	626.00	639.25	654.00	668.00	688.00	707.25	730.25	741.50	740.25	731.00	720.75	709.00	697.00	685.00	666.25	639.75	615.25	594.50	589.75	594.25	605.00	610.00	601.50	581.50	545.00	511.50	520.25	577.00	635.25	684.50	732.00	784.50	843.00	878.25	876.25	852.50	813.25	765.50	686.50	622.00	578.50	569.00	553.00	479.50	364.50	247.25	155.50	122.50	104.75	91.50	78.25	69.50	67.50	68.50	72.00	78.75	88.25	103.50	27.75	0.00	0.00	0.00	0.00	0.00	0.00	0.00	0.00	0.00	0.00	0.00	0.00	0.00	0.00	0.00	0.00	0.00	0.00	0.00	0.00	0.00	0.00	0.00	0.00	0.00	0.00	0.00	0.00	657.25	655.00	645.25	624.50	608.50	591.25	562.75	532.00	481.50	422.00	371.75	335.00	311.25	262.75	236.00	109.75	0.00	0.00	0.00	0.00	0.00	0.00	0.00	0.00
693.00	687.50	680.25	675.75	671.25	667.75	665.25	663.00	661.75	659.50	655.50	654.00	652.00	650.50	648.00	643.50	635.00	618.75	599.50	584.50	576.50	578.25	581.25	576.00	560.75	542.25	513.75	494.25	498.00	488.50	475.00	453.50	433.75	408.50	386.25	375.25	376.50	382.00	385.50	397.75	407.00	413.50	416.25	418.50	427.50	442.50	464.00	503.00	537.50	567.25	569.75	543.25	507.00	499.00	546.25	611.00	678.00	726.50	731.00	721.00	710.50	705.75	720.00	740.00	763.50	803.50	826.00	834.00	831.50	814.75	784.00	753.75	716.75	674.00	633.00	593.00	565.25	536.50	498.25	451.75	402.75	355.75	343.25	349.00	352.50	352.50	360.25	371.00	391.50	422.00	456.00	492.25	505.00	507.25	498.50	486.00	472.75	466.00	456.25	440.25	423.00	411.50	402.25	401.00	416.25	432.25	450.50	464.00	460.25	445.00	436.25	451.50	507.50	544.25	587.00	647.50	699.75	748.00	789.00	811.75	794.00	742.00	677.75	627.50	574.75	513.25	425.50	338.75	257.00	215.75	181.75	168.00	170.25	191.00	223.50	265.75	331.75	394.25	479.25	536.50	577.00	603.00	608.50	609.50	616.75	626.00	639.25	654.00	668.00	688.00	707.25	730.25	741.50	740.25	731.00	720.75	709.00	697.00	685.00	666.25	639.75	615.25	594.50	589.75	594.25	605.00	610.00	601.50	581.50	545.00	511.50	520.25	577.00	635.25	684.50	732.00	784.50	843.00	878.25	876.25	852.50	813.25	765.50	686.50	622.00	578.50	569.00	553.00	479.50	364.50	247.25	155.50	122.50	104.75	91.50	78.25	69.50	67.50	68.50	72.00	78.75	88.25	103.50	27.75	0.00	0.00	0.00	0.00	0.00	0.00	0.00	0.00	0.00	0.00	0.00	0.00	0.00	0.00	0.00	0.00	0.00	0.00	0.00	0.00	0.00	0.00	0.00	0.00	0.00	0.00	0.00	0.00	657.25	655.00	645.25	624.50	608.50	591.25	562.75	532.00	481.50	422.00	371.75	335.00	311.25	262.75	236.00	109.75	0.00	0.00	0.00	0.00	0.00	0.00	0.00	0.00
695.50	689.62	682.31	677.50	672.62	668.44	665.62	662.94	661.12	658.62	654.38	652.19	649.50	646.81	643.88	638.88	630.69	615.75	598.00	583.88	575.19	575.00	575.62	569.12	553.88	535.31	508.31	490.25	487.12	469.50	452.50	428.50	407.38	380.38	356.06	343.12	341.00	344.12	343.75	351.94	359.31	365.50	369.19	372.44	382.25	396.88	417.06	453.25	485.88	515.88	522.88	503.94	475.62	471.12	517.31	580.19	645.25	693.00	698.94	690.50	681.69	679.31	695.31	717.12	742.75	780.50	801.50	808.88	804.00	783.00	745.81	711.62	672.19	629.12	588.00	547.62	519.62	491.06	455.38	414.81	374.56	340.19	335.94	351.00	360.88	364.94	376.69	389.19	411.25	442.50	476.06	512.19	525.25	527.62	521.25	513.56	507.62	507.12	503.31	493.50	481.50	473.12	467.56	469.25	486.81	504.44	522.38	532.31	521.38	494.38	475.12	483.50	530.25	565.94	606.81	661.44	709.31	756.38	797.00	818.81	799.50	745.44	683.38	639.31	595.56	538.50	448.25	354.44	265.50	221.50	185.75	169.88	170.94	190.38	221.50	263.12	329.44	393.88	481.69	541.62	583.81	610.31	616.00	617.88	626.94	638.19	652.50	664.75	676.06	692.50	708.81	728.62	737.19	735.06	725.69	715.81	704.50	692.81	681.25	663.00	636.56	611.94	590.69	584.81	586.75	593.00	594.00	582.62	563.19	532.00	503.88	510.50	559.25	609.94	655.62	705.25	762.00	823.94	864.56	868.44	848.81	812.50	766.25	690.69	629.25	586.25	578.00	562.88	489.38	373.38	254.62	161.25	127.94	109.31	94.75	79.81	68.69	65.19	65.00	67.81	73.50	77.69	77.62	20.81	0.00	0.00	0.00	0.00	0.00	0.00	0.00	0.00	0.00	0.00	0.00	0.00	0.00	0.00	0.00	0.00	0.00	0.00	0.00	0.00	0.00	0.00	0.00	0.00	0.00	0.00	0.00	134.88	669.31	663.12	651.31	629.69	611.94	592.75	562.75	531.44	481.06	422.12	370.38	327.25	296.19	213.25	177.00	82.31	0.00	0.00	0.00	0.00	0.00	0.00	0.00	0.00
705.75	698.62	690.69	684.50	677.94	671.19	666.94	662.38	658.38	654.50	649.12	644.50	639.31	633.12	628.75	622.50	615.81	606.00	594.00	583.44	572.88	566.31	558.81	547.88	533.00	515.06	493.19	479.06	454.62	414.38	387.56	354.50	329.62	296.88	263.50	242.31	229.00	224.38	216.56	215.50	217.31	221.25	225.38	229.06	237.94	248.12	261.19	283.25	305.50	331.69	350.75	356.94	356.06	362.88	400.88	451.38	504.25	546.25	557.81	556.88	554.75	558.38	575.75	598.69	625.38	650.25	662.69	665.81	653.50	622.25	572.69	533.88	498.31	465.75	432.00	394.00	365.50	339.50	316.94	301.00	292.88	299.31	320.31	363.00	393.50	414.44	443.81	466.25	494.62	524.25	549.19	575.50	586.25	589.94	595.88	608.62	629.50	651.12	670.25	684.38	692.06	695.69	702.56	713.12	743.56	764.69	777.25	770.94	733.62	666.56	612.75	600.38	616.38	647.00	680.38	715.19	747.69	787.88	823.19	840.31	820.25	765.56	716.44	696.25	683.25	639.31	537.06	414.88	296.62	240.75	198.88	177.25	175.00	190.50	217.50	257.50	325.94	396.25	490.75	557.50	604.94	634.69	642.25	647.75	661.44	676.81	692.31	696.00	699.38	706.75	715.00	723.94	723.06	717.56	707.00	697.31	687.06	676.88	666.75	650.19	625.69	603.31	586.88	584.50	586.31	585.25	575.88	554.62	533.94	514.38	497.25	491.31	504.31	522.69	551.00	601.25	664.69	730.94	781.19	797.19	789.81	770.25	741.12	695.00	658.69	625.94	614.50	587.75	503.12	383.69	267.00	176.50	144.25	124.19	104.75	83.81	65.25	57.31	53.88	54.56	46.62	34.50	0.00	0.00	0.00	0.00	0.00	0.00	0.00	0.00	0.00	0.00	0.00	0.00	0.00	0.00	0.00	0.00	0.00	0.00	0.00	0.00	0.00	0.00	0.00	0.00	0.00	0.00	0.00	0.00	93.19	588.81	708.38	688.88	669.12	643.88	620.00	594.19	558.62	525.12	474.88	417.75	346.81	239.25	188.25	48.56	0.00	0.00	0.00	0.00	0.00	0.00	0.00	0.00	0.00	0.00
714.00	706.50	697.25	689.75	681.50	673.25	667.50	661.25	655.75	650.00	643.50	637.75	631.25	625.25	620.50	615.00	610.00	603.75	595.50	587.75	577.75	569.50	559.00	546.00	532.25	516.75	496.75	481.50	455.00	420.00	395.25	357.50	333.75	299.50	257.50	229.00	212.50	206.00	210.75	218.50	220.50	220.50	217.50	213.50	212.25	212.50	216.00	221.00	229.00	241.50	256.25	269.75	279.75	289.00	312.00	342.25	376.00	407.50	423.00	430.50	433.25	433.50	439.25	449.25	460.00	466.50	466.75	462.75	449.50	425.75	397.00	379.75	377.75	379.50	369.00	341.50	313.75	293.75	287.50	292.00	301.50	316.75	339.25	381.00	416.00	451.00	497.25	533.75	567.00	585.00	588.00	586.00	587.00	593.50	615.00	645.75	681.25	713.00	747.50	777.75	797.25	808.75	819.75	830.50	878.75	895.75	895.00	872.00	820.25	738.75	675.75	663.00	670.00	695.00	722.75	751.00	776.75	807.00	829.75	841.25	833.00	795.00	765.00	760.75	759.00	714.50	598.75	455.00	313.50	246.75	202.25	182.50	181.00	196.50	223.50	264.25	336.25	406.75	496.00	559.00	607.00	642.00	653.50	662.00	673.25	683.00	692.50	693.00	696.75	709.00	719.50	724.50	719.50	711.75	698.75	686.25	675.25	666.75	657.00	641.00	621.75	607.25	609.75	628.00	652.50	670.00	665.50	640.50	611.00	578.50	546.00	521.50	499.25	488.75	497.00	530.00	575.25	623.50	654.25	653.75	646.00	650.25	659.00	670.25	681.75	675.25	643.00	573.50	455.50	334.75	237.75	170.50	144.25	127.75	105.50	81.75	62.25	54.50	52.00	52.50	13.25	0.00	0.00	0.00	0.00	0.00	0.00	0.00	0.00	0.00	0.00	0.00	0.00	0.00	0.00	0.00	0.00	0.00	0.00	0.00	0.00	0.00	0.00	0.00	0.00	0.00	0.00	0.00	0.00	0.00	372.75	736.75	717.00	693.00	668.00	639.75	613.25	585.00	546.25	511.25	460.25	403.50	288.50	45.00	0.00	0.00	0.00	0.00	0.00	0.00	0.00	0.00	0.00	0.00	0.00	0.00
714.00	706.50	697.25	689.75	681.50	673.25	667.50	661.25	655.75	650.00	643.50	637.75	631.25	625.25	620.50	615.00	610.00	603.75	595.50	587.75	577.75	569.50	559.00	546.00	532.25	516.75	496.75	481.50	455.00	420.00	395.25	357.50	333.75	299.50	257.50	229.00	212.50	206.00	210.75	218.50	220.50	220.50	217.50	213.50	212.25	212.50	216.00	221.00	229.00	241.50	256.25	269.75	279.75	289.00	312.00	342.25	376.00	407.50	423.00	430.50	433.25	433.50	439.25	449.25	460.00	466.50	466.75	462.75	449.50	425.75	397.00	379.75	377.75	379.50	369.00	341.50	313.75	293.75	287.50	292.00	301.50	316.75	339.25	381.00	416.00	451.00	497.25	533.75	567.00	585.00	588.00	586.00	587.00	593.50	615.00	645.75	681.25	713.00	747.50	777.75	797.25	808.75	819.75	830.50	878.75	895.75	895.00	872.00	820.25	738.75	675.75	663.00	670.00	695.00	722.75	751.00	776.75	807.00	829.75	841.25	833.00	795.00	765.00	760.75	759.00	714.50	598.75	455.00	313.50	246.75	202.25	182.50	181.00	196.50	223.50	264.25	336.25	406.75	496.00	559.00	607.00	642.00	653.50	662.00	673.25	683.00	692.50	693.00	696.75	709.00	719.50	724.50	719.50	711.75	698.75	686.25	675.25	666.75	657.00	641.00	621.75	607.25	609.75	628.00	652.50	670.00	665.50	640.50	611.00	578.50	546.00	521.50	499.25	488.75	497.00	530.00	575.25	623.50	654.25	653.75	646.00	650.25	659.00	670.25	681.75	675.25	643.00	573.50	455.50	334.75	237.75	170.50	144.25	127.75	105.50	81.75	62.25	54.50	52.00	52.50	13.25	0.00	0.00	0.00	0.00	0.00	0.00	0.00	0.00	0.00	0.00	0.00	0.00	0.00	0.00	0.00	0.00	0.00	0.00	0.00	0.00	0.00	0.00	0.00	0.00	0.00	0.00	0.00	0.00	0.00	372.75	736.75	717.00	693.00	668.00	639.75	613.25	585.00	546.25	511.25	460.25	403.50	288.50	45.00	0.00	0.00	0.00	0.00	0.00	0.00	0.00	0.00	0.00	0.00	0.00	0.00
722.06	715.12	705.69	697.25	688.62	679.44	672.19	663.88	656.12	648.50	638.62	630.44	622.06	615.12	611.31	607.88	605.50	603.19	600.75	596.94	591.44	585.62	576.44	566.62	556.62	546.38	533.50	522.00	496.44	454.12	425.81	392.75	372.19	345.62	312.06	286.75	270.62	261.88	258.19	257.50	255.00	253.12	248.81	241.44	230.06	219.25	213.38	210.69	214.75	221.44	229.25	236.94	243.19	247.56	257.06	274.56	292.75	309.25	317.81	321.56	322.44	319.88	317.75	317.62	316.75	315.75	313.38	310.88	307.00	301.44	299.69	304.19	326.00	347.25	348.75	328.56	305.31	292.25	293.88	305.88	324.56	357.06	395.31	460.31	516.88	572.12	635.44	676.44	701.62	701.44	684.94	662.50	653.38	652.00	666.00	692.06	726.62	761.19	798.31	833.44	858.00	870.62	878.25	882.25	910.62	916.56	909.06	882.31	832.25	760.88	712.88	713.25	724.38	746.56	768.50	789.06	804.88	823.12	839.88	855.88	872.75	854.25	830.06	817.00	792.00	723.50	590.12	439.44	298.50	234.94	197.94	185.12	188.50	205.88	232.50	274.00	354.06	430.56	526.94	595.00	646.00	680.25	684.62	675.88	670.81	676.62	693.25	710.25	731.62	756.06	765.44	761.62	748.38	736.12	721.81	710.06	700.00	690.38	679.12	663.31	651.56	649.06	665.25	694.00	729.75	761.50	766.75	741.00	701.94	656.69	613.69	584.31	549.88	522.50	507.88	512.00	526.50	539.12	538.75	523.44	508.94	512.62	530.00	562.06	585.56	571.38	514.38	429.31	324.25	237.44	177.19	137.50	119.69	105.25	87.88	71.62	58.50	53.56	32.50	13.12	3.31	0.00	0.00	0.00	0.00	0.00	0.00	0.00	0.00	0.00	0.00	0.00	0.00	0.00	0.00	0.00	0.00	0.00	0.00	0.00	0.00	0.00	0.00	0.00	0.00	552.19	553.50	276.56	0.00	0.00	639.00	724.00	706.69	683.62	660.50	633.94	607.44	578.81	538.56	502.06	347.19	158.25	107.00	14.44	0.00	0.00	0.00	0.00	0.00	0.00	0.00	0.00	0.00	0.00	0.00	0.00
724.75	718.00	708.50	699.75	691.00	681.50	673.75	664.75	656.25	648.00	637.00	628.00	619.00	611.75	608.25	605.50	604.00	603.00	602.50	600.00	596.00	591.00	582.25	573.50	564.75	556.25	545.75	535.50	510.25	465.50	436.00	404.50	385.00	361.00	330.25	306.00	290.00	280.50	274.00	270.50	266.50	264.00	259.25	250.75	236.00	221.50	212.50	207.25	210.00	214.75	220.25	226.00	231.00	233.75	238.75	252.00	265.00	276.50	282.75	285.25	285.50	282.00	277.25	273.75	269.00	265.50	262.25	260.25	259.50	260.00	267.25	279.00	308.75	336.50	342.00	324.25	302.50	291.75	296.00	310.50	332.25	370.50	414.00	486.75	550.50	612.50	681.50	724.00	746.50	740.25	717.25	688.00	675.50	671.50	683.00	707.50	741.75	777.25	815.25	852.00	878.25	891.25	897.75	899.50	921.25	923.50	913.75	885.75	836.25	768.25	725.25	730.00	742.50	763.75	783.75	801.75	814.25	828.50	843.25	860.75	886.00	874.00	851.75	835.75	803.00	726.50	587.25	434.25	293.50	231.00	196.50	186.00	191.00	209.00	235.50	277.25	360.00	438.50	537.25	607.00	659.00	693.00	695.00	680.50	670.00	674.50	693.50	716.00	743.25	771.75	780.75	774.00	758.00	744.25	729.50	718.00	708.25	698.25	686.50	670.75	661.50	663.00	683.75	716.00	755.50	792.00	800.50	774.50	732.25	682.75	636.25	605.25	566.75	533.75	511.50	506.00	510.25	511.00	500.25	480.00	463.25	466.75	487.00	526.00	553.50	536.75	471.50	381.25	280.50	205.00	157.00	126.50	111.50	97.75	82.00	68.25	57.25	53.25	26.00	0.00	0.00	0.00	0.00	0.00	0.00	0.00	0.00	0.00	0.00	0.00	0.00	0.00	0.00	0.00	0.00	0.00	0.00	0.00	0.00	0.00	0.00	0.00	0.00	0.00	0.00	736.25	738.00	368.75	0.00	0.00	727.75	719.75	703.25	680.50	658.00	632.00	605.50	576.75	536.00	499.00	309.50	76.50	46.50	4.25	0.00	0.00	0.00	0.00	0.00	0.00	0.00	0.00	0.00	0.00	0.00	0.00
726.56	720.00	710.81	702.06	693.56	684.19	676.19	666.75	657.44	647.75	635.00	624.56	614.75	606.81	603.38	601.31	600.81	601.25	602.25	601.50	599.75	596.44	590.12	583.38	576.62	570.56	564.12	557.06	536.44	497.25	470.06	441.94	425.12	404.38	376.75	353.81	335.75	322.75	311.94	301.94	291.94	281.62	270.44	258.38	240.44	224.00	213.94	207.38	209.12	212.69	216.88	221.56	225.69	227.81	231.69	242.44	252.75	261.38	266.06	267.94	268.31	265.56	261.31	257.81	252.88	249.50	246.75	245.31	245.19	246.50	254.00	265.44	293.38	319.88	326.50	312.50	294.75	287.06	293.50	309.56	333.56	377.38	425.25	503.12	570.12	633.50	702.44	744.56	768.12	763.06	741.94	715.06	703.12	697.88	705.19	724.69	756.06	790.19	827.50	863.69	888.75	900.06	903.62	902.50	918.12	919.12	911.25	886.50	841.25	779.12	740.25	745.75	761.62	784.81	803.69	816.94	823.00	831.50	844.06	861.62	886.12	875.69	851.88	830.25	787.69	703.75	562.62	414.69	282.06	224.50	194.44	186.75	192.94	211.31	237.88	280.06	364.69	444.88	547.31	618.50	671.50	705.44	705.81	688.12	675.44	681.81	705.25	731.75	761.50	791.31	800.06	790.81	770.56	753.38	735.44	724.06	714.94	705.19	693.38	678.62	673.38	679.62	703.56	736.12	774.88	810.94	819.62	792.88	749.31	698.62	651.50	620.00	580.44	546.31	523.19	516.12	516.50	510.44	492.25	463.69	438.81	432.12	444.62	476.00	497.94	479.25	416.62	333.88	245.06	181.38	141.62	115.62	102.44	90.50	77.62	67.12	58.38	43.75	19.50	0.00	0.00	0.00	0.00	0.00	0.00	0.00	0.00	0.00	0.00	0.00	0.00	0.00	0.00	0.00	0.00	0.00	0.00	0.00	0.00	0.00	0.00	0.00	98.25	191.00	185.62	734.88	733.94	410.50	0.00	0.00	721.50	713.81	697.50	674.88	652.44	626.06	599.31	567.12	476.69	421.25	254.62	57.38	34.88	3.19	0.00	0.00	0.00	0.00	0.00	0.00	0.00	0.00	0.00	0.00	0.00	0.00
732.00	726.00	717.75	709.00	701.25	692.25	683.50	672.75	661.00	647.00	629.00	614.25	602.00	592.00	588.75	588.75	591.25	596.00	601.50	606.00	611.00	612.75	613.75	613.00	612.25	613.50	619.25	621.75	615.00	592.50	572.25	554.25	545.50	534.50	516.25	497.25	473.00	449.50	425.75	396.25	368.25	334.50	304.00	281.25	253.75	231.50	218.25	207.75	206.50	206.50	206.75	208.25	209.75	210.00	210.50	213.75	216.00	216.00	216.00	216.00	216.75	216.25	213.50	210.00	204.50	201.50	200.25	200.50	202.25	206.00	214.25	224.75	247.25	270.00	280.00	277.25	271.50	273.00	286.00	306.75	337.50	398.00	459.00	552.25	629.00	696.50	765.25	806.25	833.00	831.50	816.00	796.25	786.00	777.00	771.75	776.25	799.00	829.00	864.25	898.75	920.25	926.50	921.25	911.50	908.75	906.00	903.75	888.75	856.25	811.75	785.25	793.00	819.00	848.00	863.50	862.50	849.25	840.50	846.50	864.25	886.50	880.75	852.25	813.75	741.75	635.50	488.75	356.00	247.75	205.00	188.25	189.00	198.75	218.25	245.00	288.50	378.75	464.00	577.50	653.00	709.00	742.75	738.25	711.00	691.75	703.75	740.50	779.00	816.25	850.00	858.00	841.25	808.25	780.75	753.25	742.25	735.00	726.00	714.00	702.25	709.00	729.50	763.00	796.50	833.00	867.75	877.00	848.00	800.50	746.25	697.25	664.25	621.50	584.00	558.25	546.50	535.25	508.75	468.25	414.75	365.50	328.25	317.50	326.00	331.25	306.75	252.00	191.75	138.75	110.50	95.50	83.00	75.25	68.75	64.50	63.75	61.75	15.25	0.00	0.00	0.00	0.00	0.00	0.00	0.00	0.00	0.00	0.00	0.00	0.00	0.00	0.00	0.00	0.00	0.00	0.00	0.00	0.00	0.00	0.00	0.00	0.00	393.00	764.00	742.50	730.75	721.75	535.75	0.00	0.00	702.75	696.00	680.25	658.00	635.75	608.25	580.75	538.25	298.75	188.00	90.00	0.00	0.00	0.00	0.00	0.00	0.00	0.00	0.00	0.00	0.00	0.00	0.00	0.00	0.00	0.00
733.00	727.25	719.56	711.06	703.62	695.19	686.62	675.38	662.75	647.25	626.50	609.75	596.06	585.50	582.25	583.00	586.50	592.44	599.38	606.06	613.81	618.06	620.19	622.19	626.38	632.25	641.12	646.25	643.88	627.50	610.31	595.94	589.50	580.75	565.06	547.62	522.56	496.38	469.62	433.62	398.38	352.88	311.94	284.44	254.25	232.75	221.25	213.38	213.38	214.88	216.81	219.31	220.81	220.12	219.31	221.06	221.50	219.38	217.69	216.56	216.92	216.75	214.81	211.75	207.25	204.88	204.12	205.12	207.38	210.12	214.38	220.88	237.94	256.62	265.94	265.56	262.50	265.38	278.69	298.88	328.94	388.75	448.25	538.69	613.00	678.31	746.81	789.00	820.88	827.81	819.69	809.75	805.38	797.62	790.56	791.88	812.50	841.31	875.12	907.50	926.62	930.62	920.75	905.75	896.94	893.31	895.00	887.56	863.50	827.19	804.88	811.88	837.75	865.94	879.69	874.62	855.81	839.44	837.81	847.69	861.38	851.56	819.50	776.62	700.38	594.75	455.19	333.81	237.38	200.81	188.00	191.00	201.31	220.94	247.88	290.94	379.12	462.06	572.75	645.62	699.25	731.31	727.19	703.12	688.81	705.44	747.12	788.12	826.75	861.44	870.12	853.12	816.94	786.38	757.00	748.00	743.12	735.50	723.38	711.75	720.19	743.56	779.56	813.00	847.31	878.81	885.12	853.88	805.31	750.75	701.56	669.19	629.44	594.75	571.25	560.25	545.31	511.00	462.00	401.12	346.69	303.56	287.56	289.31	290.12	266.25	217.62	165.88	121.56	99.25	87.62	77.19	70.81	66.44	64.62	65.56	50.94	11.44	0.00	0.00	0.00	0.00	0.00	0.00	0.00	0.00	0.00	0.00	0.00	0.00	0.00	0.00	0.00	0.00	0.00	0.00	0.00	0.00	0.00	0.00	0.00	199.25	486.50	757.25	735.50	722.12	711.56	527.69	82.75	166.12	692.62	685.75	670.25	648.12	625.69	597.31	565.25	491.06	241.88	141.00	67.50	0.00	0.00	0.00	0.00	0.00	0.00	0.00	0.00	0.00	0.00	0.00	0.00	0.00	0.00	0.00
736.00	731.00	725.00	717.25	710.75	704.00	696.00	683.25	668.00	648.00	619.00	596.25	578.25	566.00	562.75	565.75	572.25	581.75	593.00	606.25	622.25	634.00	639.50	649.75	668.75	688.50	706.75	719.75	730.50	732.50	724.50	721.00	721.50	719.50	711.50	698.75	671.25	637.00	601.25	545.75	488.75	408.00	335.75	294.00	255.75	236.50	230.25	230.25	234.00	240.00	247.00	252.50	254.00	250.50	245.75	243.00	238.00	229.50	222.75	218.25	217.50	218.25	218.75	217.00	215.50	215.00	215.75	219.00	222.75	222.50	214.75	209.25	210.00	216.50	223.75	230.50	235.50	242.50	256.75	275.25	303.25	361.00	416.00	498.00	565.00	623.75	691.50	737.25	784.50	816.75	830.75	850.25	863.50	859.50	847.00	838.75	853.00	878.25	907.75	933.75	945.75	943.00	919.25	888.50	861.50	855.25	868.75	884.00	885.25	873.50	863.75	868.50	894.00	919.75	928.25	911.00	875.50	836.25	811.75	798.00	786.00	764.00	721.25	665.25	576.25	472.50	354.50	267.25	206.25	188.25	187.25	197.00	209.00	229.00	256.50	298.25	380.25	456.25	558.50	623.50	670.00	697.00	694.00	679.50	680.00	710.50	767.00	815.50	858.25	895.75	906.50	888.75	843.00	803.25	768.25	765.25	767.50	764.00	751.50	740.25	753.75	785.75	829.25	862.50	890.25	912.00	909.50	871.50	819.75	764.25	714.50	684.00	653.25	627.00	610.25	601.50	575.50	517.75	443.25	360.25	290.25	229.50	197.75	179.25	166.75	144.75	114.50	88.25	70.00	65.50	64.00	59.75	57.50	59.50	65.00	71.00	18.50	0.00	0.00	0.00	0.00	0.00	0.00	0.00	0.00	0.00	0.00	0.00	0.00	0.00	0.00	0.00	0.00	0.00	0.00	0.00	0.00	0.00	0.00	0.00	0.00	797.00	767.00	737.00	714.50	696.25	681.00	503.50	331.00	664.50	662.25	655.00	640.25	618.50	595.50	564.50	518.75	349.50	71.25	0.00	0.00	0.00	0.00	0.00	0.00	0.00	0.00	0.00	0.00	0.00	0.00	0.00	0.00	0.00	0.00	0.00
736.00	731.00	725.00	717.25	710.75	704.00	696.00	683.25	668.00	648.00	619.00	596.25	578.25	566.00	562.75	565.75	572.25	581.75	593.00	606.25	622.25	634.00	639.50	649.75	668.75	688.50	706.75	719.75	730.50	732.50	724.50	721.00	721.50	719.50	711.50	698.75	671.25	637.00	601.25	545.75	488.75	408.00	335.75	294.00	255.75	236.50	230.25	230.25	234.00	240.00	247.00	252.50	254.00	250.50	245.75	243.00	238.00	229.50	222.75	218.25	217.50	218.25	218.75	217.00	215.50	215.00	215.75	219.00	222.75	222.50	214.75	209.25	210.00	216.50	223.75	230.50	235.50	242.50	256.75	275.25	303.25	361.00	416.00	498.00	565.00	623.75	691.50	737.25	784.50	816.75	830.75	850.25	863.50	859.50	847.00	838.75	853.00	878.25	907.75	933.75	945.75	943.00	919.25	888.50	861.50	855.25	868.75	884.00	885.25	873.50	863.75	868.50	894.00	919.75	928.25	911.00	875.50	836.25	811.75	798.00	786.00	764.00	721.25	665.25	576.25	472.50	354.50	267.25	206.25	188.25	187.25	197.00	209.00	229.00	256.50	298.25	380.25	456.25	558.50	623.50	670.00	697.00	694.00	679.50	680.00	710.50	767.00	815.50	858.25	895.75	906.50	888.75	843.00	803.25	768.25	765.25	767.50	764.00	751.50	740.25	753.75	785.75	829.25	862.50	890.25	912.00	909.50	871.50	819.75	764.25	714.50	684.00	653.25	627.00	610.25	601.50	575.50	517.75	443.25	360.25	290.25	229.50	197.75	179.25	166.75	144.75	114.50	88.25	70.00	65.50	64.00	59.75	57.50	59.50	65.00	71.00	18.50	0.00	0.00	0.00	0.00	0.00	0.00	0.00	0.00	0.00	0.00	0.00	0.00	0.00	0.00	0.00	0.00	0.00	0.00	0.00	0.00	0.00	0.00	0.00	0.00	797.00	767.00	737.00	714.50	696.25	681.00	503.50	331.00	664.50	662.25	655.00	640.25	618.50	595.50	564.50	518.75	349.50	71.25	0.00	0.00	0.00	0.00	0.00	0.00	0.00	0.00	0.00	0.00	0.00	0.00	0.00	0.00	0.00	0.00	0.00
736.50	731.75	726.75	719.75	714.00	708.62	701.12	686.75	669.12	646.25	611.50	584.25	563.62	551.38	549.75	554.12	562.75	573.25	584.50	599.00	617.88	633.62	642.00	657.12	685.75	711.88	731.50	745.62	761.25	769.25	768.88	771.88	775.62	776.75	770.88	759.00	727.75	688.00	645.62	579.88	513.88	418.25	333.88	288.62	254.00	244.00	248.38	261.50	273.00	286.50	300.62	309.88	311.12	304.38	296.00	291.38	284.50	271.00	258.00	247.88	243.25	243.12	243.62	243.12	243.50	241.75	240.25	242.12	246.38	245.62	233.00	220.75	211.62	209.75	213.00	218.50	223.25	228.75	239.50	253.38	275.12	318.75	360.50	425.00	480.25	533.75	603.00	654.50	714.50	769.25	803.50	843.00	866.00	868.62	862.75	857.88	874.75	900.12	927.38	951.75	961.25	952.88	918.12	875.50	835.50	822.12	837.62	865.75	886.38	895.50	897.50	901.50	914.25	925.00	922.50	898.12	856.75	804.12	760.00	721.75	689.50	656.25	608.75	553.12	472.75	387.50	297.62	236.62	197.12	188.88	194.62	208.25	222.00	243.50	272.12	311.38	382.25	445.50	526.75	576.75	611.50	631.38	630.50	627.25	643.25	681.62	746.88	801.75	850.50	894.88	910.75	897.00	851.88	811.88	782.50	789.12	798.12	796.12	781.00	765.38	775.00	803.62	845.75	877.00	899.25	911.62	901.75	859.25	807.75	752.25	702.75	675.38	654.88	636.62	622.00	605.50	563.75	485.38	395.88	309.12	244.00	191.88	165.12	147.62	136.75	118.50	96.50	77.38	64.88	61.75	61.25	59.12	58.88	62.62	69.00	64.88	9.25	0.00	0.00	0.00	0.00	0.00	0.00	0.00	0.00	0.00	0.00	0.00	0.00	0.00	0.00	0.00	0.00	0.00	0.00	0.00	0.00	0.00	0.00	0.00	96.12	779.25	752.38	721.88	697.75	677.62	659.00	562.38	470.38	636.88	632.62	624.38	609.00	587.50	564.50	533.38	477.88	236.62	35.62	0.00	0.00	0.00	0.00	0.00	0.00	0.00	0.00	0.00	0.00	0.00	0.00	0.00	0.00	0.00	0.00	0.00
737.00	732.50	728.50	722.25	717.25	713.25	706.25	690.25	670.25	644.50	604.00	572.25	549.00	536.75	536.75	542.50	553.25	564.75	576.00	591.75	613.50	633.25	644.50	664.50	702.75	735.25	756.25	771.50	792.00	806.00	813.25	822.75	829.75	834.00	830.25	819.25	784.25	739.00	690.00	614.00	539.00	428.50	332.00	283.25	252.25	251.50	266.50	292.75	312.00	333.00	354.25	367.25	368.25	358.25	346.25	339.75	331.00	312.50	293.25	277.50	269.00	268.00	268.50	269.25	271.50	268.50	264.75	265.25	270.00	268.75	251.25	232.25	213.25	203.00	202.25	206.50	211.00	215.00	222.25	231.50	247.00	276.50	305.00	352.00	395.50	443.75	514.50	571.75	644.50	721.75	776.25	835.75	868.50	877.75	878.50	877.00	896.50	922.00	947.00	969.75	976.75	962.75	917.00	862.50	809.50	789.00	806.50	847.50	887.50	917.50	931.25	934.50	934.50	930.25	916.75	885.25	838.00	772.00	708.25	645.50	593.00	548.50	496.25	441.00	369.25	302.50	240.75	206.00	188.00	189.50	202.00	219.50	235.00	258.00	287.75	324.50	384.25	434.75	495.00	530.00	553.00	565.75	567.00	575.00	606.50	652.75	726.75	788.00	842.75	894.00	915.00	905.25	860.75	820.50	796.75	813.00	828.75	828.25	810.50	790.50	796.25	821.50	862.25	891.50	908.25	911.25	894.00	847.00	795.75	740.25	691.00	666.75	656.50	646.25	633.75	609.50	552.00	453.00	348.50	258.00	197.75	154.25	132.50	116.00	106.75	92.25	78.50	66.50	59.75	58.00	58.50	58.50	60.25	65.75	73.00	58.75	0.00	0.00	0.00	0.00	0.00	0.00	0.00	0.00	0.00	0.00	0.00	0.00	0.00	0.00	0.00	0.00	0.00	0.00	0.00	0.00	0.00	0.00	0.00	0.00	192.25	761.50	737.75	706.75	681.00	659.00	637.00	621.25	609.75	609.25	603.00	593.75	577.75	556.50	533.50	502.25	437.00	123.75	0.00	0.00	0.00	0.00	0.00	0.00	0.00	0.00	0.00	0.00	0.00	0.00	0.00	0.00	0.00	0.00	0.00	0.00
735.75	731.75	728.00	721.94	717.12	713.25	706.50	689.69	667.75	639.62	597.12	564.38	541.12	529.50	532.12	539.44	551.19	562.94	571.12	582.69	602.00	621.44	637.12	659.56	693.94	722.31	741.56	756.56	779.75	797.12	809.81	824.00	833.50	839.12	833.62	818.31	774.44	721.88	665.25	585.06	511.75	407.38	318.50	276.44	255.38	263.25	286.31	320.62	344.75	368.56	390.88	403.88	404.56	394.38	382.44	375.75	367.38	346.88	322.88	302.88	292.62	292.12	294.69	297.81	301.00	295.50	286.56	281.75	284.12	284.31	269.00	249.31	226.25	210.75	205.62	206.56	209.44	212.00	217.75	225.06	237.06	258.50	281.50	321.75	360.62	406.81	476.19	533.81	610.00	694.94	759.62	820.88	848.75	861.88	870.56	876.12	901.12	929.44	954.56	979.00	986.19	968.44	918.06	861.12	803.38	775.69	786.25	824.12	868.00	907.25	928.38	932.12	921.38	903.50	879.50	841.81	793.25	726.62	660.94	593.62	537.38	492.38	443.38	393.88	332.12	276.75	227.81	202.38	190.06	194.56	210.56	231.38	250.44	276.88	308.25	344.75	398.25	442.00	489.94	516.75	533.94	542.06	541.62	548.62	579.69	625.06	701.38	767.38	828.00	886.50	911.44	905.69	865.75	829.69	813.69	834.94	851.31	847.94	826.50	803.75	806.75	826.31	859.31	882.88	894.31	892.19	873.12	828.75	780.19	727.00	678.38	654.75	645.62	635.94	619.50	585.62	518.81	414.50	311.12	226.62	174.62	139.69	122.31	107.88	99.56	86.81	75.00	65.38	60.50	59.81	60.75	60.94	62.44	62.31	54.75	44.06	0.00	0.00	0.00	0.00	0.00	0.00	0.00	0.00	0.00	0.00	0.00	0.00	0.00	0.00	0.00	0.00	0.00	0.00	0.00	0.00	0.00	0.00	0.00	0.00	144.19	571.12	553.31	530.06	674.38	654.69	634.19	617.31	602.75	598.75	588.12	571.31	548.31	527.00	504.81	475.88	415.06	117.00	0.00	0.00	0.00	0.00	0.00	0.00	0.00	0.00	0.00	0.00	0.00	0.00	0.00	0.00	0.00	0.00	0.00	0.00
732.00	729.50	726.50	721.00	716.75	713.25	707.25	688.00	660.25	625.00	576.50	540.75	517.50	507.75	518.25	530.25	545.00	557.50	556.50	555.50	567.50	586.00	615.00	644.75	667.50	683.50	697.50	711.75	743.00	770.50	799.50	827.75	844.75	854.50	843.75	815.50	745.00	670.50	591.00	498.25	430.00	344.00	278.00	256.00	264.75	298.50	345.75	404.25	443.00	475.25	500.75	513.75	513.50	502.75	491.00	483.75	476.50	450.00	411.75	379.00	363.50	364.50	373.25	383.50	389.50	376.50	352.00	331.25	326.50	331.00	322.25	300.50	265.25	234.00	215.75	206.75	204.75	203.00	204.25	205.75	207.25	204.50	211.00	231.00	256.00	296.00	361.25	420.00	506.50	614.50	709.75	776.25	789.50	814.25	846.75	873.50	915.00	951.75	977.25	1006.75	1014.50	985.50	921.25	857.00	785.00	735.75	725.50	754.00	809.50	876.50	919.75	925.00	882.00	823.25	767.75	711.50	659.00	590.50	519.00	438.00	370.50	324.00	284.75	252.50	220.75	199.50	189.00	191.50	196.25	209.75	236.25	267.00	296.75	333.50	369.75	405.50	440.25	463.75	474.75	477.00	476.75	471.00	465.50	469.50	499.25	542.00	625.25	705.50	783.75	864.00	900.75	907.00	880.75	857.25	864.50	900.75	919.00	907.00	874.50	843.50	838.25	840.75	850.50	857.00	852.50	835.00	810.50	774.00	733.50	687.25	640.50	618.75	613.00	605.00	576.75	514.00	419.25	299.00	199.00	132.50	105.25	96.00	91.75	83.50	78.00	70.50	64.50	62.00	62.75	65.25	67.50	68.25	69.00	52.00	0.00	0.00	0.00	0.00	0.00	0.00	0.00	0.00	0.00	0.00	0.00	0.00	0.00	0.00	0.00	0.00	0.00	0.00	0.00	0.00	0.00	0.00	0.00	0.00	0.00	0.00	0.00	0.00	0.00	0.00	654.50	641.75	625.75	605.50	581.75	567.25	543.50	504.00	460.00	438.50	418.75	396.75	349.25	96.75	0.00	0.00	0.00	0.00	0.00	0.00	0.00	0.00	0.00	0.00	0.00	0.00	0.00	0.00	0.00	0.00	0.00	0.00
732.00	729.50	726.50	721.00	716.75	713.25	707.25	688.00	660.25	625.00	576.50	540.75	517.50	507.75	518.25	530.25	545.00	557.50	556.50	555.50	567.50	586.00	615.00	644.75	667.50	683.50	697.50	711.75	743.00	770.50	799.50	827.75	844.75	854.50	843.75	815.50	745.00	670.50	591.00	498.25	430.00	344.00	278.00	256.00	264.75	298.50	345.75	404.25	443.00	475.25	500.75	513.75	513.50	502.75	491.00	483.75	476.50	450.00	411.75	379.00	363.50	364.50	373.25	383.50	389.50	376.50	352.00	331.25	326.50	331.00	322.25	300.50	265.25	234.00	215.75	206.75	204.75	203.00	204.25	205.75	207.25	204.50	211.00	231.00	256.00	296.00	361.25	420.00	506.50	614.50	709.75	776.25	789.50	814.25	846.75	873.50	915.00	951.75	977.25	1006.75	1014.50	985.50	921.25	857.00	785.00	735.75	725.50	754.00	809.50	876.50	919.75	925.00	882.00	823.25	767.75	711.50	659.00	590.50	519.00	438.00	370.50	324.00	284.75	252.50	220.75	199.50	189.00	191.50	196.25	209.75	236.25	267.00	296.75	333.50	369.75	405.50	440.25	463.75	474.75	477.00	476.75	471.00	465.50	469.50	499.25	542.00	625.25	705.50	783.75	864.00	900.75	907.00	880.75	857.25	864.50	900.75	919.00	907.00	874.50	843.50	838.25	840.75	850.50	857.00	852.50	835.00	810.50	774.00	733.50	687.25	640.50	618.75	613.00	605.00	576.75	514.00	419.25	299.00	199.00	132.50	105.25	96.00	91.75	83.50	78.00	70.50	64.50	62.00	62.75	65.25	67.50	68.25	69.00	52.00	0.00	0.00	0.00	0.00	0.00	0.00	0.00	0.00	0.00	0.00	0.00	0.00	0.00	0.00	0.00	0.00	0.00	0.00	0.00	0.00	0.00	0.00	0.00	0.00	0.00	0.00	0.00	0.00	0.00	0.00	654.50	641.75	625.75	605.50	581.75	567.25	543.50	504.00	460.00	438.50	418.75	396.75	349.25	96.75	0.00	0.00	0.00	0.00	0.00	0.00	0.00	0.00	0.00	0.00	0.00	0.00	0.00	0.00	0.00	0.00	0.00	0.00
726.75	725.38	722.94	715.19	710.94	708.94	704.25	691.00	663.25	617.12	555.50	518.81	495.94	483.56	507.19	548.62	584.56	601.75	588.75	566.38	558.12	564.25	582.75	603.12	612.19	614.31	617.44	627.56	663.12	701.12	751.50	804.31	827.31	821.88	773.81	706.00	593.12	507.75	430.88	362.50	325.38	293.38	281.38	290.69	330.56	377.62	427.12	491.62	533.75	566.75	591.69	604.88	606.12	598.75	593.94	591.75	587.12	559.12	519.75	492.25	491.00	507.38	527.00	541.56	539.12	500.25	445.75	404.19	400.75	430.75	456.12	446.38	398.19	336.75	286.25	247.44	228.38	217.62	214.19	213.44	210.44	200.94	197.50	203.25	216.62	242.56	290.56	339.75	421.38	520.94	604.00	677.25	703.62	727.06	778.31	821.19	884.25	959.44	996.75	999.44	977.75	939.56	873.06	816.88	762.31	714.75	675.62	650.88	663.62	710.75	749.88	749.12	689.25	615.12	549.31	490.06	444.69	395.69	350.25	303.19	267.00	243.94	224.94	209.94	198.25	194.62	200.81	217.19	241.25	266.38	304.12	347.62	396.69	455.38	504.75	545.94	575.44	585.44	577.69	565.12	548.94	522.94	499.44	473.25	464.19	481.25	543.88	625.25	716.44	813.00	861.38	887.50	881.88	871.69	882.12	898.12	891.62	859.56	831.00	827.00	841.44	849.38	849.94	838.44	817.44	789.25	768.50	749.62	722.06	678.81	618.94	564.75	512.31	463.44	404.81	337.75	266.25	189.69	135.81	99.69	85.75	79.12	73.56	68.88	68.25	69.75	73.12	76.25	79.06	77.62	73.69	43.69	17.25	13.00	0.00	0.00	0.00	0.00	0.00	0.00	0.00	0.00	0.00	0.00	0.00	0.00	0.00	0.00	0.00	0.00	0.00	0.00	0.00	0.00	0.00	0.00	0.00	0.00	0.00	0.00	0.00	0.00	0.00	111.19	615.12	624.69	629.12	621.25	599.75	570.81	513.31	321.75	124.94	118.25	111.62	104.81	89.75	24.19	0.00	0.00	0.00	0.00	0.00	0.00	0.00	0.00	0.00	0.00	0.00	0.00	0.00	0.00	0.00	0.00	0.00	0.00
725.00	724.00	721.75	713.25	709.00	707.50	703.25	692.00	664.25	614.50	548.50	511.50	488.75	475.50	503.50	554.75	597.75	616.50	599.50	570.00	555.00	557.00	572.00	589.25	593.75	591.25	590.75	599.50	636.50	678.00	735.50	796.50	821.50	811.00	750.50	669.50	542.50	453.50	377.50	317.25	290.50	276.50	282.50	302.25	352.50	404.00	454.25	520.75	564.00	597.25	622.00	635.25	637.00	630.75	628.25	627.75	624.00	595.50	555.75	530.00	533.50	555.00	578.25	594.25	589.00	541.50	477.00	428.50	425.50	464.00	500.75	495.00	442.50	371.00	309.75	261.00	236.25	222.50	217.50	216.00	211.50	199.75	193.00	194.00	203.50	224.75	267.00	313.00	393.00	489.75	568.75	644.25	675.00	698.00	755.50	803.75	874.00	962.00	1003.25	997.00	965.50	924.25	857.00	803.50	754.75	707.75	659.00	616.50	615.00	655.50	693.25	690.50	625.00	545.75	476.50	416.25	373.25	330.75	294.00	258.25	232.50	217.25	205.00	195.75	190.75	193.00	204.75	225.75	256.25	285.25	326.75	374.50	430.00	496.00	549.75	592.75	620.50	626.00	612.00	594.50	573.00	540.25	510.75	474.50	452.50	461.00	516.75	598.50	694.00	796.00	848.25	881.00	882.25	876.50	888.00	897.25	882.50	843.75	816.50	821.50	842.50	852.25	849.75	832.25	805.75	774.00	754.50	741.50	718.25	676.00	611.75	546.75	478.75	416.25	347.50	279.00	215.25	153.25	114.75	88.75	79.25	73.50	67.50	64.00	65.00	69.50	76.00	81.00	84.50	81.75	75.75	35.50	0.00	0.00	0.00	0.00	0.00	0.00	0.00	0.00	0.00	0.00	0.00	0.00	0.00	0.00	0.00	0.00	0.00	0.00	0.00	0.00	0.00	0.00	0.00	0.00	0.00	0.00	0.00	0.00	0.00	0.00	0.00	148.25	602.00	619.00	630.25	626.50	605.75	572.00	503.25	261.00	13.25	11.50	9.25	7.50	3.25	0.00	0.00	0.00	0.00	0.00	0.00	0.00	0.00	0.00	0.00	0.00	0.00	0.00	0.00	0.00	0.00	0.00	0.00	0.00
724.31	724.00	721.19	712.00	706.25	702.44	695.75	681.44	652.19	603.12	538.38	501.25	481.44	475.38	508.88	565.62	612.88	635.44	620.62	590.88	574.62	574.50	587.31	602.56	606.62	601.31	593.19	594.12	616.25	648.12	697.12	754.06	775.06	758.12	692.69	612.56	496.00	419.38	359.00	317.56	300.88	298.88	316.00	342.38	398.94	450.50	498.00	560.31	602.62	634.38	656.00	666.38	665.75	657.81	653.94	653.25	649.25	621.38	584.25	561.00	564.56	583.38	602.44	614.81	606.50	557.75	497.31	456.44	462.38	507.31	548.62	544.81	490.19	412.50	342.81	284.12	253.12	237.31	233.38	233.81	228.56	211.88	200.50	196.00	201.75	218.12	252.38	291.31	361.12	446.94	517.50	587.44	620.38	649.38	714.19	769.88	847.44	931.56	971.75	966.50	934.94	893.56	826.44	772.62	724.81	680.44	630.94	581.12	568.38	595.44	623.69	618.12	557.38	486.81	426.31	374.88	338.88	303.62	273.81	245.75	226.12	214.38	207.12	204.62	209.00	220.50	242.00	270.25	306.00	336.44	374.69	416.38	468.44	534.88	590.88	635.62	661.00	662.25	641.75	620.25	594.69	556.88	523.44	481.88	452.38	453.25	499.44	575.75	667.56	767.44	818.69	850.19	851.50	844.75	849.75	851.88	834.75	798.56	777.88	792.75	822.19	837.00	834.44	815.00	786.38	752.00	729.12	710.12	681.38	633.81	565.75	499.81	432.88	373.69	310.75	250.25	195.00	141.12	107.94	85.38	76.56	71.44	67.06	66.38	69.69	76.12	83.38	88.38	90.94	75.00	56.81	26.62	0.00	0.00	0.00	0.00	0.00	0.00	0.00	0.00	0.00	0.00	0.00	0.00	0.00	0.00	0.00	0.00	0.00	0.00	0.00	0.00	0.00	0.00	0.00	0.00	0.00	0.00	0.00	0.00	0.00	0.00	91.69	242.94	592.75	611.81	622.62	619.25	597.81	562.69	491.81	249.25	9.94	8.62	6.94	5.62	2.44	0.00	0.00	0.00	0.00	0.00	0.00	0.00	0.00	0.00	0.00	0.00	0.00	0.00	0.00	0.00	0.00	0.00	0.00	0.00
722.25	724.00	719.50	708.25	698.00	687.25	673.25	649.75	616.00	569.00	508.00	470.50	459.50	475.00	525.00	598.25	658.25	692.25	684.00	653.50	633.50	627.00	633.25	642.50	645.25	631.50	600.50	578.00	555.50	558.50	582.00	626.75	635.75	599.50	519.25	441.75	356.50	317.00	303.50	318.50	332.00	366.00	416.50	462.75	538.25	590.00	629.25	679.00	718.50	745.75	758.00	759.75	752.00	739.00	731.00	729.75	725.00	699.00	669.75	654.00	657.75	668.50	675.00	676.50	659.00	606.50	558.25	540.25	573.00	637.25	692.25	694.25	633.25	537.00	442.00	353.50	303.75	281.75	281.00	287.25	279.75	248.25	223.00	202.00	196.50	198.25	208.50	226.25	265.50	318.50	363.75	417.00	456.50	503.50	590.25	668.25	767.75	840.25	877.25	875.00	843.25	801.50	734.75	680.00	635.00	598.50	546.75	475.00	428.50	415.25	415.00	401.00	354.50	310.00	275.75	250.75	235.75	222.25	213.25	208.25	207.00	205.75	213.50	231.25	263.75	303.00	353.75	403.75	455.25	490.00	518.50	542.00	583.75	651.50	714.25	764.25	782.50	771.00	731.00	697.50	659.75	606.75	561.50	504.00	452.00	430.00	447.50	507.50	588.25	681.75	730.00	757.75	759.25	749.50	735.00	715.75	691.50	663.00	662.00	706.50	761.25	791.25	788.50	763.25	728.25	686.00	653.00	616.00	570.75	507.25	427.75	359.00	295.25	246.00	200.50	164.00	134.25	104.75	87.50	75.25	68.50	65.25	65.75	73.50	83.75	96.00	105.50	110.50	110.25	54.75	0.00	0.00	0.00	0.00	0.00	0.00	0.00	0.00	0.00	0.00	0.00	0.00	0.00	0.00	0.00	0.00	0.00	0.00	0.00	0.00	0.00	0.00	0.00	0.00	0.00	0.00	0.00	0.00	0.00	0.00	0.00	0.00	366.75	527.00	565.00	590.25	599.75	597.50	574.00	534.75	457.50	214.00	0.00	0.00	0.00	0.00	0.00	0.00	0.00	0.00	0.00	0.00	0.00	0.00	0.00	0.00	0.00	0.00	0.00	0.00	0.00	0.00	0.00	0.00	0.00	0.00
722.25	724.00	719.50	708.25	698.00	687.25	673.25	649.75	616.00	569.00	508.00	470.50	459.50	475.00	525.00	598.25	658.25	692.25	684.00	653.50	633.50	627.00	633.25	642.50	645.25	631.50	600.50	578.00	555.50	558.50	582.00	626.75	635.75	599.50	519.25	441.75	356.50	317.00	303.50	318.50	332.00	366.00	416.50	462.75	538.25	590.00	629.25	679.00	718.50	745.75	758.00	759.75	752.00	739.00	731.00	729.75	725.00	699.00	669.75	654.00	657.75	668.50	675.00	676.50	659.00	606.50	558.25	540.25	573.00	637.25	692.25	694.25	633.25	537.00	442.00	353.50	303.75	281.75	281.00	287.25	279.75	248.25	223.00	202.00	196.50	198.25	208.50	226.25	265.50	318.50	363.75	417.00	456.50	503.50	590.25	668.25	767.75	840.25	877.25	875.00	843.25	801.50	734.75	680.00	635.00	598.50	546.75	475.00	428.50	415.25	415.00	401.00	354.50	310.00	275.75	250.75	235.75	222.25	213.25	208.25	207.00	205.75	213.50	231.25	263.75	303.00	353.75	403.75	455.25	490.00	518.50	542.00	583.75	651.50	714.25	764.25	782.50	771.00	731.00	697.50	659.75	606.75	561.50	504.00	452.00	430.00	447.50	507.50	588.25	681.75	730.00	757.75	759.25	749.50	735.00	715.75	691.50	663.00	662.00	706.50	761.25	791.25	788.50	763.25	728.25	686.00	653.00	616.00	570.75	507.25	427.75	359.00	295.25	246.00	200.50	164.00	134.25	104.75	87.50	75.25	68.50	65.25	65.75	73.50	83.75	96.00	105.50	110.50	110.25	54.75	0.00	0.00	0.00	0.00	0.00	0.00	0.00	0.00	0.00	0.00	0.00	0.00	0.00	0.00	0.00	0.00	0.00	0.00	0.00	0.00	0.00	0.00	0.00	0.00	0.00	0.00	0.00	0.00	0.00	0.00	0.00	0.00	366.75	527.00	565.00	590.25	599.75	597.50	574.00	534.75	457.50	214.00	0.00	0.00	0.00	0.00	0.00	0.00	0.00	0.00	0.00	0.00	0.00	0.00	0.00	0.00	0.00	0.00	0.00	0.00	0.00	0.00	0.00	0.00	0.00	0.00
727.88	731.12	726.44	713.69	698.38	678.81	654.50	621.06	582.44	537.88	486.25	455.50	452.19	481.00	540.00	621.12	687.50	732.19	741.00	726.25	712.62	706.50	701.69	691.81	672.62	640.69	588.88	542.94	481.44	456.12	455.06	471.31	476.00	459.25	421.19	388.31	364.75	362.75	379.25	411.88	431.00	467.62	523.38	579.00	662.94	714.50	742.12	768.25	789.38	798.81	800.75	800.81	794.94	786.44	782.75	785.81	786.88	771.75	750.94	734.44	720.94	704.12	686.06	679.12	671.38	646.25	627.81	631.75	664.31	707.38	740.06	737.00	685.38	595.12	501.06	415.19	371.06	358.44	375.31	399.94	394.31	339.56	292.75	247.94	225.38	211.19	201.00	201.12	215.25	240.12	264.19	297.19	327.50	367.56	437.62	499.88	579.88	636.81	673.81	686.75	673.94	647.38	595.25	545.75	501.50	467.06	424.88	367.00	324.62	302.94	293.50	279.50	252.88	233.12	220.06	211.56	209.88	213.25	218.50	226.44	232.50	242.31	273.50	323.50	393.88	458.44	521.38	569.88	614.81	640.38	649.56	646.62	660.44	705.31	756.81	796.69	796.56	770.81	720.50	687.00	653.00	603.19	560.19	505.88	454.06	424.38	420.69	453.50	506.31	567.38	595.94	608.12	604.19	593.31	574.69	556.75	536.44	516.19	523.25	570.94	627.56	667.31	685.56	682.06	657.00	606.69	548.00	473.88	412.88	349.19	284.31	238.44	202.06	174.19	147.44	123.88	103.50	83.75	73.44	67.56	66.44	70.69	78.31	91.31	103.44	118.12	128.75	54.25	27.56	13.69	0.00	0.00	0.00	0.00	0.00	0.00	0.00	0.00	0.00	0.00	0.00	0.00	0.00	0.00	0.00	0.00	0.00	0.00	0.00	0.00	0.00	0.00	0.00	0.00	0.00	0.00	0.00	0.00	0.00	0.00	65.62	278.25	407.25	497.00	549.62	581.81	585.88	563.94	504.62	344.25	239.06	104.31	0.00	0.00	0.00	0.00	0.00	0.00	0.00	0.00	0.00	0.00	0.00	0.00	0.00	0.00	0.00	0.00	0.00	0.00	0.00	0.00	0.00	0.00	0.00	0.00
729.75	733.50	728.75	715.50	698.50	676.00	648.25	611.50	571.25	527.50	479.00	450.50	449.75	483.00	545.00	628.75	697.25	745.50	760.00	750.50	739.00	733.00	724.50	708.25	681.75	643.75	585.00	531.25	456.75	422.00	412.75	419.50	422.75	412.50	388.50	370.50	367.50	378.00	404.50	443.00	464.00	501.50	559.00	617.75	704.50	756.00	779.75	798.00	813.00	816.50	815.00	814.50	809.25	802.25	800.00	804.50	807.50	796.00	778.00	761.25	742.00	716.00	689.75	680.00	675.50	659.50	651.00	662.25	694.75	730.75	756.00	751.25	702.75	614.50	520.75	435.75	393.50	384.00	406.75	437.50	432.50	370.00	316.00	263.25	235.00	215.50	198.50	192.75	198.50	214.00	231.00	257.25	284.50	322.25	386.75	443.75	517.25	569.00	606.00	624.00	617.50	596.00	548.75	501.00	457.00	423.25	384.25	331.00	290.00	265.50	253.00	239.00	219.00	207.50	201.50	198.50	201.25	210.25	220.25	232.50	241.00	254.50	293.50	354.25	437.25	510.25	577.25	625.25	668.00	690.50	693.25	681.50	686.00	723.25	771.00	807.50	801.25	770.75	717.00	683.50	650.75	602.00	559.75	506.50	454.75	422.50	411.75	435.50	479.00	529.25	551.25	558.25	552.50	541.25	521.25	503.75	484.75	467.25	477.00	525.75	583.00	626.00	651.25	655.00	633.25	580.25	513.00	426.50	360.25	296.50	236.50	198.25	171.00	150.25	129.75	110.50	93.25	76.75	68.75	65.00	65.75	72.50	82.50	97.25	110.00	125.50	136.50	35.50	0.00	0.00	0.00	0.00	0.00	0.00	0.00	0.00	0.00	0.00	0.00	0.00	0.00	0.00	0.00	0.00	0.00	0.00	0.00	0.00	0.00	0.00	0.00	0.00	0.00	0.00	0.00	0.00	0.00	0.00	0.00	0.00	87.50	371.00	420.75	487.00	544.50	579.00	581.25	552.75	481.50	280.75	166.25	67.75	0.00	0.00	0.00	0.00	0.00	0.00	0.00	0.00	0.00	0.00	0.00	0.00	0.00	0.00	0.00	0.00	0.00	0.00	0.00	0.00	0.00	0.00	0.00	0.00
740.88	744.50	738.62	723.50	703.38	676.00	642.75	599.50	556.00	513.25	469.50	445.88	448.50	484.88	547.75	630.75	698.00	746.75	765.25	759.75	746.25	733.88	709.50	674.75	634.62	592.12	539.38	495.00	434.38	404.00	388.12	382.88	387.62	401.25	419.88	437.50	462.12	479.25	503.38	527.50	537.62	560.75	607.50	660.75	738.38	785.75	808.50	822.88	833.00	833.38	831.50	832.12	829.62	826.50	827.25	832.75	837.25	830.50	816.50	799.38	776.12	745.75	714.50	705.00	709.00	704.25	701.50	710.50	729.75	746.88	753.50	741.12	695.12	614.75	535.25	471.12	445.38	445.88	482.12	528.62	533.50	467.62	404.00	333.25	287.50	252.12	223.12	210.00	204.50	206.50	213.12	227.12	244.25	269.50	314.50	353.50	404.50	442.88	473.12	492.38	493.25	480.25	446.25	409.50	374.00	346.62	318.62	282.00	253.62	236.00	227.00	217.25	208.00	206.50	210.50	217.88	229.12	246.38	261.88	275.38	282.75	300.25	349.50	421.88	513.25	585.62	644.25	680.62	712.50	728.12	725.12	707.75	697.50	716.12	751.50	778.62	764.88	735.00	690.00	666.50	644.00	604.00	565.12	516.50	471.38	441.62	426.00	434.25	458.62	486.75	496.38	496.88	491.25	482.88	465.88	451.62	433.88	414.62	416.00	448.25	492.00	531.62	566.38	583.00	568.75	514.75	440.25	347.00	282.00	226.00	179.00	153.38	137.25	124.62	110.25	95.75	82.38	71.25	68.62	70.12	76.12	86.38	98.50	114.50	127.75	124.50	68.25	17.75	0.00	0.00	0.00	0.00	0.00	0.00	0.00	0.00	0.00	0.00	0.00	0.00	0.00	0.00	0.00	0.00	0.00	0.00	0.00	0.00	0.00	0.00	0.00	0.00	0.00	0.00	0.00	0.00	0.00	0.00	0.00	105.25	192.62	346.75	392.25	459.00	522.50	566.38	570.88	530.25	438.12	193.75	83.12	33.88	0.00	0.00	0.00	0.00	0.00	0.00	0.00	0.00	0.00	0.00	0.00	0.00	0.00	0.00	0.00	0.00	0.00	0.00	0.00	0.00	0.00	0.00	0.00	0.00
752.00	755.50	748.50	731.50	708.25	676.00	637.25	587.50	540.75	499.00	460.00	441.25	447.25	486.75	550.50	632.75	698.75	748.00	770.50	769.00	753.50	734.75	694.50	641.25	587.50	540.50	493.75	458.75	412.00	386.00	363.50	346.25	352.50	390.00	451.25	504.50	556.75	580.50	602.25	612.00	611.25	620.00	656.00	703.75	772.25	815.50	837.25	847.75	853.00	850.25	848.00	849.75	850.00	850.75	854.50	861.00	867.00	865.00	855.00	837.50	810.25	775.50	739.25	730.00	742.50	749.00	752.00	758.75	764.75	763.00	751.00	731.00	687.50	615.00	549.75	506.50	497.25	507.75	557.50	619.75	634.50	565.25	492.00	403.25	340.00	288.75	247.75	227.25	210.50	199.00	195.25	197.00	204.00	216.75	242.25	263.25	291.75	316.75	340.25	360.75	369.00	364.50	343.75	318.00	291.00	270.00	253.00	233.00	217.25	206.50	201.00	195.50	197.00	205.50	219.50	237.25	257.00	282.50	303.50	318.25	324.50	346.00	405.50	489.50	589.25	661.00	711.25	736.00	757.00	765.75	757.00	734.00	709.00	709.00	732.00	749.75	728.50	699.25	663.00	649.50	637.25	606.00	570.50	526.50	488.00	460.75	440.25	433.00	438.25	444.25	441.50	435.50	430.00	424.50	410.50	399.50	383.00	362.00	355.00	370.75	401.00	437.25	481.50	511.00	504.25	449.25	367.50	267.50	203.75	155.50	121.50	108.50	103.50	99.00	90.75	81.00	71.50	65.75	68.50	75.25	86.50	100.25	114.50	131.75	145.50	123.50	0.00	0.00	0.00	0.00	0.00	0.00	0.00	0.00	0.00	0.00	0.00	0.00	0.00	0.00	0.00	0.00	0.00	0.00	0.00	0.00	0.00	0.00	0.00	0.00	0.00	0.00	0.00	0.00	0.00	0.00	0.00	0.00	0.00	210.50	297.75	322.50	363.75	431.00	500.50	553.75	560.50	507.75	394.75	106.75	0.00	0.00	0.00	0.00	0.00	0.00	0.00	0.00	0.00	0.00	0.00	0.00	0.00	0.00	0.00	0.00	0.00	0.00	0.00	0.00	0.00	0.00	0.00	0.00	0.00	0.00
759.94	763.38	755.56	737.56	713.50	680.19	639.38	586.88	538.12	495.75	457.75	439.94	446.00	484.31	545.62	623.75	685.31	729.31	746.88	741.69	722.69	700.44	655.88	601.25	551.38	512.19	479.88	460.38	434.50	418.00	395.31	373.25	377.19	420.25	494.44	556.94	611.38	631.12	646.12	646.69	640.19	642.12	670.56	711.88	771.56	812.25	835.88	850.06	857.62	858.56	858.94	861.50	862.56	863.69	867.00	872.44	877.00	874.62	865.00	849.00	825.25	796.44	766.50	760.12	772.62	776.88	775.25	775.81	775.25	768.19	750.25	725.50	678.06	607.62	550.81	519.25	518.00	532.81	586.75	654.81	677.56	616.94	545.44	450.62	377.88	318.12	274.12	253.81	234.38	218.00	210.12	206.50	208.12	214.50	232.44	247.62	268.56	287.44	305.00	321.06	328.06	324.81	308.56	288.75	268.50	253.00	241.19	227.06	215.56	208.38	205.44	202.12	206.50	218.31	237.75	264.12	291.12	320.56	341.81	353.19	355.75	375.50	433.00	512.88	604.88	668.62	711.69	731.44	749.00	756.00	748.88	727.88	701.31	696.75	716.31	733.44	715.56	691.12	663.69	656.75	650.44	623.56	589.50	547.00	512.06	488.81	470.50	461.12	461.44	461.25	456.06	449.81	445.31	440.75	425.44	411.12	390.75	364.25	348.50	350.94	369.88	399.44	439.69	468.00	461.94	410.25	334.25	242.75	185.00	141.69	111.50	100.19	96.12	92.56	86.06	78.75	71.88	69.69	75.25	84.94	97.50	111.62	125.75	144.38	121.25	92.62	0.00	0.00	0.00	0.00	0.00	0.00	0.00	0.00	0.00	0.00	0.00	0.00	0.00	0.00	0.00	0.00	0.00	0.00	0.00	0.00	0.00	0.00	0.00	0.00	0.00	0.00	0.00	0.00	0.00	0.00	0.00	29.38	59.19	219.31	288.69	310.75	347.56	411.31	481.38	539.81	544.56	474.00	360.56	95.94	0.00	0.00	0.00	0.00	0.00	0.00	0.00	0.00	0.00	0.00	0.00	0.00	0.00	0.00	0.00	0.00	0.00	0.00	0.00	0.00	0.00	0.00	0.00	0.00	0.00	0.00
783.75	787.00	776.75	755.75	729.25	692.75	645.75	585.00	530.25	486.00	451.00	436.00	442.25	477.00	531.00	596.75	645.00	673.25	676.00	659.75	630.25	597.50	540.00	481.25	443.00	427.25	438.25	465.25	502.00	514.00	490.75	454.25	451.25	511.00	624.00	714.25	775.25	783.00	777.75	750.75	727.00	708.50	714.25	736.25	769.50	802.50	831.75	857.00	871.50	883.50	891.75	896.75	900.25	902.50	904.50	906.75	907.00	903.50	895.00	883.50	870.25	859.25	848.25	850.50	863.00	860.50	845.00	827.00	806.75	783.75	748.00	709.00	649.75	585.50	554.00	557.50	580.25	608.00	674.50	760.00	806.75	772.00	705.75	592.75	491.50	406.25	353.25	333.50	306.00	275.00	254.75	235.00	220.50	207.75	203.00	200.75	199.00	199.50	199.25	202.00	205.25	205.75	203.00	201.00	201.00	202.00	205.75	209.25	210.50	214.00	218.75	222.00	235.00	256.75	292.50	344.75	393.50	434.75	456.75	458.00	449.50	464.00	515.50	583.00	651.75	691.50	713.00	717.75	725.00	726.75	724.50	709.50	678.25	660.00	669.25	684.50	676.75	666.75	665.75	678.50	690.00	676.25	646.50	608.50	584.25	573.00	561.25	545.50	531.00	512.25	499.75	492.75	491.25	489.50	470.25	446.00	414.00	371.00	329.00	291.50	276.50	286.00	314.25	339.00	335.00	293.25	234.50	168.50	128.75	100.25	81.50	75.25	74.00	73.25	72.00	72.00	73.00	81.50	95.50	114.00	130.50	145.75	159.50	182.25	48.50	0.00	0.00	0.00	0.00	0.00	0.00	0.00	0.00	0.00	0.00	0.00	0.00	0.00	0.00	0.00	0.00	0.00	0.00	0.00	0.00	0.00	0.00	0.00	0.00	0.00	0.00	0.00	0.00	0.00	0.00	0.00	0.00	117.50	236.75	245.75	261.50	275.50	299.00	352.25	424.00	498.00	496.75	372.75	258.00	63.50	0.00	0.00	0.00	0.00	0.00	0.00	0.00	0.00	0.00	0.00	0.00	0.00	0.00	0.00	0.00	0.00	0.00	0.00	0.00	0.00	0.00	0.00	0.00	0.00	0.00	0.00
783.75	787.00	776.75	755.75	729.25	692.75	645.75	585.00	530.25	486.00	451.00	436.00	442.25	477.00	531.00	596.75	645.00	673.25	676.00	659.75	630.25	597.50	540.00	481.25	443.00	427.25	438.25	465.25	502.00	514.00	490.75	454.25	451.25	511.00	624.00	714.25	775.25	783.00	777.75	750.75	727.00	708.50	714.25	736.25	769.50	802.50	831.75	857.00	871.50	883.50	891.75	896.75	900.25	902.50	904.50	906.75	907.00	903.50	895.00	883.50	870.25	859.25	848.25	850.50	863.00	860.50	845.00	827.00	806.75	783.75	748.00	709.00	649.75	585.50	554.00	557.50	580.25	608.00	674.50	760.00	806.75	772.00	705.75	592.75	491.50	406.25	353.25	333.50	306.00	275.00	254.75	235.00	220.50	207.75	203.00	200.75	199.00	199.50	199.25	202.00	205.25	205.75	203.00	201.00	201.00	202.00	205.75	209.25	210.50	214.00	218.75	222.00	235.00	256.75	292.50	344.75	393.50	434.75	456.75	458.00	449.50	464.00	515.50	583.00	651.75	691.50	713.00	717.75	725.00	726.75	724.50	709.50	678.25	660.00	669.25	684.50	676.75	666.75	665.75	678.50	690.00	676.25	646.50	608.50	584.25	573.00	561.25	545.50	531.00	512.25	499.75	492.75	491.25	489.50	470.25	446.00	414.00	371.00	329.00	291.50	276.50	286.00	314.25	339.00	335.00	293.25	234.50	168.50	128.75	100.25	81.50	75.25	74.00	73.25	72.00	72.00	73.00	81.50	95.50	114.00	130.50	145.75	159.50	182.25	48.50	0.00	0.00	0.00	0.00	0.00	0.00	0.00	0.00	0.00	0.00	0.00	0.00	0.00	0.00	0.00	0.00	0.00	0.00	0.00	0.00	0.00	0.00	0.00	0.00	0.00	0.00	0.00	0.00	0.00	0.00	0.00	0.00	117.50	236.75	245.75	261.50	275.50	299.00	352.25	424.00	498.00	496.75	372.75	258.00	63.50	0.00	0.00	0.00	0.00	0.00	0.00	0.00	0.00	0.00	0.00	0.00	0.00	0.00	0.00	0.00	0.00	0.00	0.00	0.00	0.00	0.00	0.00	0.00	0.00	0.00	0.00
797.38	802.25	793.38	773.88	748.75	712.00	662.50	596.25	537.12	490.00	453.50	437.88	440.88	466.62	508.75	556.38	587.00	596.88	584.00	561.38	537.25	516.00	484.88	462.12	460.50	478.88	524.00	570.62	623.75	636.25	605.50	546.50	522.75	562.25	662.12	745.00	801.62	810.50	804.62	781.38	762.88	747.50	748.88	762.12	786.00	821.50	847.75	872.50	889.50	904.12	914.88	921.50	925.50	926.88	926.50	926.00	923.50	917.50	909.50	900.75	891.62	887.88	894.00	898.50	902.75	893.50	877.00	858.50	834.75	804.62	759.00	710.12	642.88	580.75	557.62	568.75	593.75	623.75	689.38	775.75	834.25	830.25	780.75	668.38	559.25	470.50	427.12	419.38	393.25	352.88	322.25	289.62	264.25	239.50	221.88	214.88	210.62	210.00	206.88	206.62	210.50	213.25	213.00	213.00	216.50	221.12	228.75	234.88	236.38	238.62	242.88	246.25	260.00	289.38	341.75	420.25	490.12	540.75	558.62	546.38	525.25	526.75	560.12	605.12	649.75	677.75	697.50	706.25	714.12	715.88	714.12	697.25	669.12	656.88	673.50	701.50	711.62	709.62	715.62	732.25	748.00	741.62	717.38	685.00	667.75	666.38	665.38	657.50	644.88	623.50	609.12	600.38	595.50	587.00	550.62	505.25	454.50	394.88	336.00	278.12	244.12	235.50	242.38	251.50	244.50	214.62	175.25	130.25	101.38	80.88	68.00	66.50	71.62	77.50	82.25	86.75	92.62	105.50	122.25	141.88	158.12	172.38	188.50	152.62	24.25	0.00	0.00	0.00	0.00	0.00	0.00	0.00	0.00	0.00	0.00	0.00	0.00	0.00	0.00	0.00	0.00	0.00	0.00	0.00	0.00	0.00	0.00	0.00	0.00	0.00	0.00	0.00	0.00	0.00	0.00	0.00	72.62	153.88	214.25	222.75	237.00	247.25	266.25	314.00	382.00	458.00	427.25	219.75	129.00	31.75	0.00	0.00	0.00	0.00	0.00	0.00	0.00	0.00	0.00	0.00	0.00	0.00	0.00	0.00	0.00	0.00	0.00	0.00	0.00	0.00	0.00	0.00	0.00	0.00	0.00	0.00
811.00	817.50	810.00	792.00	768.25	731.25	679.25	607.50	544.00	494.00	456.00	439.75	439.50	456.25	486.50	516.00	529.00	520.50	492.00	463.00	444.25	434.50	429.75	443.00	478.00	530.50	609.75	676.00	745.50	758.50	720.25	638.75	594.25	613.50	700.25	775.75	828.00	838.00	831.50	812.00	798.75	786.50	783.50	788.00	802.50	840.50	863.75	888.00	907.50	924.75	938.00	946.25	950.75	951.25	948.50	945.25	940.00	931.50	924.00	918.00	913.00	916.50	939.75	946.50	942.50	926.50	909.00	890.00	862.75	825.50	770.00	711.25	636.00	576.00	561.25	580.00	607.25	639.50	704.25	791.50	861.75	888.50	855.75	744.00	627.00	534.75	501.00	505.25	480.50	430.75	389.75	344.25	308.00	271.25	240.75	229.00	222.25	220.50	214.50	211.25	215.75	220.75	223.00	225.00	232.00	240.25	251.75	260.50	262.25	263.25	267.00	270.50	285.00	322.00	391.00	495.75	586.75	646.75	660.50	634.75	601.00	589.50	604.75	627.25	647.75	664.00	682.00	694.75	703.25	705.00	703.75	685.00	660.00	653.75	677.75	718.50	746.50	752.50	765.50	786.00	806.00	807.00	788.25	761.50	751.25	759.75	769.50	769.50	758.75	734.75	718.50	708.00	699.75	684.50	631.00	564.50	495.00	418.75	343.00	264.75	211.75	185.00	170.50	164.00	154.00	136.00	116.00	92.00	74.00	61.50	54.50	57.75	69.25	81.75	92.50	101.50	112.25	129.50	149.00	169.75	185.75	199.00	217.50	123.00	0.00	0.00	0.00	0.00	0.00	0.00	0.00	0.00	0.00	0.00	0.00	0.00	0.00	0.00	0.00	0.00	0.00	0.00	0.00	0.00	0.00	0.00	0.00	0.00	0.00	0.00	0.00	0.00	0.00	0.00	0.00	0.00	145.25	190.25	191.75	199.75	212.50	219.00	233.50	275.75	340.00	418.00	357.75	66.75	0.00	0.00	0.00	0.00	0.00	0.00	0.00	0.00	0.00	0.00	0.00	0.00	0.00	0.00	0.00	0.00	0.00	0.00	0.00	0.00	0.00	0.00	0.00	0.00	0.00	0.00	0.00	0.00
817.19	824.38	817.88	801.44	778.94	741.94	688.81	614.81	551.06	502.50	465.12	448.50	446.88	459.06	482.38	500.94	506.44	496.94	476.00	460.56	460.56	465.56	476.44	499.12	538.12	589.25	659.50	715.56	771.31	777.88	737.56	654.62	605.06	613.62	690.00	760.88	814.19	828.38	828.88	816.00	806.81	799.00	798.69	804.06	819.06	852.62	875.06	899.56	919.25	937.25	950.81	958.75	962.88	962.50	958.31	953.19	946.12	936.00	927.81	922.25	918.62	922.62	944.94	950.12	942.12	923.00	905.25	884.94	853.38	810.75	752.62	696.12	629.25	578.88	570.69	592.12	616.62	643.25	702.88	786.56	857.69	888.62	858.00	749.75	641.00	562.00	542.88	556.75	533.88	475.19	423.12	368.12	328.25	287.38	252.62	239.19	232.88	234.88	237.38	245.75	259.69	269.62	275.88	279.12	285.50	292.12	298.81	299.56	293.31	286.94	285.25	284.62	297.62	336.62	409.31	519.44	615.19	677.62	691.62	664.88	630.62	617.12	626.81	640.62	652.88	666.75	686.81	703.00	713.81	717.38	716.00	695.88	670.75	667.62	695.19	738.69	771.00	777.81	789.06	807.25	826.44	831.00	817.00	795.25	787.31	794.31	801.56	800.75	788.38	761.56	741.62	723.31	708.19	687.56	626.94	552.44	476.31	394.56	317.75	243.19	194.62	171.56	158.44	152.00	142.19	125.06	106.25	84.00	68.31	58.50	55.31	62.88	79.00	94.25	106.06	115.38	126.56	144.88	164.69	185.81	202.44	217.50	219.00	92.25	0.00	0.00	0.00	0.00	0.00	0.00	0.00	0.00	0.00	0.00	0.00	0.00	0.00	0.00	0.00	0.00	0.00	0.00	0.00	0.00	0.00	0.00	0.00	0.00	0.00	0.00	0.00	16.88	64.06	56.25	48.38	41.50	147.00	179.56	181.19	188.56	200.06	206.25	219.50	259.12	321.50	397.94	340.81	63.19	0.00	0.00	0.00	0.00	0.00	0.00	0.00	0.00	0.00	0.00	0.00	0.00	0.00	0.00	0.00	0.00	0.00	0.00	0.00	0.00	0.00	0.00	0.00	0.00	0.00	0.00	0.88	2.88
835.75	845.00	841.50	829.75	811.00	774.00	717.50	636.75	572.25	528.00	492.50	474.75	469.00	467.50	470.00	455.75	438.75	426.25	428.00	453.25	509.50	558.75	616.50	667.50	718.50	765.50	808.75	834.25	848.75	836.00	789.50	702.25	637.50	614.00	659.25	716.25	772.75	799.50	821.00	828.00	831.00	836.50	844.25	852.25	868.75	889.00	909.00	934.25	954.50	974.75	989.25	996.25	999.25	996.25	987.75	977.00	964.50	949.50	939.25	935.00	935.50	941.00	960.50	961.00	941.00	912.50	894.00	869.75	825.25	766.50	700.50	650.75	609.00	587.50	599.00	628.50	644.75	654.50	698.75	771.75	845.50	889.00	864.75	767.00	683.00	643.75	668.50	711.25	694.00	608.50	523.25	439.75	389.00	335.75	288.25	269.75	264.75	278.00	306.00	349.25	391.50	416.25	434.50	441.50	446.00	447.75	440.00	416.75	386.50	358.00	340.00	327.00	335.50	380.50	464.25	590.50	700.50	770.25	785.00	755.25	719.50	700.00	693.00	680.75	668.25	675.00	701.25	727.75	745.50	754.50	752.75	728.50	703.00	709.25	747.50	799.25	844.50	853.75	859.75	871.00	887.75	903.00	903.25	896.50	895.50	898.00	897.75	894.50	877.25	842.00	811.00	769.25	733.50	696.75	614.75	516.25	420.25	322.00	242.00	178.50	143.25	131.25	122.25	116.00	106.75	92.25	77.00	60.00	51.25	49.50	57.75	78.25	108.25	131.75	146.75	157.00	169.50	191.00	211.75	234.00	252.50	273.00	223.50	0.00	0.00	0.00	0.00	0.00	0.00	0.00	0.00	0.00	0.00	0.00	0.00	0.00	0.00	0.00	0.00	0.00	0.00	0.00	0.00	0.00	0.00	0.00	0.00	0.00	0.00	0.00	0.00	67.50	256.25	225.00	193.50	166.00	152.25	147.50	149.50	155.00	162.75	168.00	177.50	209.25	266.00	337.75	290.00	52.50	0.00	0.00	0.00	0.00	0.00	0.00	0.00	0.00	0.00	0.00	0.00	0.00	0.00	0.00	0.00	0.00	0.00	0.00	0.00	0.00	0.00	0.00	0.00	0.00	0.00	0.00	3.50	11.50
835.75	845.00	841.50	829.75	811.00	774.00	717.50	636.75	572.25	528.00	492.50	474.75	469.00	467.50	470.00	455.75	438.75	426.25	428.00	453.25	509.50	558.75	616.50	667.50	718.50	765.50	808.75	834.25	848.75	836.00	789.50	702.25	637.50	614.00	659.25	716.25	772.75	799.50	821.00	828.00	831.00	836.50	844.25	852.25	868.75	889.00	909.00	934.25	954.50	974.75	989.25	996.25	999.25	996.25	987.75	977.00	964.50	949.50	939.25	935.00	935.50	941.00	960.50	961.00	941.00	912.50	894.00	869.75	825.25	766.50	700.50	650.75	609.00	587.50	599.00	628.50	644.75	654.50	698.75	771.75	845.50	889.00	864.75	767.00	683.00	643.75	668.50	711.25	694.00	608.50	523.25	439.75	389.00	335.75	288.25	269.75	264.75	278.00	306.00	349.25	391.50	416.25	434.50	441.50	446.00	447.75	440.00	416.75	386.50	358.00	340.00	327.00	335.50	380.50	464.25	590.50	700.50	770.25	785.00	755.25	719.50	700.00	693.00	680.75	668.25	675.00	701.25	727.75	745.50	754.50	752.75	728.50	703.00	709.25	747.50	799.25	844.50	853.75	859.75	871.00	887.75	903.00	903.25	896.50	895.50	898.00	897.75	894.50	877.25	842.00	811.00	769.25	733.50	696.75	614.75	516.25	420.25	322.00	242.00	178.50	143.25	131.25	122.25	116.00	106.75	92.25	77.00	60.00	51.25	49.50	57.75	78.25	108.25	131.75	146.75	157.00	169.50	191.00	211.75	234.00	252.50	273.00	223.50	0.00	0.00	0.00	0.00	0.00	0.00	0.00	0.00	0.00	0.00	0.00	0.00	0.00	0.00	0.00	0.00	0.00	0.00	0.00	0.00	0.00	0.00	0.00	0.00	0.00	0.00	0.00	0.00	67.50	256.25	225.00	193.50	166.00	152.25	147.50	149.50	155.00	162.75	168.00	177.50	209.25	266.00	337.75	290.00	52.50	0.00	0.00	0.00	0.00	0.00	0.00	0.00	0.00	0.00	0.00	0.00	0.00	0.00	0.00	0.00	0.00	0.00	0.00	0.00	0.00	0.00	0.00	0.00	0.00	0.00	0.00	3.50	11.50
850.00	855.88	850.69	834.25	810.06	768.75	713.38	643.50	590.62	552.75	519.50	503.25	496.38	494.50	492.12	470.19	457.12	471.25	515.38	579.44	657.62	716.44	762.94	787.12	801.19	816.50	834.81	841.94	837.31	819.12	775.81	703.00	659.44	658.62	710.06	760.69	803.31	819.75	835.25	845.44	852.75	863.88	877.44	889.56	907.94	926.12	944.81	968.38	986.38	1004.38	1017.56	1023.25	1024.38	1019.69	1008.38	994.81	978.75	960.38	948.81	942.88	938.69	936.88	946.62	937.38	902.38	855.12	821.06	785.94	740.12	697.50	668.62	653.94	643.69	642.25	662.00	690.19	702.12	710.75	748.81	811.12	866.50	875.12	836.25	758.00	720.12	730.56	770.12	796.38	749.12	631.56	526.06	431.88	386.38	348.50	321.25	321.69	353.25	407.19	482.25	568.06	633.56	665.25	680.50	681.50	676.44	661.69	632.00	581.75	523.56	459.62	411.25	377.25	366.62	396.44	459.38	556.00	646.69	717.75	750.31	755.44	758.12	763.19	757.31	730.62	701.62	705.38	740.44	779.12	803.81	812.62	809.19	786.62	764.31	763.06	783.31	812.94	840.38	847.19	854.88	866.12	885.69	905.25	907.75	902.12	892.12	883.00	867.75	852.12	829.81	792.50	754.94	688.62	618.38	557.06	464.00	376.75	297.25	224.69	177.50	148.69	135.19	132.75	123.75	110.94	95.88	78.56	65.00	53.62	51.62	59.44	79.50	108.25	140.88	164.38	181.62	197.50	218.06	245.38	269.31	293.06	312.88	338.06	199.50	0.00	0.00	0.00	0.00	0.00	0.00	0.00	0.00	0.00	0.00	0.00	0.00	0.00	0.00	0.00	0.00	0.00	0.00	0.00	0.00	0.00	0.00	0.00	0.00	0.00	168.75	333.19	326.81	329.62	354.88	313.12	258.38	202.75	165.75	138.12	131.31	130.25	131.25	129.75	134.56	161.06	163.25	132.44	107.75	16.50	0.00	0.00	0.00	0.00	0.00	0.00	0.00	0.00	0.00	0.00	0.00	0.00	0.00	0.00	0.00	0.00	0.00	0.00	0.00	0.00	0.00	0.00	0.00	0.00	14.25	24.94	34.44	42.92
854.75	859.50	853.75	835.75	809.75	767.00	712.00	645.75	596.75	561.00	528.50	512.75	505.50	503.50	499.50	475.00	463.25	486.25	544.50	621.50	707.00	769.00	811.75	827.00	828.75	833.50	843.50	844.50	833.50	813.50	771.25	703.25	666.75	673.50	727.00	775.50	813.50	826.50	840.00	851.25	860.00	873.00	888.50	902.00	921.00	938.50	956.75	979.75	997.00	1014.25	1027.00	1032.25	1032.75	1027.50	1015.25	1000.75	983.50	964.00	952.00	945.50	939.75	935.50	942.00	929.50	889.50	836.00	796.75	758.00	711.75	674.50	658.00	655.00	655.25	660.50	683.00	710.75	721.25	729.50	765.50	824.25	873.50	870.50	826.75	755.00	732.50	759.50	804.00	824.75	767.50	639.25	527.00	429.25	385.50	352.75	332.25	339.00	382.75	450.25	541.00	641.00	714.25	748.25	762.50	761.50	753.25	733.00	696.00	636.75	569.25	493.50	435.00	394.00	377.00	401.75	457.75	544.50	628.75	700.25	738.75	755.50	771.00	784.25	778.75	747.25	712.75	715.50	753.50	796.25	823.25	832.00	828.00	806.00	784.75	781.00	795.25	817.50	839.00	845.00	853.25	864.50	885.00	906.00	909.25	904.00	891.00	878.00	857.75	838.00	814.00	776.00	736.25	661.75	580.00	510.50	413.75	330.25	256.25	192.25	156.00	138.75	132.50	133.25	124.25	109.25	92.25	74.00	61.00	51.50	51.75	62.75	86.75	118.25	151.75	175.25	193.25	211.00	234.25	263.50	288.50	312.75	333.00	359.75	191.50	0.00	0.00	0.00	0.00	0.00	0.00	0.00	0.00	0.00	0.00	0.00	0.00	0.00	0.00	0.00	0.00	0.00	0.00	0.00	0.00	0.00	0.00	0.00	0.00	0.00	225.00	444.25	435.75	417.00	387.75	342.50	280.00	215.00	170.25	135.00	125.25	122.00	120.75	117.00	120.25	145.00	129.00	64.00	47.00	4.50	0.00	0.00	0.00	0.00	0.00	0.00	0.00	0.00	0.00	0.00	0.00	0.00	0.00	0.00	0.00	0.00	0.00	0.00	0.00	0.00	0.00	0.00	0.00	0.00	19.00	33.25	44.75	56.00
854.75	859.50	853.75	835.75	809.75	767.00	712.00	645.75	596.75	561.00	528.50	512.75	505.50	503.50	499.50	475.00	463.25	486.25	544.50	621.50	707.00	769.00	811.75	827.00	828.75	833.50	843.50	844.50	833.50	813.50	771.25	703.25	666.75	673.50	727.00	775.50	813.50	826.50	840.00	851.25	860.00	873.00	888.50	902.00	921.00	938.50	956.75	979.75	997.00	1014.25	1027.00	1032.25	1032.75	1027.50	1015.25	1000.75	983.50	964.00	952.00	945.50	939.75	935.50	942.00	929.50	889.50	836.00	796.75	758.00	711.75	674.50	658.00	655.00	655.25	660.50	683.00	710.75	721.25	729.50	765.50	824.25	873.50	870.50	826.75	755.00	732.50	759.50	804.00	824.75	767.50	639.25	527.00	429.25	385.50	352.75	332.25	339.00	382.75	450.25	541.00	641.00	714.25	748.25	762.50	761.50	753.25	733.00	696.00	636.75	569.25	493.50	435.00	394.00	377.00	401.75	457.75	544.50	628.75	700.25	738.75	755.50	771.00	784.25	778.75	747.25	712.75	715.50	753.50	796.25	823.25	832.00	828.00	806.00	784.75	781.00	795.25	817.50	839.00	845.00	853.25	864.50	885.00	906.00	909.25	904.00	891.00	878.00	857.75	838.00	814.00	776.00	736.25	661.75	580.00	510.50	413.75	330.25	256.25	192.25	156.00	138.75	132.50	133.25	124.25	109.25	92.25	74.00	61.00	51.50	51.75	62.75	86.75	118.25	151.75	175.25	193.25	211.00	234.25	263.50	288.50	312.75	333.00	359.75	191.50	0.00	0.00	0.00	0.00	0.00	0.00	0.00	0.00	0.00	0.00	0.00	0.00	0.00	0.00	0.00	0.00	0.00	0.00	0.00	0.00	0.00	0.00	0.00	0.00	0.00	225.00	444.25	435.75	417.00	387.75	342.50	280.00	215.00	170.25	135.00	125.25	122.00	120.75	117.00	120.25	145.00	129.00	64.00	47.00	4.50	0.00	0.00	0.00	0.00	0.00	0.00	0.00	0.00	0.00	0.00	0.00	0.00	0.00	0.00	0.00	0.00	0.00	0.00	0.00	0.00	0.00	0.00	0.00	0.00	19.00	33.25	44.75	56.00
854.75	859.50	853.75	835.75	809.75	767.00	712.00	645.75	596.75	561.00	528.50	512.75	505.50	503.50	499.50	475.00	463.25	486.25	544.50	621.50	707.00	769.00	811.75	827.00	828.75	833.50	843.50	844.50	833.50	813.50	771.25	703.25	666.75	673.50	727.00	775.50	813.50	826.50	840.00	851.25	860.00	873.00	888.50	902.00	921.00	938.50	956.75	979.75	997.00	1014.25	1027.00	1032.25	1032.75	1027.50	1015.25	1000.75	983.50	964.00	952.00	945.50	939.75	935.50	942.00	929.50	889.50	836.00	796.75	758.00	711.75	674.50	658.00	655.00	655.25	660.50	683.00	710.75	721.25	729.50	765.50	824.25	873.50	870.50	826.75	755.00	732.50	759.50	804.00	824.75	767.50	639.25	527.00	429.25	385.50	352.75	332.25	339.00	382.75	450.25	541.00	641.00	714.25	748.25	762.50	761.50	753.25	733.00	696.00	636.75	569.25	493.50	435.00	394.00	377.00	401.75	457.75	544.50	628.75	700.25	738.75	755.50	771.00	784.25	778.75	747.25	712.75	715.50	753.50	796.25	823.25	832.00	828.00	806.00	784.75	781.00	795.25	817.50	839.00	845.00	853.25	864.50	885.00	906.00	909.25	904.00	891.00	878.00	857.75	838.00	814.00	776.00	736.25	661.75	580.00	510.50	413.75	330.25	256.25	192.25	156.00	138.75	132.50	133.25	124.25	109.25	92.25	74.00	61.00	51.50	51.75	62.75	86.75	118.25	151.75	175.25	193.25	211.00	234.25	263.50	288.50	312.75	333.00	359.75	191.50	0.00	0.00	0.00	0.00	0.00	0.00	0.00	0.00	0.00	0.00	0.00	0.00	0.00	0.00	0.00	0.00	0.00	0.00	0.00	0.00	0.00	0.00	0.00	0.00	0.00	225.00	444.25	435.75	417.00	387.75	342.50	280.00	215.00	170.25	135.00	125.25	122.00	120.75	117.00	120.25	145.00	129.00	64.00	47.00	4.50	0.00	0.00	0.00	0.00	0.00	0.00	0.00	0.00	0.00	0.00	0.00	0.00	0.00	0.00	0.00	0.00	0.00	0.00	0.00	0.00	0.00	0.00	0.00	0.00	19.00	33.25	44.75	56.00
854.75	859.50	853.75	835.75	809.75	767.00	712.00	645.75	596.75	561.00	528.50	512.75	505.50	503.50	499.50	475.00	463.25	486.25	544.50	621.50	707.00	769.00	811.75	827.00	828.75	833.50	843.50	844.50	833.50	813.50	771.25	703.25	666.75	673.50	727.00	775.50	813.50	826.50	840.00	851.25	860.00	873.00	888.50	902.00	921.00	938.50	956.75	979.75	997.00	1014.25	1027.00	1032.25	1032.75	1027.50	1015.25	1000.75	983.50	964.00	952.00	945.50	939.75	935.50	942.00	929.50	889.50	836.00	796.75	758.00	711.75	674.50	658.00	655.00	655.25	660.50	683.00	710.75	721.25	729.50	765.50	824.25	873.50	870.50	826.75	755.00	732.50	759.50	804.00	824.75	767.50	639.25	527.00	429.25	385.50	352.75	332.25	339.00	382.75	450.25	541.00	641.00	714.25	748.25	762.50	761.50	753.25	733.00	696.00	636.75	569.25	493.50	435.00	394.00	377.00	401.75	457.75	544.50	628.75	700.25	738.75	755.50	771.00	784.25	778.75	747.25	712.75	715.50	753.50	796.25	823.25	832.00	828.00	806.00	784.75	781.00	795.25	817.50	839.00	845.00	853.25	864.50	885.00	906.00	909.25	904.00	891.00	878.00	857.75	838.00	814.00	776.00	736.25	661.75	580.00	510.50	413.75	330.25	256.25	192.25	156.00	138.75	132.50	133.25	124.25	109.25	92.25	74.00	61.00	51.50	51.75	62.75	86.75	118.25	151.75	175.25	193.25	211.00	234.25	263.50	288.50	312.75	333.00	359.75	191.50	0.00	0.00	0.00	0.00	0.00	0.00	0.00	0.00	0.00	0.00	0.00	0.00	0.00	0.00	0.00	0.00	0.00	0.00	0.00	0.00	0.00	0.00	0.00	0.00	0.00	225.00	444.25	435.75	417.00	387.75	342.50	280.00	215.00	170.25	135.00	125.25	122.00	120.75	117.00	120.25	145.00	129.00	64.00	47.00	4.50	0.00	0.00	0.00	0.00	0.00	0.00	0.00	0.00	0.00	0.00	0.00	0.00	0.00	0.00	0.00	0.00	0.00	0.00	0.00	0.00	0.00	0.00	0.00	0.00	19.00	33.25	44.75	56.00
853.25	849.50	836.25	814.50	785.25	744.75	704.50	654.75	618.25	593.50	569.50	559.50	556.75	558.25	558.00	547.50	549.00	587.75	665.00	750.00	828.25	870.00	888.25	884.50	875.00	870.75	872.00	868.75	851.25	822.50	775.25	719.50	709.25	745.50	808.00	848.75	863.25	852.50	857.00	867.25	876.75	891.50	911.50	929.00	952.25	972.00	990.75	1012.75	1026.50	1039.75	1049.25	1052.75	1050.75	1043.75	1030.25	1015.75	998.00	976.50	962.75	953.25	947.00	945.50	943.75	926.00	885.50	831.50	792.00	754.50	716.00	695.75	710.75	731.00	739.25	749.00	771.00	795.25	803.25	809.00	835.25	877.75	902.50	875.00	823.25	757.75	739.50	756.00	770.50	757.25	685.00	566.50	473.25	397.75	370.00	358.50	366.00	402.25	495.25	610.25	740.50	858.00	924.00	945.25	941.50	929.50	913.50	885.25	843.75	781.50	708.25	616.75	538.00	476.50	425.50	413.75	433.75	484.25	552.25	635.25	703.50	764.00	815.00	847.00	846.75	814.00	778.00	782.00	824.75	872.00	900.25	905.00	894.75	875.00	854.00	837.50	827.50	819.00	807.00	799.25	797.25	800.50	811.75	832.00	845.25	850.00	834.75	808.00	768.25	735.50	700.00	646.00	588.75	488.00	386.50	312.25	234.25	186.00	148.75	122.25	118.00	128.50	136.75	136.50	119.50	97.25	76.25	58.75	48.50	44.00	54.75	79.75	120.00	161.25	198.75	227.00	260.50	303.00	347.25	385.25	407.00	420.00	428.50	219.50	0.00	0.00	0.00	0.00	0.00	0.00	0.00	0.00	0.00	0.00	0.00	0.00	0.00	0.00	0.00	0.00	0.00	0.00	0.00	0.00	0.00	0.00	0.00	259.50	535.75	549.25	558.50	570.00	567.25	548.25	514.75	463.50	383.25	286.25	209.00	134.75	104.00	88.75	79.50	69.00	41.75	34.00	17.50	0.00	0.00	0.00	0.00	0.00	0.00	0.00	0.00	0.00	0.00	0.00	0.00	0.00	25.75	48.25	19.00	0.00	0.00	0.00	0.00	0.00	0.00	1.50	15.75	20.00	26.25	40.25	65.75	80.00	89.75	102.50
853.25	849.50	836.25	814.50	785.25	744.75	704.50	654.75	618.25	593.50	569.50	559.50	556.75	558.25	558.00	547.50	549.00	587.75	665.00	750.00	828.25	870.00	888.25	884.50	875.00	870.75	872.00	868.75	851.25	822.50	775.25	719.50	709.25	745.50	808.00	848.75	863.25	852.50	857.00	867.25	876.75	891.50	911.50	929.00	952.25	972.00	990.75	1012.75	1026.50	1039.75	1049.25	1052.75	1050.75	1043.75	1030.25	1015.75	998.00	976.50	962.75	953.25	947.00	945.50	943.75	926.00	885.50	831.50	792.00	754.50	716.00	695.75	710.75	731.00	739.25	749.00	771.00	795.25	803.25	809.00	835.25	877.75	902.50	875.00	823.25	757.75	739.50	756.00	770.50	757.25	685.00	566.50	473.25	397.75	370.00	358.50	366.00	402.25	495.25	610.25	740.50	858.00	924.00	945.25	941.50	929.50	913.50	885.25	843.75	781.50	708.25	616.75	538.00	476.50	425.50	413.75	433.75	484.25	552.25	635.25	703.50	764.00	815.00	847.00	846.75	814.00	778.00	782.00	824.75	872.00	900.25	905.00	894.75	875.00	854.00	837.50	827.50	819.00	807.00	799.25	797.25	800.50	811.75	832.00	845.25	850.00	834.75	808.00	768.25	735.50	700.00	646.00	588.75	488.00	386.50	312.25	234.25	186.00	148.75	122.25	118.00	128.50	136.75	136.50	119.50	97.25	76.25	58.75	48.50	44.00	54.75	79.75	120.00	161.25	198.75	227.00	260.50	303.00	347.25	385.25	407.00	420.00	428.50	219.50	0.00	0.00	0.00	0.00	0.00	0.00	0.00	0.00	0.00	0.00	0.00	0.00	0.00	0.00	0.00	0.00	0.00	0.00	0.00	0.00	0.00	0.00	0.00	259.50	535.75	549.25	558.50	570.00	567.25	548.25	514.75	463.50	383.25	286.25	209.00	134.75	104.00	88.75	79.50	69.00	41.75	34.00	17.50	0.00	0.00	0.00	0.00	0.00	0.00	0.00	0.00	0.00	0.00	0.00	0.00	0.00	25.75	48.25	19.00	0.00	0.00	0.00	0.00	0.00	0.00	1.50	15.75	20.00	26.25	40.25	65.75	80.00	89.75	102.50
845.75	839.00	824.62	803.12	775.25	738.25	704.75	662.12	630.62	610.00	590.25	583.38	584.50	591.00	595.12	590.88	594.50	631.12	704.00	782.00	851.50	883.88	896.38	891.62	883.75	880.00	878.88	874.62	857.12	827.25	780.00	730.88	726.75	765.75	824.50	859.88	869.12	857.00	859.62	868.62	877.38	892.75	913.38	932.00	957.50	978.75	998.00	1019.38	1032.50	1044.25	1052.50	1055.00	1052.38	1045.00	1031.75	1017.75	1000.75	979.50	965.25	954.88	949.38	950.38	947.38	931.50	897.50	852.50	819.88	788.75	756.12	739.38	753.75	771.38	776.38	784.75	805.50	828.12	835.38	839.75	860.38	895.25	913.62	887.00	837.62	765.88	727.25	713.62	702.62	680.75	619.50	525.75	452.75	392.00	368.75	360.50	370.00	406.75	501.12	617.12	747.62	862.62	926.38	947.38	945.62	937.25	925.50	899.62	858.25	796.88	726.00	637.12	559.75	496.75	438.25	416.88	428.25	473.00	540.75	630.38	708.75	778.75	832.50	865.25	868.88	843.62	814.50	818.38	855.25	895.88	920.12	921.50	907.88	887.00	865.50	845.38	829.12	812.12	790.38	776.38	765.75	761.50	762.38	776.00	792.75	804.25	790.62	757.00	704.88	662.00	616.00	548.88	485.50	386.75	295.88	234.25	174.88	143.50	120.62	105.12	106.00	118.12	126.38	124.38	106.62	85.75	67.25	53.38	46.00	46.50	65.50	101.88	155.25	204.62	246.50	277.00	314.38	364.75	415.75	456.12	474.12	478.25	411.62	109.75	0.00	0.00	0.00	0.00	0.00	0.00	0.00	0.00	0.00	0.00	0.00	0.00	0.00	86.75	343.50	340.12	335.75	329.62	161.62	73.50	282.50	275.75	290.12	439.50	596.38	611.25	616.00	616.88	603.12	573.62	530.75	476.75	396.00	298.62	220.12	141.88	107.00	84.12	55.75	41.25	21.25	17.00	8.75	0.00	0.00	0.00	0.00	0.00	0.00	0.00	0.00	0.00	0.00	0.00	0.00	4.62	53.00	78.00	47.50	15.75	9.75	0.12	0.00	1.25	3.62	14.25	34.25	40.50	49.25	63.62	81.75	95.12	107.50	123.00
838.25	828.50	813.00	791.75	765.25	731.75	705.00	669.50	643.00	626.50	611.00	607.25	612.25	623.75	632.25	634.25	640.00	674.50	743.00	814.00	874.75	897.75	904.50	898.75	892.50	889.25	885.75	880.50	863.00	832.00	784.75	742.25	744.25	786.00	841.00	871.00	875.00	861.50	862.25	870.00	878.00	894.00	915.25	935.00	962.75	985.50	1005.25	1026.00	1038.50	1048.75	1055.75	1057.25	1054.00	1046.25	1033.25	1019.75	1003.50	982.50	967.75	956.50	951.75	955.25	951.00	937.00	909.50	873.50	847.75	823.00	796.25	783.00	796.75	811.75	813.50	820.50	840.00	861.00	867.50	870.50	885.50	912.75	924.75	899.00	852.00	774.00	715.00	671.25	634.75	604.25	554.00	485.00	432.25	386.25	367.50	362.50	374.00	411.25	507.00	624.00	754.75	867.25	928.75	949.50	949.75	945.00	937.50	914.00	872.75	812.25	743.75	657.50	581.50	517.00	451.00	420.00	422.75	461.75	529.25	625.50	714.00	793.50	850.00	883.50	891.00	873.25	851.00	854.75	885.75	919.75	940.00	938.00	921.00	899.00	877.00	853.25	830.75	805.25	773.75	753.50	734.25	722.50	713.00	720.00	740.25	758.50	746.50	706.00	641.50	588.50	532.00	451.75	382.25	285.50	205.25	156.25	115.50	101.00	92.50	88.00	94.00	107.75	116.00	112.25	93.75	74.25	58.25	48.00	43.50	49.00	76.25	124.00	190.50	248.00	294.25	327.00	368.25	426.50	484.25	527.00	541.25	536.50	394.75	0.00	0.00	0.00	0.00	0.00	0.00	0.00	0.00	0.00	0.00	0.00	0.00	0.00	0.00	173.50	687.00	680.25	671.50	659.25	323.25	147.00	565.00	551.50	580.25	619.50	657.00	673.25	673.50	663.75	639.00	599.00	546.75	490.00	408.75	311.00	231.25	149.00	110.00	79.50	32.00	13.50	0.75	0.00	0.00	0.00	0.00	0.00	0.00	0.00	0.00	0.00	0.00	0.00	0.00	0.00	0.00	9.25	80.25	107.75	76.00	31.50	19.50	0.25	0.00	2.50	7.25	27.00	52.75	61.00	72.25	87.00	97.75	110.25	125.25	143.50
834.62	824.38	809.56	789.25	764.19	732.56	707.50	674.94	650.50	634.88	620.62	617.75	623.44	636.56	646.06	648.44	654.25	687.69	753.62	821.31	878.75	900.44	907.06	901.62	895.00	890.38	885.00	878.56	860.94	831.38	786.75	748.38	750.75	789.00	838.38	865.25	869.69	859.88	860.75	867.56	875.62	891.50	912.88	932.81	961.00	984.00	1003.88	1024.19	1036.38	1046.62	1053.25	1054.25	1050.94	1043.12	1030.25	1016.88	1000.75	980.12	965.56	954.44	949.50	952.75	949.06	937.38	913.75	882.62	860.62	839.56	815.94	803.19	812.44	823.00	822.94	829.75	849.00	869.50	876.00	878.69	891.00	915.00	926.50	904.56	859.50	775.75	704.25	645.88	603.19	578.38	541.62	488.62	445.00	402.19	380.75	370.94	375.06	403.94	486.00	590.69	711.56	819.19	882.12	907.12	915.81	919.00	918.25	897.62	855.56	793.44	725.31	642.38	570.81	510.38	449.25	421.75	427.56	469.62	538.50	634.56	722.00	798.94	851.88	884.00	894.81	883.12	865.50	867.69	892.50	920.94	938.31	935.06	916.38	893.25	871.06	847.69	825.50	800.56	769.19	748.50	725.50	709.62	694.19	694.00	710.94	727.38	713.69	670.12	599.88	542.00	480.81	397.81	330.38	242.50	173.50	133.12	100.88	90.88	85.38	82.25	86.88	98.12	104.88	101.06	84.88	68.44	55.62	49.00	48.75	61.25	96.44	154.19	230.38	291.94	337.38	366.06	402.06	456.50	513.25	555.56	568.69	442.50	296.06	0.00	0.00	0.00	0.00	0.00	0.00	0.00	0.00	0.00	0.00	0.00	0.00	0.00	86.75	301.50	681.56	672.38	661.50	650.56	398.56	266.31	578.38	570.88	605.56	645.62	679.62	689.94	683.88	664.69	633.06	587.56	530.44	472.62	395.19	306.31	235.31	161.88	125.44	90.50	27.25	10.12	0.56	0.00	0.00	0.00	0.00	0.00	0.00	0.00	0.00	0.00	0.00	0.00	0.00	0.00	0.00	18.62	85.12	109.31	87.75	55.88	41.31	6.44	2.88	14.56	20.50	34.25	54.38	63.25	75.25	91.31	102.94	115.94	131.44	150.50
823.75	812.00	799.25	781.75	761.00	735.00	715.00	691.25	673.00	660.00	649.50	649.25	657.00	675.00	687.50	691.00	697.00	727.25	785.50	843.25	890.75	908.50	914.75	910.25	902.50	893.75	882.75	872.75	854.75	829.50	792.75	766.75	770.25	798.00	830.50	848.00	853.75	855.00	856.25	860.25	868.50	884.00	905.75	926.25	955.75	979.50	999.75	1018.75	1030.00	1040.25	1045.75	1045.25	1041.75	1033.75	1021.25	1008.25	992.50	973.00	959.00	948.25	942.75	945.25	943.25	938.50	926.50	910.00	899.25	889.25	875.00	863.75	859.50	856.75	851.25	857.50	876.00	895.00	901.50	903.25	907.50	921.75	931.75	921.25	882.00	781.00	672.00	569.75	508.50	500.75	504.50	499.50	483.25	450.00	420.50	396.25	378.25	382.00	423.00	490.75	582.00	675.00	742.25	780.00	814.00	841.00	860.50	848.50	804.00	737.00	670.00	597.00	538.75	490.50	444.00	427.00	442.00	493.25	566.25	661.75	746.00	815.25	857.50	885.50	906.25	912.75	909.00	906.50	912.75	924.50	933.25	926.25	902.50	876.00	853.25	831.00	809.75	786.50	755.50	733.50	699.25	671.00	637.75	616.00	623.00	634.00	615.25	562.50	475.00	402.50	327.25	236.00	174.75	113.50	78.25	63.75	57.00	60.50	64.00	65.00	65.50	69.25	71.50	67.50	58.25	51.00	47.75	52.00	64.50	98.00	157.00	244.75	350.00	423.75	466.75	483.25	503.50	546.50	600.25	641.25	651.00	160.50	0.00	0.00	0.00	0.00	0.00	0.00	0.00	0.00	0.00	0.00	0.00	0.00	0.00	0.00	347.00	685.50	665.25	648.75	631.50	624.50	624.50	624.25	618.50	629.00	681.50	724.00	747.50	740.00	715.00	667.50	615.25	553.25	481.50	420.50	354.50	292.25	247.50	200.50	171.75	123.50	13.00	0.00	0.00	0.00	0.00	0.00	0.00	0.00	0.00	0.00	0.00	0.00	0.00	0.00	0.00	0.00	0.00	46.75	99.75	114.00	123.00	129.00	106.75	25.00	11.50	50.75	60.25	56.00	59.25	70.00	84.25	104.25	118.50	133.00	150.00	171.50
823.75	812.00	799.25	781.75	761.00	735.00	715.00	691.25	673.00	660.00	649.50	649.25	657.00	675.00	687.50	691.00	697.00	727.25	785.50	843.25	890.75	908.50	914.75	910.25	902.50	893.75	882.75	872.75	854.75	829.50	792.75	766.75	770.25	798.00	830.50	848.00	853.75	855.00	856.25	860.25	868.50	884.00	905.75	926.25	955.75	979.50	999.75	1018.75	1030.00	1040.25	1045.75	1045.25	1041.75	1033.75	1021.25	1008.25	992.50	973.00	959.00	948.25	942.75	945.25	943.25	938.50	926.50	910.00	899.25	889.25	875.00	863.75	859.50	856.75	851.25	857.50	876.00	895.00	901.50	903.25	907.50	921.75	931.75	921.25	882.00	781.00	672.00	569.75	508.50	500.75	504.50	499.50	483.25	450.00	420.50	396.25	378.25	382.00	423.00	490.75	582.00	675.00	742.25	780.00	814.00	841.00	860.50	848.50	804.00	737.00	670.00	597.00	538.75	490.50	444.00	427.00	442.00	493.25	566.25	661.75	746.00	815.25	857.50	885.50	906.25	912.75	909.00	906.50	912.75	924.50	933.25	926.25	902.50	876.00	853.25	831.00	809.75	786.50	755.50	733.50	699.25	671.00	637.75	616.00	623.00	634.00	615.25	562.50	475.00	402.50	327.25	236.00	174.75	113.50	78.25	63.75	57.00	60.50	64.00	65.00	65.50	69.25	71.50	67.50	58.25	51.00	47.75	52.00	64.50	98.00	157.00	244.75	350.00	423.75	466.75	483.25	503.50	546.50	600.25	641.25	651.00	160.50	0.00	0.00	0.00	0.00	0.00	0.00	0.00	0.00	0.00	0.00	0.00	0.00	0.00	0.00	347.00	685.50	665.25	648.75	631.50	624.50	624.50	624.25	618.50	629.00	681.50	724.00	747.50	740.00	715.00	667.50	615.25	553.25	481.50	420.50	354.50	292.25	247.50	200.50	171.75	123.50	13.00	0.00	0.00	0.00	0.00	0.00	0.00	0.00	0.00	0.00	0.00	0.00	0.00	0.00	0.00	0.00	0.00	46.75	99.75	114.00	123.00	129.00	106.75	25.00	11.50	50.75	60.25	56.00	59.25	70.00	84.25	104.25	118.50	133.00	150.00	171.50
823.94	810.12	796.62	781.19	763.81	743.06	727.75	710.00	696.06	685.12	676.50	673.81	675.00	681.75	684.31	688.19	704.50	749.38	815.50	871.94	910.44	921.62	923.94	917.94	908.50	899.38	887.62	877.25	860.19	839.62	813.19	796.19	799.50	816.75	835.38	843.88	844.38	847.88	848.56	852.00	859.88	874.62	894.88	914.81	942.44	964.88	983.81	1000.94	1011.25	1020.38	1025.12	1024.44	1020.19	1011.81	998.75	985.38	969.25	949.75	936.31	925.75	918.94	917.88	917.56	919.56	914.88	905.12	898.50	893.38	886.62	880.06	873.38	864.62	855.56	858.62	874.50	893.31	901.12	902.50	903.00	909.56	916.56	909.81	868.50	753.44	629.62	524.19	495.56	537.88	591.50	627.00	626.12	587.44	535.62	475.94	419.69	388.38	372.94	388.56	430.69	488.06	541.06	581.62	640.75	697.75	742.56	740.69	699.00	633.69	570.81	511.69	470.69	444.38	432.38	445.75	487.00	552.69	621.56	696.81	756.69	802.31	831.62	859.62	890.50	912.00	916.50	907.44	899.06	902.00	909.06	901.50	875.50	847.12	828.31	811.69	797.00	783.31	763.56	746.06	710.12	672.12	625.94	576.44	552.31	526.00	481.00	418.69	327.06	255.12	189.81	123.50	87.00	57.62	46.19	43.31	43.69	48.50	52.00	52.25	49.38	48.25	48.25	45.56	45.12	48.56	58.62	79.75	116.25	191.38	287.69	416.31	552.12	624.19	637.94	618.06	596.50	603.12	639.62	160.31	162.75	40.12	0.00	0.00	0.00	0.00	0.00	0.00	0.00	0.00	0.00	0.00	0.00	0.00	0.00	135.38	623.00	700.31	676.31	655.31	634.69	628.81	635.19	650.12	662.00	678.69	725.94	754.00	752.38	720.69	679.00	612.56	553.56	489.69	419.44	365.75	321.50	297.88	290.44	283.56	266.25	205.25	31.00	0.00	0.00	0.00	0.00	0.00	0.00	0.00	0.00	0.00	0.00	0.00	0.00	0.00	0.00	0.00	0.00	45.44	98.81	120.00	138.19	148.12	141.44	109.00	90.81	83.56	69.44	63.31	67.12	80.12	97.56	120.94	135.56	148.94	163.69	182.75
824.00	809.50	795.75	781.00	764.75	745.75	732.00	716.25	703.75	693.50	685.50	682.00	681.00	684.00	683.25	687.25	707.00	756.75	825.50	881.50	917.00	926.00	927.00	920.50	910.50	901.25	889.25	878.75	862.00	843.00	820.00	806.00	809.25	823.00	837.00	842.50	841.25	845.50	846.00	849.25	857.00	871.50	891.25	911.00	938.00	960.00	978.50	995.00	1005.00	1013.75	1018.25	1017.50	1013.00	1004.50	991.25	977.75	961.50	942.00	928.75	918.25	911.00	908.75	909.00	913.25	911.00	903.50	898.25	894.75	890.50	885.50	878.00	867.25	857.00	859.00	874.00	892.75	901.00	902.25	901.50	905.50	911.50	906.00	864.00	744.25	615.50	509.00	491.25	550.25	620.50	669.50	673.75	633.25	574.00	502.50	433.50	390.50	356.25	354.50	380.25	425.75	474.00	515.50	583.00	650.00	703.25	704.75	664.00	599.25	537.75	483.25	448.00	429.00	428.50	452.00	502.00	572.50	640.00	708.50	760.25	798.00	823.00	851.00	885.25	911.75	919.00	907.75	894.50	894.50	901.00	893.25	866.50	837.50	820.00	805.25	792.75	782.25	766.25	750.25	713.75	672.50	622.00	563.25	528.75	490.00	436.25	370.75	277.75	206.00	144.00	86.00	57.75	39.00	35.50	36.50	39.25	44.50	48.00	48.00	44.00	41.25	40.50	38.25	40.75	47.75	62.25	89.00	133.50	222.50	331.25	473.50	619.50	691.00	695.00	663.00	627.50	622.00	652.75	0.00	0.00	0.00	0.00	0.00	0.00	0.00	0.00	0.00	0.00	0.00	0.00	0.00	0.00	0.00	0.00	180.50	715.00	705.25	680.00	657.50	635.75	630.25	638.75	658.75	676.50	695.25	740.75	764.00	754.00	714.25	667.00	594.25	533.00	468.50	398.75	347.50	310.50	299.75	304.75	311.25	297.75	232.50	37.00	0.00	0.00	0.00	0.00	0.00	0.00	0.00	0.00	0.00	0.00	0.00	0.00	0.00	0.00	0.00	0.00	45.00	98.50	122.00	143.25	154.50	153.00	137.00	117.25	94.50	72.50	65.75	69.75	83.50	102.00	126.50	141.25	154.25	168.25	186.50
827.00	812.50	798.62	784.44	769.06	751.19	738.00	723.31	711.31	701.50	693.25	688.19	684.06	681.25	677.88	680.88	700.94	753.25	825.12	882.19	917.44	925.62	925.31	919.50	911.88	905.19	895.12	884.75	867.38	850.38	831.31	820.31	823.88	835.62	845.38	847.44	844.25	846.12	847.94	851.50	858.50	872.25	891.00	909.25	934.75	955.50	972.44	987.50	996.50	1004.12	1007.94	1007.06	1002.19	993.12	979.19	965.06	948.38	928.62	915.50	905.44	899.00	897.81	898.94	902.69	901.00	894.38	889.62	887.00	884.56	882.00	877.00	867.31	856.31	856.12	867.19	882.38	890.56	893.56	892.62	892.31	892.06	878.50	833.94	716.94	598.88	510.19	509.50	580.00	657.25	710.06	716.56	677.88	618.38	544.38	469.44	421.31	379.19	368.31	379.50	407.38	440.81	472.94	531.69	594.88	650.44	658.31	625.75	569.94	516.25	470.69	444.19	432.88	444.12	478.75	537.06	611.06	674.81	733.56	774.44	800.44	815.00	835.38	863.69	887.81	896.25	888.19	879.25	882.56	891.81	886.50	862.56	836.25	821.50	810.00	799.81	790.88	777.00	761.38	724.00	682.50	633.50	575.88	536.50	483.25	412.56	339.00	245.19	179.50	125.75	77.56	54.56	38.88	36.12	36.88	39.19	43.50	46.50	46.56	42.75	39.50	38.75	36.88	43.62	58.19	82.12	117.69	166.50	259.12	372.19	516.19	658.94	724.56	723.12	687.00	645.62	549.75	489.56	0.00	0.00	0.00	0.00	0.00	0.00	0.00	0.00	0.00	0.00	0.00	0.00	0.00	0.00	0.00	0.00	184.12	730.00	719.06	693.12	669.00	643.06	633.06	637.75	654.19	669.19	686.94	726.06	744.12	730.12	687.19	637.94	564.44	506.94	452.12	396.56	356.25	328.50	323.31	330.62	337.81	323.06	253.56	41.94	0.00	0.00	0.00	0.00	0.00	0.00	0.00	0.00	0.00	0.00	0.00	0.00	0.00	0.00	0.00	4.44	47.00	97.06	121.56	144.00	155.50	154.06	138.38	118.38	96.12	76.12	71.25	77.19	91.88	110.56	135.06	149.31	160.88	172.50	188.56
836.00	821.50	807.25	794.75	782.00	767.50	756.00	744.50	734.00	725.50	716.50	706.75	693.25	673.00	661.75	661.75	682.75	742.75	824.00	884.25	918.75	924.50	920.25	916.50	916.00	917.00	912.75	902.75	883.50	872.50	865.25	863.25	867.75	873.50	870.50	862.25	853.25	848.00	853.75	858.25	863.00	874.50	890.25	904.00	925.00	942.00	954.25	965.00	971.00	975.25	977.00	975.75	969.75	959.00	943.00	927.00	909.00	888.50	875.75	867.00	863.00	865.00	868.75	871.00	871.00	867.00	863.75	863.75	866.75	871.50	874.00	867.50	854.25	847.50	846.75	851.25	859.25	867.50	866.00	852.75	833.75	796.00	743.75	635.00	549.00	513.75	564.25	669.25	767.50	831.75	845.00	811.75	751.50	670.00	577.25	513.75	448.00	409.75	377.25	352.25	341.25	345.25	377.75	429.50	492.00	519.00	511.00	482.00	451.75	433.00	432.75	444.50	491.00	559.00	642.25	726.75	779.25	808.75	817.00	807.75	791.00	788.50	799.00	816.00	828.00	829.50	833.50	846.75	864.25	866.25	850.75	832.50	826.00	824.25	821.00	816.75	809.25	794.75	754.75	712.50	668.00	613.75	559.75	463.00	341.50	243.75	147.50	100.00	71.00	52.25	45.00	38.50	38.00	38.00	39.00	40.50	42.00	42.25	39.00	34.25	33.50	32.75	52.25	89.50	141.75	203.75	265.50	369.00	495.00	644.25	777.25	825.25	807.50	759.00	700.00	333.00	0.00	0.00	0.00	0.00	0.00	0.00	0.00	0.00	0.00	0.00	0.00	0.00	0.00	0.00	0.00	0.00	0.00	195.00	775.00	760.50	732.50	703.50	665.00	641.50	634.75	640.50	647.25	662.00	682.00	684.50	658.50	606.00	550.75	475.00	428.75	403.00	390.00	382.50	382.50	394.00	408.25	417.50	399.00	316.75	56.75	0.00	0.00	0.00	0.00	0.00	0.00	0.00	0.00	0.00	0.00	0.00	0.00	0.00	0.00	0.00	17.75	53.00	92.75	120.25	146.25	158.50	157.25	142.50	121.75	101.00	87.00	87.75	99.50	117.00	136.25	160.75	173.50	180.75	185.25	194.75
836.00	821.50	807.25	794.75	782.00	767.50	756.00	744.50	734.00	725.50	716.50	706.75	693.25	673.00	661.75	661.75	682.75	742.75	824.00	884.25	918.75	924.50	920.25	916.50	916.00	917.00	912.75	902.75	883.50	872.50	865.25	863.25	867.75	873.50	870.50	862.25	853.25	848.00	853.75	858.25	863.00	874.50	890.25	904.00	925.00	942.00	954.25	965.00	971.00	975.25	977.00	975.75	969.75	959.00	943.00	927.00	909.00	888.50	875.75	867.00	863.00	865.00	868.75	871.00	871.00	867.00	863.75	863.75	866.75	871.50	874.00	867.50	854.25	847.50	846.75	851.25	859.25	867.50	866.00	852.75	833.75	796.00	743.75	635.00	549.00	513.75	564.25	669.25	767.50	831.75	845.00	811.75	751.50	670.00	577.25	513.75	448.00	409.75	377.25	352.25	341.25	345.25	377.75	429.50	492.00	519.00	511.00	482.00	451.75	433.00	432.75	444.50	491.00	559.00	642.25	726.75	779.25	808.75	817.00	807.75	791.00	788.50	799.00	816.00	828.00	829.50	833.50	846.75	864.25	866.25	850.75	832.50	826.00	824.25	821.00	816.75	809.25	794.75	754.75	712.50	668.00	613.75	559.75	463.00	341.50	243.75	147.50	100.00	71.00	52.25	45.00	38.50	38.00	38.00	39.00	40.50	42.00	42.25	39.00	34.25	33.50	32.75	52.25	89.50	141.75	203.75	265.50	369.00	495.00	644.25	777.25	825.25	807.50	759.00	700.00	333.00	0.00	0.00	0.00	0.00	0.00	0.00	0.00	0.00	0.00	0.00	0.00	0.00	0.00	0.00	0.00	0.00	0.00	195.00	775.00	760.50	732.50	703.50	665.00	641.50	634.75	640.50	647.25	662.00	682.00	684.50	658.50	606.00	550.75	475.00	428.75	403.00	390.00	382.50	382.50	394.00	408.25	417.50	399.00	316.75	56.75	0.00	0.00	0.00	0.00	0.00	0.00	0.00	0.00	0.00	0.00	0.00	0.00	0.00	0.00	0.00	17.75	53.00	92.75	120.25	146.25	158.50	157.25	142.50	121.75	101.00	87.00	87.75	99.50	117.00	136.25	160.75	173.50	180.75	185.25	194.75
843.00	830.50	818.25	807.25	797.00	785.25	776.00	766.00	757.25	749.50	741.00	730.00	717.00	701.00	690.75	686.25	694.00	724.00	770.50	813.00	843.50	856.50	864.00	871.25	880.00	888.00	891.75	888.50	879.50	878.00	877.25	882.00	886.50	891.00	890.75	887.00	881.25	878.50	879.75	882.25	887.75	898.00	908.50	916.25	927.25	935.50	939.00	941.75	942.00	941.00	939.75	935.50	927.00	914.50	897.25	879.25	861.50	844.00	834.00	829.25	829.75	833.75	838.25	837.00	834.00	825.00	818.00	816.50	821.50	828.50	830.25	822.50	802.75	778.50	758.00	746.00	748.50	754.25	748.50	725.00	692.75	646.75	608.75	558.00	543.50	576.25	660.75	742.50	815.50	861.75	880.00	874.00	847.50	804.75	737.50	682.75	617.25	568.50	510.50	436.00	369.00	330.75	312.75	328.50	369.00	407.25	431.75	446.75	451.75	459.00	474.50	502.00	567.00	650.75	743.00	827.75	871.75	885.50	875.75	846.25	808.00	773.75	748.50	733.75	729.00	736.25	754.25	774.75	788.50	786.50	774.50	765.00	766.00	768.00	768.00	770.25	781.50	786.50	778.75	762.50	744.00	695.00	610.25	449.50	274.50	167.25	89.25	65.50	57.00	51.75	48.25	43.00	41.25	41.00	41.00	40.50	41.00	42.00	44.00	56.75	93.25	141.50	235.25	324.50	398.00	442.75	450.00	476.00	552.50	658.00	755.00	798.00	804.50	784.75	744.00	708.00	523.25	0.00	0.00	0.00	0.00	0.00	0.00	0.00	0.00	0.00	0.00	0.00	0.00	0.00	0.00	0.00	0.00	215.00	861.00	848.25	813.25	774.25	715.75	672.75	641.75	620.25	602.75	596.00	591.25	579.00	547.00	497.00	449.25	396.00	379.00	388.50	412.25	426.00	438.50	449.00	453.50	450.50	435.00	350.25	64.75	0.00	0.00	0.00	0.00	0.00	0.00	0.00	0.00	0.00	0.00	0.00	0.00	0.00	0.00	0.00	12.75	35.75	66.00	89.25	113.25	128.50	133.25	128.00	119.50	113.75	117.50	128.00	144.25	158.50	171.75	188.00	198.25	202.75	203.00	205.50
843.00	830.50	818.25	807.25	797.00	785.25	776.00	766.00	757.25	749.50	741.00	730.00	717.00	701.00	690.75	686.25	694.00	724.00	770.50	813.00	843.50	856.50	864.00	871.25	880.00	888.00	891.75	888.50	879.50	878.00	877.25	882.00	886.50	891.00	890.75	887.00	881.25	878.50	879.75	882.25	887.75	898.00	908.50	916.25	927.25	935.50	939.00	941.75	942.00	941.00	939.75	935.50	927.00	914.50	897.25	879.25	861.50	844.00	834.00	829.25	829.75	833.75	838.25	837.00	834.00	825.00	818.00	816.50	821.50	828.50	830.25	822.50	802.75	778.50	758.00	746.00	748.50	754.25	748.50	725.00	692.75	646.75	608.75	558.00	543.50	576.25	660.75	742.50	815.50	861.75	880.00	874.00	847.50	804.75	737.50	682.75	617.25	568.50	510.50	436.00	369.00	330.75	312.75	328.50	369.00	407.25	431.75	446.75	451.75	459.00	474.50	502.00	567.00	650.75	743.00	827.75	871.75	885.50	875.75	846.25	808.00	773.75	748.50	733.75	729.00	736.25	754.25	774.75	788.50	786.50	774.50	765.00	766.00	768.00	768.00	770.25	781.50	786.50	778.75	762.50	744.00	695.00	610.25	449.50	274.50	167.25	89.25	65.50	57.00	51.75	48.25	43.00	41.25	41.00	41.00	40.50	41.00	42.00	44.00	56.75	93.25	141.50	235.25	324.50	398.00	442.75	450.00	476.00	552.50	658.00	755.00	798.00	804.50	784.75	744.00	708.00	523.25	0.00	0.00	0.00	0.00	0.00	0.00	0.00	0.00	0.00	0.00	0.00	0.00	0.00	0.00	0.00	0.00	215.00	861.00	848.25	813.25	774.25	715.75	672.75	641.75	620.25	602.75	596.00	591.25	579.00	547.00	497.00	449.25	396.00	379.00	388.50	412.25	426.00	438.50	449.00	453.50	450.50	435.00	350.25	64.75	0.00	0.00	0.00	0.00	0.00	0.00	0.00	0.00	0.00	0.00	0.00	0.00	0.00	0.00	0.00	12.75	35.75	66.00	89.25	113.25	128.50	133.25	128.00	119.50	113.75	117.50	128.00	144.25	158.50	171.75	188.00	198.25	202.75	203.00	205.50
846.75	836.88	826.69	816.62	807.12	796.88	788.19	779.69	772.06	764.50	755.25	744.25	734.81	726.50	721.88	719.25	721.19	732.44	754.00	779.06	803.19	816.38	826.69	837.88	850.38	861.56	868.69	869.38	868.06	870.50	874.06	880.69	885.75	891.00	894.69	896.19	898.31	899.88	903.19	908.31	913.06	920.88	926.88	929.00	932.12	932.50	930.00	925.62	921.75	917.94	914.25	907.94	896.44	882.25	865.38	848.50	833.75	821.12	815.81	814.62	815.69	818.00	824.56	825.75	823.50	809.62	796.06	784.81	774.81	765.88	753.19	743.94	731.50	714.00	694.25	677.00	672.38	670.81	664.50	644.94	618.88	586.94	567.88	559.31	583.62	642.44	728.62	790.69	848.50	886.50	905.69	910.75	898.88	875.25	823.75	778.38	719.44	666.19	591.88	489.25	394.31	339.75	303.56	300.75	325.88	363.94	402.31	438.88	461.31	477.19	491.94	517.00	578.25	658.81	748.06	829.06	869.69	881.94	877.06	859.75	835.00	805.44	773.06	740.88	708.00	690.69	686.75	693.00	701.50	701.19	696.50	694.50	698.31	700.31	700.69	705.56	722.81	735.50	744.81	744.50	738.00	689.75	594.31	418.38	239.44	140.81	77.62	62.12	57.00	51.94	47.69	43.56	42.75	43.62	44.75	41.81	46.06	61.50	91.25	151.06	243.81	345.31	481.62	572.75	623.56	626.69	587.25	556.25	597.88	676.75	753.12	789.19	801.12	790.94	759.94	726.75	665.19	524.06	259.12	0.00	0.00	0.00	0.00	0.00	0.00	0.00	0.00	0.00	0.00	0.00	0.00	0.00	0.00	53.75	885.38	880.69	848.50	808.19	745.56	696.56	656.38	620.62	593.00	573.50	551.88	529.12	494.50	448.06	407.81	371.81	370.00	390.19	421.81	440.25	453.69	461.00	460.81	451.62	433.50	366.38	167.69	25.12	0.00	0.00	0.00	0.00	0.00	0.00	0.00	0.00	0.00	0.00	0.00	0.00	0.00	0.00	6.19	19.81	41.44	59.62	81.56	101.50	114.88	123.12	127.19	132.88	147.88	161.19	175.00	182.88	187.88	198.69	208.56	214.94	218.00	221.44
848.00	839.00	829.50	819.75	810.50	800.75	792.25	784.25	777.00	769.50	760.00	749.00	740.75	735.00	732.25	730.25	730.25	735.25	748.50	767.75	789.75	803.00	814.25	826.75	840.50	852.75	861.00	863.00	864.25	868.00	873.00	880.25	885.50	891.00	896.00	899.25	904.00	907.00	911.00	917.00	921.50	928.50	933.00	933.25	933.75	931.50	927.00	920.25	915.00	910.25	905.75	898.75	886.25	871.50	854.75	838.25	824.50	813.50	809.75	809.75	811.00	812.75	820.00	822.00	820.00	804.50	788.75	774.25	759.25	745.00	727.50	717.75	707.75	692.50	673.00	654.00	647.00	643.00	636.50	618.25	594.25	567.00	554.25	559.75	597.00	664.50	751.25	806.75	859.50	894.75	914.25	923.00	916.00	898.75	852.50	810.25	753.50	698.75	619.00	507.00	402.75	342.75	300.50	291.50	311.50	349.50	392.50	436.25	464.50	483.25	497.75	522.00	582.00	661.50	749.75	829.50	869.00	880.75	877.50	864.25	844.00	816.00	781.25	743.25	701.00	675.50	664.25	665.75	672.50	672.75	670.50	671.00	675.75	677.75	678.25	684.00	703.25	718.50	733.50	738.50	736.00	688.00	589.00	408.00	227.75	132.00	73.75	61.00	57.00	52.00	47.50	43.75	43.25	44.50	46.00	42.25	47.75	68.00	107.00	182.50	294.00	413.25	563.75	655.50	698.75	688.00	633.00	583.00	613.00	683.00	752.50	786.25	800.00	793.00	765.25	733.00	712.50	698.75	345.50	0.00	0.00	0.00	0.00	0.00	0.00	0.00	0.00	0.00	0.00	0.00	0.00	0.00	0.00	0.00	893.50	891.50	860.25	819.50	755.50	704.50	661.25	620.75	589.75	566.00	538.75	512.50	477.00	431.75	394.00	363.75	367.00	390.75	425.00	445.00	458.75	465.00	463.25	452.00	433.00	371.75	202.00	33.50	0.00	0.00	0.00	0.00	0.00	0.00	0.00	0.00	0.00	0.00	0.00	0.00	0.00	0.00	4.00	14.50	33.25	49.75	72.00	92.50	108.75	121.50	129.75	139.25	158.00	172.25	185.25	191.00	193.25	202.25	212.00	219.00	223.00	226.75
849.44	841.00	831.94	822.50	813.62	804.38	796.06	788.50	781.50	774.00	764.38	753.50	745.56	741.31	740.19	740.06	740.50	743.75	753.38	768.69	787.75	799.62	809.94	821.56	834.88	846.81	855.38	857.94	860.19	864.25	869.75	877.44	882.75	888.62	894.31	898.75	905.50	910.25	915.75	922.69	927.12	933.38	936.38	935.44	933.88	929.75	923.19	914.00	907.25	901.69	896.50	889.19	876.06	860.44	844.06	828.88	817.75	810.00	808.50	809.69	811.25	812.56	819.19	820.81	817.12	799.62	780.75	761.25	740.19	722.06	705.12	699.38	696.69	689.12	674.00	655.56	645.31	638.06	630.69	615.00	594.81	572.88	563.94	575.06	615.75	683.75	766.38	817.31	867.00	900.94	919.69	928.50	923.25	908.69	865.50	825.06	768.06	710.00	625.25	507.50	400.00	339.38	296.88	286.00	302.50	338.50	381.31	426.12	455.44	473.81	486.38	507.88	563.50	638.81	723.31	799.69	837.56	850.88	852.19	846.75	834.62	812.06	780.38	742.00	695.00	661.69	641.94	639.06	646.69	650.00	650.88	652.38	656.06	656.19	654.62	657.94	672.88	684.94	698.19	704.00	702.19	655.50	559.94	387.12	216.81	127.31	72.88	60.62	56.44	51.44	47.31	44.19	44.19	45.69	47.81	47.94	61.50	95.31	148.12	235.31	353.38	475.50	623.62	708.12	743.44	725.50	665.00	606.50	628.00	690.50	753.94	784.81	797.12	790.69	765.12	734.62	713.69	697.62	427.75	162.25	39.94	0.00	0.00	0.00	0.00	0.00	0.00	0.00	0.00	0.00	0.00	0.00	0.00	0.00	670.12	721.75	853.25	814.75	753.44	703.94	660.75	619.00	586.19	560.38	530.50	502.75	467.19	423.56	388.25	361.31	365.06	387.31	418.44	437.12	449.69	454.44	451.62	439.06	418.38	362.19	218.81	42.25	0.00	0.00	0.00	0.00	0.00	0.00	0.00	0.00	0.00	0.00	0.00	0.00	0.00	0.00	3.00	11.38	27.31	42.25	63.33	86.62	106.12	123.31	135.25	146.75	165.75	179.44	190.75	194.75	195.81	205.06	215.50	224.00	230.06	236.06
853.75	847.00	839.25	830.75	823.00	815.25	807.50	801.25	795.00	787.50	777.50	767.00	760.00	760.25	764.00	769.50	771.25	769.25	768.00	771.50	781.75	789.50	797.00	806.00	818.00	829.00	838.50	842.75	848.00	853.00	860.00	869.00	874.50	881.50	889.25	897.25	910.00	920.00	930.00	939.75	944.00	948.00	946.50	942.00	934.25	924.50	911.75	895.25	884.00	876.00	868.75	860.50	845.50	827.25	812.00	800.75	797.50	799.50	804.75	809.50	812.00	812.00	816.75	817.25	808.50	785.00	756.75	722.25	683.00	653.25	638.00	644.25	663.50	679.00	677.00	660.25	640.25	623.25	613.25	605.25	596.50	590.50	593.00	621.00	672.00	741.50	811.75	849.00	889.50	919.50	936.00	945.00	945.00	938.50	904.50	869.50	811.75	743.75	644.00	509.00	391.75	329.25	286.00	269.50	275.50	305.50	347.75	395.75	428.25	445.50	452.25	465.50	508.00	570.75	644.00	710.25	743.25	761.25	776.25	794.25	806.50	800.25	777.75	738.25	677.00	620.25	575.00	559.00	569.25	581.75	592.00	596.50	597.00	591.50	583.75	579.75	581.75	584.25	592.25	600.50	600.75	558.00	472.75	324.50	184.00	113.25	70.25	59.50	54.75	49.75	46.75	45.50	47.00	49.25	53.25	65.00	102.75	177.25	271.50	393.75	531.50	662.25	803.25	866.00	877.50	838.00	761.00	677.00	673.00	713.00	758.25	780.50	788.50	783.75	764.75	739.50	717.25	694.25	674.50	649.00	159.75	0.00	0.00	0.00	0.00	0.00	0.00	0.00	0.00	0.00	0.00	0.00	0.00	0.00	0.00	212.50	832.25	800.50	747.25	702.25	659.25	613.75	575.50	543.50	505.75	473.50	437.75	399.00	371.00	354.00	359.25	377.00	398.75	413.50	422.50	422.75	416.75	400.25	374.50	333.50	269.25	68.50	0.00	0.00	0.00	0.00	0.00	0.00	0.00	0.00	0.00	0.00	0.00	0.00	0.00	0.00	0.00	2.00	9.50	19.75	40.00	69.00	98.25	128.75	151.75	169.25	189.00	201.00	207.25	206.00	203.50	213.50	226.00	239.00	251.25	264.00
853.75	847.00	839.25	830.75	823.00	815.25	807.50	801.25	795.00	787.50	777.50	767.00	760.00	760.25	764.00	769.50	771.25	769.25	768.00	771.50	781.75	789.50	797.00	806.00	818.00	829.00	838.50	842.75	848.00	853.00	860.00	869.00	874.50	881.50	889.25	897.25	910.00	920.00	930.00	939.75	944.00	948.00	946.50	942.00	934.25	924.50	911.75	895.25	884.00	876.00	868.75	860.50	845.50	827.25	812.00	800.75	797.50	799.50	804.75	809.50	812.00	812.00	816.75	817.25	808.50	785.00	756.75	722.25	683.00	653.25	638.00	644.25	663.50	679.00	677.00	660.25	640.25	623.25	613.25	605.25	596.50	590.50	593.00	621.00	672.00	741.50	811.75	849.00	889.50	919.50	936.00	945.00	945.00	938.50	904.50	869.50	811.75	743.75	644.00	509.00	391.75	329.25	286.00	269.50	275.50	305.50	347.75	395.75	428.25	445.50	452.25	465.50	508.00	570.75	644.00	710.25	743.25	761.25	776.25	794.25	806.50	800.25	777.75	738.25	677.00	620.25	575.00	559.00	569.25	581.75	592.00	596.50	597.00	591.50	583.75	579.75	581.75	584.25	592.25	600.50	600.75	558.00	472.75	324.50	184.00	113.25	70.25	59.50	54.75	49.75	46.75	45.50	47.00	49.25	53.25	65.00	102.75	177.25	271.50	393.75	531.50	662.25	803.25	866.00	877.50	838.00	761.00	677.00	673.00	713.00	758.25	780.50	788.50	783.75	764.75	739.50	717.25	694.25	674.50	649.00	159.75	0.00	0.00	0.00	0.00	0.00	0.00	0.00	0.00	0.00	0.00	0.00	0.00	0.00	0.00	212.50	832.25	800.50	747.25	702.25	659.25	613.75	575.50	543.50	505.75	473.50	437.75	399.00	371.00	354.00	359.25	377.00	398.75	413.50	422.50	422.75	416.75	400.25	374.50	333.50	269.25	68.50	0.00	0.00	0.00	0.00	0.00	0.00	0.00	0.00	0.00	0.00	0.00	0.00	0.00	0.00	0.00	2.00	9.50	19.75	40.00	69.00	98.25	128.75	151.75	169.25	189.00	201.00	207.25	206.00	203.50	213.50	226.00	239.00	251.25	264.00
860.12	853.75	847.31	839.38	832.94	826.12	819.50	814.19	808.50	802.12	792.88	781.44	772.56	769.62	774.88	784.50	792.62	797.00	799.12	801.12	805.94	808.62	810.50	814.25	821.56	829.00	836.06	839.19	843.31	847.75	853.44	862.06	866.62	872.12	879.88	888.81	904.00	917.75	929.81	939.75	944.00	945.38	941.62	935.06	922.06	908.75	890.38	868.25	852.50	840.75	832.19	824.31	811.19	794.44	780.69	773.75	776.50	786.75	796.88	803.88	806.56	805.44	802.31	793.25	772.12	739.25	704.62	665.62	629.19	614.44	628.62	659.44	704.56	740.88	752.19	739.19	713.56	690.00	676.06	672.94	671.50	668.88	666.50	677.81	711.75	765.88	823.38	854.62	889.12	915.19	927.75	933.75	934.50	929.88	900.38	862.94	792.06	707.94	596.19	460.25	350.31	294.56	258.25	244.00	244.94	265.19	295.44	330.12	353.81	363.94	365.25	372.12	398.88	443.06	496.62	545.44	570.94	590.81	614.25	644.62	668.50	673.69	665.81	642.44	593.94	541.12	497.56	488.50	517.31	545.75	565.75	568.38	558.56	539.38	518.31	496.12	471.31	456.19	444.50	441.88	435.94	399.75	338.12	236.38	142.56	94.50	63.12	53.88	50.44	47.12	46.56	47.56	50.38	57.88	80.25	124.62	204.00	326.31	447.38	561.56	662.94	747.94	839.81	877.62	883.69	855.81	797.00	726.12	713.88	736.62	764.25	776.00	776.69	769.69	754.06	732.38	711.81	688.25	667.00	642.25	503.25	225.38	0.00	0.00	0.00	0.00	0.00	0.00	0.00	0.00	0.00	0.00	0.00	0.00	0.00	53.12	208.06	200.12	693.44	660.25	627.19	588.44	550.00	518.56	481.75	448.38	412.25	376.31	352.06	336.38	335.25	341.00	347.94	355.75	359.31	355.44	348.12	330.12	304.00	269.00	223.69	79.00	2.06	0.00	0.00	0.00	0.00	0.00	0.00	0.00	0.00	0.00	0.00	0.00	0.00	0.00	0.00	0.50	2.75	9.44	29.31	63.75	100.88	140.38	168.25	186.50	200.44	207.75	212.31	212.00	214.19	231.31	247.38	262.44	279.38	300.56
862.25	856.00	850.00	842.25	836.25	829.75	823.50	818.50	813.00	807.00	798.00	786.25	776.75	772.75	778.50	789.50	799.75	806.25	809.50	811.00	814.00	815.00	815.00	817.00	822.75	829.00	835.25	838.00	841.75	846.00	851.25	859.75	864.00	869.00	876.75	886.00	902.00	917.00	929.75	939.75	944.00	944.50	940.00	932.75	918.00	903.50	883.25	859.25	842.00	829.00	820.00	812.25	799.75	783.50	770.25	764.75	769.50	782.50	794.25	802.00	804.75	803.25	797.50	785.25	760.00	724.00	687.25	646.75	611.25	601.50	625.50	664.50	718.25	761.50	777.25	765.50	738.00	712.25	697.00	695.50	696.50	695.00	691.00	696.75	725.00	774.00	827.25	856.50	889.00	913.75	925.00	930.00	931.00	927.00	899.00	860.75	785.50	696.00	580.25	444.00	336.50	283.00	249.00	235.50	234.75	251.75	278.00	308.25	329.00	336.75	336.25	341.00	362.50	400.50	447.50	490.50	513.50	534.00	560.25	594.75	622.50	631.50	628.50	610.50	566.25	514.75	471.75	465.00	500.00	533.75	557.00	559.00	545.75	522.00	496.50	468.25	434.50	413.50	395.25	389.00	381.00	347.00	293.25	207.00	128.75	88.25	60.75	52.00	49.00	46.25	46.50	48.25	51.50	60.75	89.25	144.50	237.75	376.00	506.00	617.50	706.75	776.50	852.00	881.50	885.75	861.75	809.00	742.50	727.50	744.50	766.25	774.50	772.75	765.00	750.50	730.00	710.00	686.25	664.50	640.00	617.75	300.50	0.00	0.00	0.00	0.00	0.00	0.00	0.00	0.00	0.00	0.00	0.00	0.00	0.00	0.00	0.00	0.00	675.50	646.25	616.50	580.00	541.50	510.25	473.75	440.00	403.75	368.75	345.75	330.50	327.25	329.00	331.00	336.50	338.25	333.00	325.25	306.75	280.50	247.50	208.50	82.50	2.75	0.00	0.00	0.00	0.00	0.00	0.00	0.00	0.00	0.00	0.00	0.00	0.00	0.00	0.00	0.00	0.50	6.00	25.75	62.00	101.75	144.25	173.75	192.25	204.25	210.00	214.00	214.00	217.75	237.25	254.50	270.25	288.75	312.75
869.25	863.00	857.38	850.62	845.12	838.75	833.25	828.88	824.00	818.75	810.75	799.00	787.12	779.00	781.75	792.38	804.88	817.12	826.25	831.00	835.75	836.50	835.12	834.75	837.75	841.88	845.88	847.88	850.25	852.75	857.12	862.25	864.25	866.75	872.75	881.12	896.50	910.00	921.25	930.25	933.00	932.50	926.50	917.38	899.38	881.00	859.12	833.62	814.25	798.25	787.38	779.75	770.88	761.38	750.88	745.00	747.50	756.00	765.00	770.75	771.12	766.38	754.62	735.62	701.00	657.00	622.12	596.88	591.12	612.88	664.12	716.50	775.62	818.75	834.50	824.88	800.12	776.62	761.50	760.00	761.12	752.12	736.00	717.38	725.25	761.12	812.38	842.25	872.50	895.00	905.50	910.38	911.25	906.50	874.75	829.50	739.25	638.88	521.38	396.38	302.88	256.12	225.88	214.00	212.00	222.38	238.62	256.62	268.50	272.62	270.88	272.50	284.75	307.50	338.12	366.75	382.50	396.88	416.25	442.38	460.50	469.88	474.50	470.12	447.62	417.75	398.12	411.25	466.25	511.50	541.38	541.50	519.50	484.25	448.38	408.38	362.75	336.00	310.38	297.75	284.00	250.50	208.38	147.75	96.50	70.75	53.88	49.50	48.50	46.12	46.00	49.12	59.00	83.12	146.38	235.62	350.00	491.62	607.00	689.88	744.00	781.62	827.12	846.00	850.25	836.75	802.25	759.25	753.12	766.62	779.50	779.62	771.75	760.38	743.25	721.75	701.12	677.50	656.12	633.62	615.00	300.62	0.00	0.00	0.00	0.00	0.00	0.00	0.00	0.00	0.00	0.00	0.00	0.00	0.00	0.00	0.00	0.00	337.75	458.62	575.75	549.75	518.25	491.50	456.12	420.50	378.88	340.00	316.62	300.50	295.25	292.88	291.12	293.25	293.12	289.12	283.25	268.00	247.12	219.88	191.62	128.00	28.50	0.00	0.00	0.00	0.00	0.00	0.00	0.00	0.00	0.00	0.00	0.00	0.00	0.00	0.00	0.00	0.50	5.50	25.25	64.00	106.25	149.88	179.25	197.12	208.38	214.00	219.50	225.00	236.12	260.12	278.38	293.38	311.38	337.62
876.25	870.00	864.75	859.00	854.00	847.75	843.00	839.25	835.00	830.50	823.50	811.75	797.50	785.25	785.00	795.25	810.00	828.00	843.00	851.00	857.50	858.00	855.25	852.50	852.75	854.75	856.50	857.75	858.75	859.50	863.00	864.75	864.50	864.50	868.75	876.25	891.00	903.00	912.75	920.75	922.00	920.50	913.00	902.00	880.75	858.50	835.00	808.00	786.50	767.50	754.75	747.25	742.00	739.25	731.50	725.25	725.50	729.50	735.75	739.50	737.50	729.50	711.75	686.00	642.00	590.00	557.00	547.00	571.00	624.25	702.75	768.50	833.00	876.00	891.75	884.25	862.25	841.00	826.00	824.50	825.75	809.25	781.00	738.00	725.50	748.25	797.50	828.00	856.00	876.25	886.00	890.75	891.50	886.00	850.50	798.25	693.00	581.75	462.50	348.75	269.25	229.25	202.75	192.50	189.25	193.00	199.25	205.00	208.00	208.50	205.50	204.00	207.00	214.50	228.75	243.00	251.50	259.75	272.25	290.00	298.50	308.25	320.50	329.75	329.00	320.75	324.50	357.50	432.50	489.25	525.75	524.00	493.25	446.50	400.25	348.50	291.00	258.50	225.50	206.50	187.00	154.00	123.50	88.50	64.25	53.25	47.00	47.00	48.00	46.00	45.50	50.00	66.50	105.50	203.50	326.75	462.25	607.25	708.00	762.25	781.25	786.75	802.25	810.50	814.75	811.75	795.50	776.00	778.75	788.75	792.75	784.75	770.75	755.75	736.00	713.50	692.25	668.75	647.75	627.25	612.25	300.75	0.00	0.00	0.00	0.00	0.00	0.00	0.00	0.00	0.00	0.00	0.00	0.00	0.00	0.00	0.00	0.00	0.00	271.00	535.00	519.50	495.00	472.75	438.50	401.00	354.00	311.25	287.50	270.50	263.25	256.75	251.25	250.00	248.00	245.25	241.25	229.25	213.75	192.25	174.75	173.50	54.25	0.00	0.00	0.00	0.00	0.00	0.00	0.00	0.00	0.00	0.00	0.00	0.00	0.00	0.00	0.00	0.50	5.00	24.75	66.00	110.75	155.50	184.75	202.00	212.50	218.00	225.00	236.00	254.50	283.00	302.25	316.50	334.00	362.50
881.19	875.38	870.31	864.50	859.56	853.88	849.19	845.75	841.69	837.00	830.38	820.06	807.94	798.31	797.94	807.06	820.94	837.44	851.25	859.25	866.06	867.19	866.38	864.38	864.38	865.94	867.44	868.31	868.06	868.00	869.50	869.75	868.31	867.12	870.25	876.81	890.44	901.50	910.00	916.00	916.44	913.62	905.44	894.25	873.00	850.62	827.25	799.94	777.75	757.62	743.38	734.31	727.44	723.88	715.75	708.62	705.38	703.62	704.88	705.06	701.31	694.00	677.56	653.50	611.75	562.38	533.44	529.31	560.88	620.81	703.19	769.69	833.06	876.12	893.25	888.50	869.25	849.31	834.56	831.75	831.31	813.50	784.31	737.75	720.25	738.12	783.25	814.31	843.88	867.25	878.75	882.56	880.38	870.06	826.44	767.25	654.94	543.25	429.12	324.56	252.94	217.12	193.19	184.12	181.56	186.31	193.19	199.50	202.81	203.25	199.69	197.00	195.75	197.69	206.12	215.69	221.44	226.94	236.12	249.81	256.25	264.94	276.50	286.00	287.31	282.31	288.25	319.75	388.12	441.38	477.44	477.12	447.50	401.62	356.94	308.38	255.44	225.69	195.38	177.12	159.00	130.75	105.75	78.25	60.25	52.25	47.94	48.00	48.06	45.19	46.56	61.56	95.06	152.62	274.25	405.50	531.50	651.94	729.25	771.00	790.81	800.31	814.38	818.94	819.75	814.31	798.62	779.75	779.69	786.88	789.12	781.00	766.75	751.25	730.62	707.62	686.94	665.06	646.56	628.94	616.25	264.69	0.00	0.00	0.00	0.00	0.00	0.00	0.00	0.00	0.00	0.00	0.00	0.00	0.00	0.00	0.00	0.00	0.00	316.88	513.56	501.75	481.19	460.62	425.88	386.38	337.50	295.50	274.88	263.94	261.25	257.62	253.31	253.25	252.56	250.19	246.50	235.50	220.75	199.50	180.94	176.38	54.88	0.00	0.00	0.00	0.00	0.00	0.00	0.00	0.00	0.00	0.00	0.00	0.00	0.00	0.00	0.00	0.69	6.75	28.94	71.12	116.00	160.69	190.56	208.62	220.38	226.44	233.88	245.75	265.25	295.44	315.19	329.62	346.88	374.75
896.00	891.50	887.00	881.00	876.25	872.25	867.75	865.25	861.75	856.50	851.00	845.00	839.25	837.50	836.75	842.50	853.75	865.75	876.00	884.00	891.75	894.75	899.75	900.00	899.25	899.50	900.25	900.00	896.00	893.50	889.00	884.75	879.75	875.00	874.75	878.50	888.75	897.00	901.75	901.75	899.75	893.00	882.75	871.00	849.75	827.00	804.00	775.75	751.50	728.00	709.25	695.50	683.75	677.75	668.50	658.75	645.00	626.00	612.25	601.75	592.75	587.50	575.00	556.00	521.00	479.50	462.75	476.25	530.50	610.50	704.50	773.25	833.25	876.50	897.75	901.25	890.25	874.25	860.25	853.50	848.00	826.25	794.25	737.00	704.50	707.75	740.50	773.25	807.50	840.25	857.00	858.00	847.00	822.25	754.25	674.25	540.75	427.75	329.00	252.00	204.00	180.75	164.50	159.00	158.50	166.25	175.00	183.00	187.25	187.50	182.25	176.00	162.00	147.25	138.25	133.75	131.25	128.50	127.75	129.25	129.50	135.00	144.50	154.75	162.25	167.00	179.50	206.50	255.00	297.75	332.50	336.50	310.25	267.00	227.00	188.00	148.75	127.25	105.00	89.00	75.00	61.00	52.50	47.50	48.25	49.25	50.75	51.00	48.25	42.75	49.75	96.25	180.75	294.00	486.50	641.75	739.25	786.00	793.00	797.25	819.50	841.00	850.75	844.25	834.75	822.00	808.00	791.00	782.50	781.25	778.25	769.75	754.75	737.75	714.50	690.00	671.00	654.00	643.00	634.00	628.25	156.50	0.00	0.00	0.00	0.00	0.00	0.00	0.00	0.00	0.00	0.00	0.00	0.00	0.00	0.00	0.00	0.00	0.00	454.50	449.25	448.50	439.75	424.25	388.00	342.50	288.00	248.25	237.00	244.25	255.25	260.25	259.50	263.00	266.25	265.00	262.25	254.25	241.75	221.25	199.50	185.00	56.75	0.00	0.00	0.00	0.00	0.00	0.00	0.00	0.00	0.00	0.00	0.00	0.00	0.00	0.00	0.00	1.25	12.00	41.50	86.50	131.75	176.25	208.00	228.50	244.00	251.75	260.50	275.00	297.50	332.75	354.00	369.00	385.50	411.50
896.00	891.50	887.00	881.00	876.25	872.25	867.75	865.25	861.75	856.50	851.00	845.00	839.25	837.50	836.75	842.50	853.75	865.75	876.00	884.00	891.75	894.75	899.75	900.00	899.25	899.50	900.25	900.00	896.00	893.50	889.00	884.75	879.75	875.00	874.75	878.50	888.75	897.00	901.75	901.75	899.75	893.00	882.75	871.00	849.75	827.00	804.00	775.75	751.50	728.00	709.25	695.50	683.75	677.75	668.50	658.75	645.00	626.00	612.25	601.75	592.75	587.50	575.00	556.00	521.00	479.50	462.75	476.25	530.50	610.50	704.50	773.25	833.25	876.50	897.75	901.25	890.25	874.25	860.25	853.50	848.00	826.25	794.25	737.00	704.50	707.75	740.50	773.25	807.50	840.25	857.00	858.00	847.00	822.25	754.25	674.25	540.75	427.75	329.00	252.00	204.00	180.75	164.50	159.00	158.50	166.25	175.00	183.00	187.25	187.50	182.25	176.00	162.00	147.25	138.25	133.75	131.25	128.50	127.75	129.25	129.50	135.00	144.50	154.75	162.25	167.00	179.50	206.50	255.00	297.75	332.50	336.50	310.25	267.00	227.00	188.00	148.75	127.25	105.00	89.00	75.00	61.00	52.50	47.50	48.25	49.25	50.75	51.00	48.25	42.75	49.75	96.25	180.75	294.00	486.50	641.75	739.25	786.00	793.00	797.25	819.50	841.00	850.75	844.25	834.75	822.00	808.00	791.00	782.50	781.25	778.25	769.75	754.75	737.75	714.50	690.00	671.00	654.00	643.00	634.00	628.25	156.50	0.00	0.00	0.00	0.00	0.00	0.00	0.00	0.00	0.00	0.00	0.00	0.00	0.00	0.00	0.00	0.00	0.00	454.50	449.25	448.50	439.75	424.25	388.00	342.50	288.00	248.25	237.00	244.25	255.25	260.25	259.50	263.00	266.25	265.00	262.25	254.25	241.75	221.25	199.50	185.00	56.75	0.00	0.00	0.00	0.00	0.00	0.00	0.00	0.00	0.00	0.00	0.00	0.00	0.00	0.00	0.00	1.25	12.00	41.50	86.50	131.75	176.25	208.00	228.50	244.00	251.75	260.50	275.00	297.50	332.75	354.00	369.00	385.50	411.50
920.25	916.50	913.25	908.00	903.75	900.25	895.75	893.75	891.00	887.00	884.00	881.75	879.25	879.00	879.25	884.50	893.00	903.50	913.00	921.00	927.75	931.00	933.25	937.50	941.25	945.00	948.25	947.50	937.75	926.50	913.50	901.25	892.25	883.00	878.50	879.00	883.25	889.00	891.00	888.25	883.75	879.00	871.75	861.00	844.00	828.00	811.00	789.00	771.50	751.00	727.25	702.75	674.50	651.50	630.25	616.00	600.50	571.50	539.75	516.25	508.00	511.25	518.75	523.50	521.50	507.00	492.00	485.50	496.50	527.00	586.25	642.25	706.50	766.00	814.25	855.00	873.50	876.25	865.25	850.00	831.00	804.50	777.00	729.75	697.00	686.00	696.75	716.75	746.00	783.00	802.25	798.00	771.50	723.25	621.75	517.25	379.25	290.25	226.25	184.00	162.50	154.75	158.00	174.00	200.50	228.75	253.00	276.50	293.25	303.00	301.50	288.00	258.50	226.00	196.75	170.50	153.75	141.00	130.25	125.25	122.50	122.00	123.50	123.25	119.00	114.50	113.00	117.25	123.00	135.00	148.75	149.50	137.75	118.00	100.25	85.00	71.25	64.25	58.75	54.00	50.75	49.25	49.00	50.00	49.75	49.00	50.00	53.50	69.00	118.25	182.25	300.50	450.50	592.00	771.50	877.25	927.00	929.00	900.00	867.00	859.75	866.00	870.25	862.00	845.75	823.25	800.00	770.50	751.75	741.25	736.25	737.50	731.00	719.25	703.50	690.00	684.50	683.25	685.25	684.75	682.75	681.25	677.50	669.75	662.75	0.00	0.00	0.00	0.00	0.00	0.00	0.00	0.00	0.00	0.00	0.00	0.00	0.00	323.00	411.75	395.00	389.00	380.25	362.25	323.00	289.50	260.00	248.00	257.50	288.50	313.75	326.50	326.75	322.00	317.75	315.25	311.25	298.75	280.00	249.25	206.50	171.50	47.25	0.00	0.00	0.00	0.00	0.00	0.00	0.00	0.00	0.00	0.00	0.00	0.00	0.00	0.00	0.00	12.00	44.00	82.00	126.00	165.50	203.75	233.00	256.25	275.00	284.25	294.00	310.50	334.25	370.00	394.75	414.00	432.00	452.25
920.25	916.50	913.25	908.00	903.75	900.25	895.75	893.75	891.00	887.00	884.00	881.75	879.25	879.00	879.25	884.50	893.00	903.50	913.00	921.00	927.75	931.00	933.25	937.50	941.25	945.00	948.25	947.50	937.75	926.50	913.50	901.25	892.25	883.00	878.50	879.00	883.25	889.00	891.00	888.25	883.75	879.00	871.75	861.00	844.00	828.00	811.00	789.00	771.50	751.00	727.25	702.75	674.50	651.50	630.25	616.00	600.50	571.50	539.75	516.25	508.00	511.25	518.75	523.50	521.50	507.00	492.00	485.50	496.50	527.00	586.25	642.25	706.50	766.00	814.25	855.00	873.50	876.25	865.25	850.00	831.00	804.50	777.00	729.75	697.00	686.00	696.75	716.75	746.00	783.00	802.25	798.00	771.50	723.25	621.75	517.25	379.25	290.25	226.25	184.00	162.50	154.75	158.00	174.00	200.50	228.75	253.00	276.50	293.25	303.00	301.50	288.00	258.50	226.00	196.75	170.50	153.75	141.00	130.25	125.25	122.50	122.00	123.50	123.25	119.00	114.50	113.00	117.25	123.00	135.00	148.75	149.50	137.75	118.00	100.25	85.00	71.25	64.25	58.75	54.00	50.75	49.25	49.00	50.00	49.75	49.00	50.00	53.50	69.00	118.25	182.25	300.50	450.50	592.00	771.50	877.25	927.00	929.00	900.00	867.00	859.75	866.00	870.25	862.00	845.75	823.25	800.00	770.50	751.75	741.25	736.25	737.50	731.00	719.25	703.50	690.00	684.50	683.25	685.25	684.75	682.75	681.25	677.50	669.75	662.75	0.00	0.00	0.00	0.00	0.00	0.00	0.00	0.00	0.00	0.00	0.00	0.00	0.00	323.00	411.75	395.00	389.00	380.25	362.25	323.00	289.50	260.00	248.00	257.50	288.50	313.75	326.50	326.75	322.00	317.75	315.25	311.25	298.75	280.00	249.25	206.50	171.50	47.25	0.00	0.00	0.00	0.00	0.00	0.00	0.00	0.00	0.00	0.00	0.00	0.00	0.00	0.00	0.00	12.00	44.00	82.00	126.00	165.50	203.75	233.00	256.25	275.00	284.25	294.00	310.50	334.25	370.00	394.75	414.00	432.00	452.25
927.19	923.62	920.56	915.44	911.44	908.19	903.75	901.75	899.19	895.50	893.00	891.31	889.62	889.62	890.69	895.94	903.81	913.69	922.88	930.19	936.06	938.50	940.25	944.75	949.00	953.12	956.50	955.50	944.50	931.75	917.50	903.88	893.81	883.38	877.31	876.50	879.00	883.12	884.00	880.69	876.06	871.38	864.56	855.00	840.00	826.12	810.69	790.19	773.00	752.12	727.94	703.12	674.12	649.50	626.94	612.56	596.25	565.88	534.06	511.44	505.81	513.25	526.38	536.75	540.38	530.62	515.25	503.50	503.06	518.75	561.38	606.75	665.88	728.50	785.69	838.50	865.38	871.75	864.19	851.38	833.69	807.94	781.69	737.00	704.75	690.31	692.31	703.62	725.75	758.69	776.69	772.00	744.25	693.25	588.25	483.81	351.69	270.12	213.75	178.00	161.81	159.00	170.38	194.12	227.50	259.19	284.38	307.94	324.88	335.62	335.69	323.50	294.75	262.62	234.94	211.50	195.75	181.38	169.88	164.88	161.62	159.81	159.69	157.44	151.25	143.25	133.38	125.75	118.31	122.00	130.06	129.38	119.56	103.31	88.56	76.19	65.19	60.12	56.38	53.00	50.56	49.69	49.62	50.75	51.38	52.19	58.75	71.38	100.94	169.94	244.62	365.25	506.25	636.50	798.44	889.75	931.12	931.25	905.00	874.62	865.38	867.88	868.06	857.56	840.00	817.00	793.75	764.75	746.94	738.06	734.94	736.88	731.12	720.19	706.25	695.75	693.12	695.25	699.56	700.00	697.19	694.00	689.06	680.00	628.50	0.00	0.00	0.00	0.00	0.00	0.00	0.00	0.00	0.00	0.00	0.00	0.00	78.38	342.75	405.06	390.50	386.62	378.44	360.00	320.44	289.00	264.69	257.75	269.12	300.25	324.25	335.50	334.50	328.25	322.25	318.00	312.31	297.12	276.19	243.38	198.75	162.25	44.06	0.00	0.00	0.00	0.00	0.00	0.00	0.00	0.00	0.00	0.00	0.00	0.00	0.00	0.50	3.56	22.88	55.94	94.31	135.88	171.75	206.56	234.62	258.31	278.00	288.19	299.25	317.12	341.69	377.44	402.00	421.38	438.75	457.44
948.00	945.00	942.50	937.75	934.50	932.00	927.75	925.75	923.75	921.00	920.00	920.00	920.75	921.50	925.00	930.25	936.25	944.25	952.50	957.75	961.00	961.00	961.25	966.50	972.25	977.50	981.25	979.50	964.75	947.50	929.50	911.75	898.50	884.50	873.75	869.00	866.25	865.50	863.00	858.00	853.00	848.50	843.00	837.00	828.00	820.50	809.75	793.75	777.50	755.50	730.00	704.25	673.00	643.50	617.00	602.25	583.50	549.00	517.00	497.00	499.25	519.25	549.25	576.50	597.00	601.50	585.00	557.50	522.75	494.00	486.75	500.25	544.00	616.00	700.00	789.00	841.00	858.25	861.00	855.50	841.75	818.25	795.75	758.75	728.00	703.25	679.00	664.25	665.00	685.75	700.00	694.00	662.50	603.25	487.75	383.50	269.00	209.75	176.25	160.00	159.75	171.75	207.50	254.50	308.50	350.50	378.50	402.25	419.75	433.50	438.25	430.00	403.50	372.50	349.50	334.50	321.75	302.50	288.75	283.75	279.00	273.25	268.25	260.00	248.00	229.50	194.50	151.25	104.25	83.00	74.00	69.00	65.00	59.25	53.50	49.75	47.00	47.75	49.25	50.00	50.00	51.00	51.50	53.00	56.25	61.75	85.00	125.00	196.75	325.00	431.75	559.50	673.50	770.00	879.25	927.25	943.50	938.00	920.00	897.50	882.25	873.50	861.50	844.25	822.75	798.25	775.00	747.50	732.50	728.50	731.00	735.00	731.50	723.00	714.50	713.00	719.00	731.25	742.50	745.75	740.50	732.25	723.75	710.75	525.75	0.00	0.00	0.00	0.00	0.00	0.00	0.00	0.00	0.00	0.00	0.00	0.00	313.50	402.00	385.00	377.00	379.50	373.00	353.25	312.75	287.50	278.75	287.00	304.00	335.50	355.75	362.50	357.75	347.00	335.75	326.25	315.50	292.25	264.75	225.75	175.50	134.50	34.50	0.00	0.00	0.00	0.00	0.00	0.00	0.00	0.00	0.00	0.00	0.00	0.00	0.00	2.00	14.25	55.50	91.75	131.25	165.50	190.50	215.00	239.50	264.50	287.00	300.00	315.00	337.00	364.00	399.75	423.75	443.50	459.00	473.00
948.00	945.00	942.50	937.75	934.50	932.00	927.75	925.75	923.75	921.00	920.00	920.00	920.75	921.50	925.00	930.25	936.25	944.25	952.50	957.75	961.00	961.00	961.25	966.50	972.25	977.50	981.25	979.50	964.75	947.50	929.50	911.75	898.50	884.50	873.75	869.00	866.25	865.50	863.00	858.00	853.00	848.50	843.00	837.00	828.00	820.50	809.75	793.75	777.50	755.50	730.00	704.25	673.00	643.50	617.00	602.25	583.50	549.00	517.00	497.00	499.25	519.25	549.25	576.50	597.00	601.50	585.00	557.50	522.75	494.00	486.75	500.25	544.00	616.00	700.00	789.00	841.00	858.25	861.00	855.50	841.75	818.25	795.75	758.75	728.00	703.25	679.00	664.25	665.00	685.75	700.00	694.00	662.50	603.25	487.75	383.50	269.00	209.75	176.25	160.00	159.75	171.75	207.50	254.50	308.50	350.50	378.50	402.25	419.75	433.50	438.25	430.00	403.50	372.50	349.50	334.50	321.75	302.50	288.75	283.75	279.00	273.25	268.25	260.00	248.00	229.50	194.50	151.25	104.25	83.00	74.00	69.00	65.00	59.25	53.50	49.75	47.00	47.75	49.25	50.00	50.00	51.00	51.50	53.00	56.25	61.75	85.00	125.00	196.75	325.00	431.75	559.50	673.50	770.00	879.25	927.25	943.50	938.00	920.00	897.50	882.25	873.50	861.50	844.25	822.75	798.25	775.00	747.50	732.50	728.50	731.00	735.00	731.50	723.00	714.50	713.00	719.00	731.25	742.50	745.75	740.50	732.25	723.75	710.75	525.75	0.00	0.00	0.00	0.00	0.00	0.00	0.00	0.00	0.00	0.00	0.00	0.00	313.50	402.00	385.00	377.00	379.50	373.00	353.25	312.75	287.50	278.75	287.00	304.00	335.50	355.75	362.50	357.75	347.00	335.75	326.25	315.50	292.25	264.75	225.75	175.50	134.50	34.50	0.00	0.00	0.00	0.00	0.00	0.00	0.00	0.00	0.00	0.00	0.00	0.00	0.00	2.00	14.25	55.50	91.75	131.25	165.50	190.50	215.00	239.50	264.50	287.00	300.00	315.00	337.00	364.00	399.75	423.75	443.50	459.00	473.00
975.25	973.00	971.25	966.75	964.00	962.50	958.75	956.75	955.00	953.00	953.00	953.50	956.25	958.25	962.25	966.75	970.00	974.75	980.50	982.00	981.00	978.50	980.75	983.50	984.75	985.50	985.25	980.50	964.50	946.50	927.25	909.00	894.75	878.00	863.25	853.25	843.75	835.50	828.75	821.25	815.25	808.50	800.25	793.00	785.00	781.00	772.75	758.75	741.00	716.25	689.00	665.00	641.00	622.75	605.50	595.25	578.50	552.00	532.75	528.25	546.00	579.50	622.25	659.75	693.50	711.50	703.75	676.00	627.00	566.75	500.25	458.50	445.75	488.00	571.25	675.50	743.50	777.75	805.50	829.00	840.75	837.25	823.25	795.00	765.00	728.50	673.00	623.00	586.50	574.25	574.00	565.25	537.00	481.75	376.50	290.50	209.75	175.75	162.50	166.00	186.25	216.00	278.25	349.50	424.00	476.00	504.50	526.00	538.75	548.50	555.75	558.50	553.00	538.00	533.00	537.50	534.50	520.25	513.75	518.75	520.50	515.75	503.75	483.50	452.75	404.75	318.75	219.50	128.75	85.25	60.50	51.00	49.00	48.25	47.25	46.50	45.25	47.00	48.25	52.00	56.00	63.00	75.00	97.50	125.25	151.50	203.50	270.00	366.00	505.00	599.50	680.75	727.50	771.50	825.25	845.00	853.75	860.25	866.00	868.50	864.50	854.75	837.00	817.50	797.75	777.00	759.50	742.50	736.25	738.50	745.25	748.50	746.75	742.25	740.75	746.50	760.25	778.50	792.00	793.25	784.00	769.50	755.50	371.00	0.00	0.00	0.00	0.00	0.00	0.00	0.00	0.00	0.00	0.00	0.00	102.75	403.75	396.25	384.50	379.50	386.00	400.50	403.50	390.50	357.50	336.50	333.50	341.00	351.00	365.50	369.25	362.75	351.00	338.00	323.00	304.00	283.00	248.00	212.25	165.75	89.25	52.50	9.25	0.00	0.00	0.00	0.00	0.00	0.00	0.00	0.00	0.00	0.00	2.50	16.50	27.25	44.25	65.25	99.25	128.25	159.75	182.00	197.00	212.25	232.25	257.25	282.75	299.00	321.50	352.00	383.00	416.50	436.75	456.75	471.25	481.25
999.00	996.50	996.25	992.25	989.75	988.50	984.75	982.50	981.00	979.00	978.00	979.00	981.00	983.25	984.75	987.50	988.75	990.25	992.00	990.75	986.75	981.75	985.75	983.25	976.25	970.50	963.75	955.75	941.25	927.00	910.25	893.25	880.50	865.50	849.75	837.25	822.00	811.00	802.00	793.00	785.00	771.50	753.25	737.25	719.50	711.50	704.00	693.75	678.50	654.50	629.00	609.75	597.75	598.50	599.75	599.00	594.00	586.50	584.00	593.75	622.50	658.25	699.00	734.00	768.50	796.50	803.00	794.50	764.75	712.00	623.00	541.50	459.50	429.00	459.25	523.75	579.50	623.50	676.00	730.25	773.00	799.25	798.00	776.25	745.50	699.50	628.00	561.75	501.00	462.25	448.00	435.25	413.00	371.25	294.50	235.00	183.50	164.50	163.75	182.25	218.75	260.50	332.75	411.50	501.50	566.25	602.50	628.50	639.50	647.25	658.25	673.00	691.00	689.75	685.00	679.50	668.25	654.00	651.75	662.25	671.50	669.00	648.25	613.50	555.75	475.75	351.75	227.00	126.75	81.75	57.75	49.50	48.75	48.75	49.00	48.75	48.25	53.25	62.75	82.50	105.25	145.25	189.00	250.50	310.25	355.00	417.00	471.00	528.25	597.00	635.50	659.50	670.75	692.00	727.75	747.25	764.00	783.00	800.00	813.50	821.50	824.00	816.00	803.25	789.75	775.00	764.50	756.00	753.50	755.75	760.00	763.75	765.00	765.00	768.75	779.50	796.00	814.00	823.50	821.50	809.75	793.00	0.00	0.00	0.00	0.00	0.00	0.00	0.00	0.00	0.00	0.00	0.00	109.50	427.00	416.00	404.75	397.25	391.25	393.25	404.25	423.00	434.75	432.50	416.00	402.50	393.50	390.25	388.00	379.00	363.50	344.50	325.75	309.50	290.25	263.00	233.25	187.75	148.25	98.00	9.25	0.00	0.00	0.00	0.00	0.00	0.00	0.00	0.00	0.00	0.00	9.50	32.25	40.50	50.25	64.50	77.75	95.00	119.25	139.25	161.50	178.50	195.00	212.75	232.50	255.75	281.25	298.00	324.00	360.50	395.50	426.75	444.50	465.75	481.50	491.25
999.00	996.50	996.25	992.25	989.75	988.50	984.75	982.50	981.00	979.00	978.00	979.00	981.00	983.25	984.75	987.50	988.75	990.25	992.00	990.75	986.75	981.75	985.75	983.25	976.25	970.50	963.75	955.75	941.25	927.00	910.25	893.25	880.50	865.50	849.75	837.25	822.00	811.00	802.00	793.00	785.00	771.50	753.25	737.25	719.50	711.50	704.00	693.75	678.50	654.50	629.00	609.75	597.75	598.50	599.75	599.00	594.00	586.50	584.00	593.75	622.50	658.25	699.00	734.00	768.50	796.50	803.00	794.50	764.75	712.00	623.00	541.50	459.50	429.00	459.25	523.75	579.50	623.50	676.00	730.25	773.00	799.25	798.00	776.25	745.50	699.50	628.00	561.75	501.00	462.25	448.00	435.25	413.00	371.25	294.50	235.00	183.50	164.50	163.75	182.25	218.75	260.50	332.75	411.50	501.50	566.25	602.50	628.50	639.50	647.25	658.25	673.00	691.00	689.75	685.00	679.50	668.25	654.00	651.75	662.25	671.50	669.00	648.25	613.50	555.75	475.75	351.75	227.00	126.75	81.75	57.75	49.50	48.75	48.75	49.00	48.75	48.25	53.25	62.75	82.50	105.25	145.25	189.00	250.50	310.25	355.00	417.00	471.00	528.25	597.00	635.50	659.50	670.75	692.00	727.75	747.25	764.00	783.00	800.00	813.50	821.50	824.00	816.00	803.25	789.75	775.00	764.50	756.00	753.50	755.75	760.00	763.75	765.00	765.00	768.75	779.50	796.00	814.00	823.50	821.50	809.75	793.00	0.00	0.00	0.00	0.00	0.00	0.00	0.00	0.00	0.00	0.00	0.00	109.50	427.00	416.00	404.75	397.25	391.25	393.25	404.25	423.00	434.75	432.50	416.00	402.50	393.50	390.25	388.00	379.00	363.50	344.50	325.75	309.50	290.25	263.00	233.25	187.75	148.25	98.00	9.25	0.00	0.00	0.00	0.00	0.00	0.00	0.00	0.00	0.00	0.00	9.50	32.25	40.50	50.25	64.50	77.75	95.00	119.25	139.25	161.50	178.50	195.00	212.75	232.50	255.75	281.25	298.00	324.00	360.50	395.50	426.75	444.50	465.75	481.50	491.25
1009.50	1007.50	1007.25	1003.12	1000.75	999.12	995.75	993.62	991.50	989.00	988.00	988.00	989.12	990.62	990.62	991.62	991.75	992.38	993.00	989.50	984.25	978.88	976.88	971.50	964.25	957.62	949.75	942.00	929.12	916.25	901.12	884.12	871.25	855.75	840.12	827.50	812.25	802.50	795.38	786.25	776.25	757.25	732.38	711.25	688.50	678.00	673.88	669.62	659.50	641.62	622.50	608.75	602.50	608.75	617.00	622.75	624.25	624.25	627.12	639.62	665.62	695.88	729.62	758.50	787.75	813.50	823.62	823.62	807.50	768.38	691.00	609.75	513.38	447.50	436.12	460.25	494.25	530.62	580.50	636.25	686.00	721.75	725.00	704.62	672.25	624.88	554.38	494.00	437.25	401.12	388.38	377.25	357.50	322.62	261.25	214.25	173.50	159.38	162.62	186.12	226.25	268.38	338.00	415.75	512.38	586.12	630.00	661.50	676.75	690.38	708.25	730.00	749.50	740.00	714.50	678.88	645.25	615.50	601.88	603.12	606.75	601.00	576.25	538.00	475.88	395.25	282.50	178.88	98.88	66.50	52.75	49.25	48.88	49.38	50.62	52.00	57.00	71.00	101.75	141.25	188.62	260.75	324.88	401.00	462.00	499.50	548.75	580.25	604.50	631.50	650.00	667.50	682.62	702.88	733.12	751.50	768.25	786.00	799.00	807.50	814.00	820.25	815.25	805.12	793.25	780.00	770.50	762.00	758.38	759.88	764.00	768.00	770.50	772.50	777.88	790.50	807.00	824.12	832.62	830.00	715.75	396.50	0.00	0.00	0.00	0.00	0.00	0.00	0.00	0.00	0.00	119.00	232.50	278.12	430.25	422.88	414.75	408.88	402.88	402.00	408.88	422.38	429.75	429.62	421.12	413.50	408.38	404.62	399.25	383.75	362.12	337.50	313.38	293.25	269.62	239.00	206.62	157.38	115.88	71.00	5.50	0.00	0.00	0.00	0.00	0.00	0.00	5.88	10.38	14.88	20.12	28.75	45.12	54.00	62.75	74.00	83.88	97.38	117.88	137.00	161.75	184.75	205.88	227.88	250.25	273.12	295.75	309.50	331.25	366.50	403.62	437.12	455.25	477.25	493.38	504.50
1020.00	1018.50	1018.25	1014.00	1011.75	1009.75	1006.75	1004.75	1002.00	999.00	998.00	997.00	997.25	998.00	996.50	995.75	994.75	994.50	994.00	988.25	981.75	976.00	968.00	959.75	952.25	944.75	935.75	928.25	917.00	905.50	892.00	875.00	862.00	846.00	830.50	817.75	802.50	794.00	788.75	779.50	767.50	743.00	711.50	685.25	657.50	644.50	643.75	645.50	640.50	628.75	616.00	607.75	607.25	619.00	634.25	646.50	654.50	662.00	670.25	685.50	708.75	733.50	760.25	783.00	807.00	830.50	844.25	852.75	850.25	824.75	759.00	678.00	567.25	466.00	413.00	396.75	409.00	437.75	485.00	542.25	599.00	644.25	652.00	633.00	599.00	550.25	480.75	426.25	373.50	340.00	328.75	319.25	302.00	274.00	228.00	193.50	163.50	154.25	161.50	190.00	233.75	276.25	343.25	420.00	523.25	606.00	657.50	694.50	714.00	733.50	758.25	787.00	808.00	790.25	744.00	678.25	622.25	577.00	552.00	544.00	542.00	533.00	504.25	462.50	396.00	314.75	213.25	130.75	71.00	51.25	47.75	49.00	49.00	50.00	52.25	55.25	65.75	88.75	140.75	200.00	272.00	376.25	460.75	551.50	613.75	644.00	680.50	689.50	680.75	666.00	664.50	675.50	694.50	713.75	738.50	755.75	772.50	789.00	798.00	801.50	806.50	816.50	814.50	807.00	796.75	785.00	776.50	768.00	763.25	764.00	768.00	772.25	776.00	780.00	787.00	801.50	818.00	834.25	841.75	838.50	621.75	0.00	0.00	0.00	0.00	0.00	0.00	0.00	0.00	0.00	0.00	238.00	465.00	446.75	433.50	429.75	424.75	420.50	414.50	410.75	413.50	421.75	424.75	426.75	426.25	424.50	423.25	419.00	410.50	388.50	360.75	330.50	301.00	277.00	249.00	215.00	180.00	127.00	83.50	44.00	1.75	0.00	0.00	0.00	0.00	0.00	0.00	11.75	20.75	29.75	40.25	48.00	58.00	67.50	75.25	83.50	90.00	99.75	116.50	134.75	162.00	191.00	216.75	243.00	268.00	290.50	310.25	321.00	338.50	372.50	411.75	447.50	466.00	488.75	505.25	517.75
1020.00	1018.50	1018.25	1014.00	1011.75	1009.75	1006.75	1004.75	1002.00	999.00	998.00	997.00	997.25	998.00	996.50	995.75	994.75	994.50	994.00	988.25	981.75	976.00	968.00	959.75	952.25	944.75	935.75	928.25	917.00	905.50	892.00	875.00	862.00	846.00	830.50	817.75	802.50	794.00	788.75	779.50	767.50	743.00	711.50	685.25	657.50	644.50	643.75	645.50	640.50	628.75	616.00	607.75	607.25	619.00	634.25	646.50	654.50	662.00	670.25	685.50	708.75	733.50	760.25	783.00	807.00	830.50	844.25	852.75	850.25	824.75	759.00	678.00	567.25	466.00	413.00	396.75	409.00	437.75	485.00	542.25	599.00	644.25	652.00	633.00	599.00	550.25	480.75	426.25	373.50	340.00	328.75	319.25	302.00	274.00	228.00	193.50	163.50	154.25	161.50	190.00	233.75	276.25	343.25	420.00	523.25	606.00	657.50	694.50	714.00	733.50	758.25	787.00	808.00	790.25	744.00	678.25	622.25	577.00	552.00	544.00	542.00	533.00	504.25	462.50	396.00	314.75	213.25	130.75	71.00	51.25	47.75	49.00	49.00	50.00	52.25	55.25	65.75	88.75	140.75	200.00	272.00	376.25	460.75	551.50	613.75	644.00	680.50	689.50	680.75	666.00	664.50	675.50	694.50	713.75	738.50	755.75	772.50	789.00	798.00	801.50	806.50	816.50	814.50	807.00	796.75	785.00	776.50	768.00	763.25	764.00	768.00	772.25	776.00	780.00	787.00	801.50	818.00	834.25	841.75	838.50	621.75	0.00	0.00	0.00	0.00	0.00	0.00	0.00	0.00	0.00	0.00	238.00	465.00	446.75	433.50	429.75	424.75	420.50	414.50	410.75	413.50	421.75	424.75	426.75	426.25	424.50	423.25	419.00	410.50	388.50	360.75	330.50	301.00	277.00	249.00	215.00	180.00	127.00	83.50	44.00	1.75	0.00	0.00	0.00	0.00	0.00	0.00	11.75	20.75	29.75	40.25	48.00	58.00	67.50	75.25	83.50	90.00	99.75	116.50	134.75	162.00	191.00	216.75	243.00	268.00	290.50	310.25	321.00	338.50	372.50	411.75	447.50	466.00	488.75	505.25	517.75
1042.25	1040.00	1038.75	1034.00	1031.50	1028.75	1024.75	1021.50	1018.00	1014.50	1011.00	1007.75	1004.50	1002.00	997.75	993.25	989.00	980.25	968.00	959.00	951.00	947.25	940.75	932.75	925.75	919.25	912.00	906.75	898.75	891.00	877.75	859.75	843.50	822.00	800.75	785.25	769.25	761.50	756.75	746.75	732.50	708.50	681.00	660.50	646.75	651.00	666.00	683.75	693.50	694.75	694.75	698.75	707.75	718.75	732.75	746.25	750.00	751.00	755.25	762.75	774.25	786.25	797.75	805.75	808.50	813.00	818.75	824.75	834.50	841.00	823.00	777.00	683.75	569.00	471.25	390.50	346.00	320.75	313.75	326.50	350.25	371.50	372.00	350.75	323.00	292.00	257.25	234.75	217.50	212.00	216.25	218.00	208.00	190.75	165.25	151.00	140.75	139.25	149.00	177.25	219.25	258.00	318.00	384.00	472.50	546.00	597.25	645.50	685.25	728.50	764.75	782.00	759.50	694.25	603.50	496.25	413.50	349.00	309.75	283.50	262.50	247.50	225.75	201.75	167.00	125.75	83.00	57.25	42.25	43.00	48.50	54.00	56.00	59.50	69.25	93.25	159.00	232.75	361.50	470.50	580.00	700.25	767.00	813.00	824.25	818.75	818.75	814.50	780.75	751.00	755.50	775.75	807.75	821.00	835.50	846.25	857.75	867.75	868.50	860.25	851.75	843.75	832.75	821.75	809.50	795.00	784.50	776.50	771.50	770.25	771.25	774.25	778.25	783.25	792.75	806.50	820.75	834.75	841.00	210.00	0.00	0.00	0.00	0.00	0.00	0.00	0.00	0.00	0.00	391.50	503.75	481.00	468.00	455.50	447.50	448.00	446.00	442.50	434.25	423.50	406.75	385.00	363.75	355.00	361.50	377.00	398.75	410.25	407.00	386.25	355.50	320.75	283.25	249.50	212.25	173.00	138.00	67.75	0.00	0.00	0.00	0.00	0.00	0.00	0.00	0.00	0.25	4.50	11.00	19.00	31.00	40.75	50.25	57.50	61.00	66.00	76.50	97.50	137.50	174.25	217.50	254.50	285.75	321.25	356.25	382.75	384.50	375.00	370.25	390.00	429.00	475.75	502.50	522.00	539.75	558.75
1042.25	1040.00	1038.75	1034.00	1031.50	1028.75	1024.75	1021.50	1018.00	1014.50	1011.00	1007.75	1004.50	1002.00	997.75	993.25	989.00	980.25	968.00	959.00	951.00	947.25	940.75	932.75	925.75	919.25	912.00	906.75	898.75	891.00	877.75	859.75	843.50	822.00	800.75	785.25	769.25	761.50	756.75	746.75	732.50	708.50	681.00	660.50	646.75	651.00	666.00	683.75	693.50	694.75	694.75	698.75	707.75	718.75	732.75	746.25	750.00	751.00	755.25	762.75	774.25	786.25	797.75	805.75	808.50	813.00	818.75	824.75	834.50	841.00	823.00	777.00	683.75	569.00	471.25	390.50	346.00	320.75	313.75	326.50	350.25	371.50	372.00	350.75	323.00	292.00	257.25	234.75	217.50	212.00	216.25	218.00	208.00	190.75	165.25	151.00	140.75	139.25	149.00	177.25	219.25	258.00	318.00	384.00	472.50	546.00	597.25	645.50	685.25	728.50	764.75	782.00	759.50	694.25	603.50	496.25	413.50	349.00	309.75	283.50	262.50	247.50	225.75	201.75	167.00	125.75	83.00	57.25	42.25	43.00	48.50	54.00	56.00	59.50	69.25	93.25	159.00	232.75	361.50	470.50	580.00	700.25	767.00	813.00	824.25	818.75	818.75	814.50	780.75	751.00	755.50	775.75	807.75	821.00	835.50	846.25	857.75	867.75	868.50	860.25	851.75	843.75	832.75	821.75	809.50	795.00	784.50	776.50	771.50	770.25	771.25	774.25	778.25	783.25	792.75	806.50	820.75	834.75	841.00	210.00	0.00	0.00	0.00	0.00	0.00	0.00	0.00	0.00	0.00	391.50	503.75	481.00	468.00	455.50	447.50	448.00	446.00	442.50	434.25	423.50	406.75	385.00	363.75	355.00	361.50	377.00	398.75	410.25	407.00	386.25	355.50	320.75	283.25	249.50	212.25	173.00	138.00	67.75	0.00	0.00	0.00	0.00	0.00	0.00	0.00	0.00	0.25	4.50	11.00	19.00	31.00	40.75	50.25	57.50	61.00	66.00	76.50	97.50	137.50	174.25	217.50	254.50	285.75	321.25	356.25	382.75	384.50	375.00	370.25	390.00	429.00	475.75	502.50	522.00	539.75	558.75
1055.38	1052.38	1050.38	1045.44	1042.00	1037.56	1032.81	1027.88	1023.44	1019.38	1013.62	1008.50	1003.19	997.88	992.12	985.38	979.25	969.56	958.25	948.88	940.69	935.25	928.38	921.12	914.69	908.38	902.62	898.50	892.00	883.50	868.75	847.94	828.88	804.75	781.44	765.00	748.06	737.50	728.25	715.62	705.12	691.62	682.31	680.75	689.12	706.12	726.56	747.88	759.88	766.94	770.88	775.44	779.56	780.62	783.19	786.94	785.25	781.75	782.81	788.25	798.06	807.81	814.44	816.25	812.25	803.62	796.44	790.62	787.06	787.94	782.69	750.38	676.25	563.38	455.12	361.44	307.94	272.56	250.38	241.75	242.25	242.12	237.75	222.69	206.75	192.44	178.31	169.31	160.88	158.94	161.50	162.31	157.00	148.94	136.56	130.56	125.75	124.81	130.81	149.50	179.50	208.88	255.19	302.62	361.12	412.31	449.69	489.88	524.94	555.81	572.00	567.12	527.38	464.56	392.94	315.88	259.56	217.19	191.81	174.56	162.75	153.38	140.06	126.19	106.25	84.12	62.38	51.44	44.50	46.19	51.88	60.75	65.56	75.44	97.75	142.38	234.19	314.50	423.94	502.00	574.75	653.56	697.25	724.88	730.12	732.12	753.12	775.50	777.94	777.06	786.06	803.31	823.69	834.50	847.88	858.06	868.81	877.12	877.50	870.56	863.75	858.75	845.31	830.94	815.69	800.25	789.75	781.00	774.88	771.38	769.75	768.44	770.00	773.31	780.38	791.12	802.19	813.94	515.31	52.50	0.00	0.00	0.00	0.00	0.00	0.00	0.00	0.00	301.31	487.12	502.44	484.94	474.19	464.88	458.38	456.06	450.31	442.88	429.19	413.19	391.75	364.75	338.06	322.19	319.69	327.88	347.75	363.56	367.81	360.19	341.06	312.31	273.50	236.38	194.06	151.25	117.00	52.75	0.00	0.00	0.00	0.00	0.00	0.00	0.00	0.00	0.06	1.88	5.75	12.44	22.56	31.19	39.19	45.50	52.94	69.38	94.50	130.69	185.88	228.25	272.81	311.88	351.56	398.12	436.12	452.69	436.81	417.00	404.75	415.12	443.44	478.94	502.31	521.44	540.50	562.31
1059.75	1056.50	1054.25	1049.25	1045.50	1040.50	1035.50	1030.00	1025.25	1021.00	1014.50	1008.75	1002.75	996.50	990.25	982.75	976.00	966.00	955.00	945.50	937.25	931.25	924.25	917.25	911.00	904.75	899.50	895.75	889.75	881.00	865.75	844.00	824.00	799.00	775.00	758.25	741.00	729.50	718.75	705.25	696.00	686.00	682.75	687.50	703.25	724.50	746.75	769.25	782.00	791.00	796.25	801.00	803.50	801.25	800.00	800.50	797.00	792.00	792.00	796.75	806.00	815.00	820.00	819.75	813.50	800.50	789.00	779.25	771.25	770.25	769.25	741.50	673.75	561.50	449.75	351.75	295.25	256.50	229.25	213.50	206.25	199.00	193.00	180.00	168.00	159.25	152.00	147.50	142.00	141.25	143.25	143.75	140.00	135.00	127.00	123.75	120.75	120.00	124.75	140.25	166.25	192.50	234.25	275.50	324.00	367.75	400.50	438.00	471.50	498.25	507.75	495.50	450.00	388.00	322.75	255.75	208.25	173.25	152.50	138.25	129.50	122.00	111.50	101.00	86.00	70.25	55.50	49.50	45.25	47.25	53.00	63.00	68.75	80.75	107.25	158.75	259.25	341.75	444.75	512.50	573.00	638.00	674.00	695.50	698.75	703.25	731.25	762.50	777.00	785.75	796.25	812.50	829.00	839.00	852.00	862.00	872.50	880.25	880.50	874.00	867.75	863.75	849.50	834.00	817.75	802.00	791.50	782.50	776.00	771.75	769.25	766.50	767.25	770.00	776.25	786.00	796.00	807.00	406.75	0.00	0.00	0.00	0.00	0.00	0.00	0.00	0.00	0.00	401.75	519.00	502.00	486.25	476.25	468.00	462.00	458.75	451.75	443.00	427.50	409.75	386.75	358.00	329.50	311.25	305.75	311.50	330.75	348.00	354.75	351.50	336.25	309.50	270.25	232.00	188.00	144.00	110.00	47.75	0.00	0.00	0.00	0.00	0.00	0.00	0.00	0.00	0.00	1.00	4.00	10.25	19.75	28.00	35.50	41.50	50.25	70.50	100.50	141.75	202.00	246.25	291.25	331.00	373.50	423.75	462.75	476.00	454.25	431.00	416.25	423.50	448.25	480.00	502.25	521.25	540.75	563.50
1063.31	1059.75	1057.25	1052.19	1048.12	1043.00	1037.94	1031.94	1026.94	1022.25	1015.25	1009.06	1002.69	995.75	989.38	981.62	974.31	964.25	953.25	943.62	935.19	929.12	922.12	915.31	909.06	902.94	897.50	893.56	887.00	877.75	862.50	840.50	820.88	796.62	774.12	758.19	741.00	728.88	717.12	703.50	695.25	688.12	688.75	696.69	715.50	738.00	759.50	781.12	793.50	802.69	808.25	812.62	814.00	810.00	806.94	805.88	801.75	796.12	795.19	798.56	805.94	813.81	818.69	819.31	814.62	802.38	788.75	773.38	756.00	745.19	736.62	706.12	638.69	529.12	421.81	329.50	277.31	241.44	215.75	200.50	193.38	187.31	183.75	176.94	171.25	168.62	166.69	164.94	162.25	163.19	166.19	167.38	164.50	159.88	149.44	142.12	131.56	125.25	125.50	136.50	157.81	180.25	216.75	252.62	294.06	332.44	359.75	390.56	417.75	437.44	441.75	428.38	386.88	332.81	277.69	222.75	184.31	156.12	140.69	131.06	124.62	116.44	104.00	92.62	79.25	66.12	54.06	49.38	46.12	48.44	54.75	66.50	76.50	95.81	132.00	194.44	298.88	375.06	459.56	514.75	568.00	629.94	664.19	682.12	681.50	683.38	710.81	747.00	770.50	787.38	799.81	815.69	830.06	839.06	851.19	860.88	870.81	878.44	879.12	873.50	867.56	863.31	849.75	834.25	818.31	803.06	792.62	783.00	775.81	770.50	766.50	762.19	761.06	762.75	768.06	776.88	786.25	796.62	401.56	0.00	0.00	0.00	0.00	0.00	0.00	0.00	0.00	138.31	432.94	516.50	500.81	486.25	476.94	468.69	462.00	457.00	447.81	437.69	420.38	401.44	377.94	349.25	320.50	301.50	291.88	293.50	307.50	321.75	328.81	328.81	317.62	294.38	257.88	220.62	177.56	127.50	89.38	36.94	0.00	0.00	0.00	0.00	0.00	0.00	0.00	0.00	0.00	0.75	3.31	8.75	17.94	26.25	34.38	42.62	54.88	79.75	113.50	157.69	220.06	265.19	311.31	352.12	394.94	443.62	478.69	486.94	462.62	440.50	428.50	437.00	459.94	488.62	507.56	523.19	539.31	559.38
1074.00	1069.50	1066.25	1061.00	1056.00	1050.50	1045.25	1037.75	1032.00	1026.00	1017.50	1010.00	1002.50	993.50	986.75	978.25	969.25	959.00	948.00	938.00	929.00	922.75	915.75	909.50	903.25	897.50	891.50	887.00	878.75	868.00	852.75	830.00	811.50	789.50	771.50	758.00	741.00	727.00	712.25	698.25	693.00	694.50	706.75	724.25	752.25	778.50	797.75	816.75	828.00	837.75	844.25	847.50	845.50	836.25	827.75	822.00	816.00	808.50	804.75	804.00	805.75	810.25	814.75	818.00	818.00	808.00	788.00	755.75	710.25	670.00	638.75	600.00	533.50	432.00	338.00	262.75	223.50	196.25	175.25	161.50	154.75	152.25	156.00	167.75	181.00	196.75	210.75	217.25	223.00	229.00	235.00	238.25	238.00	234.50	216.75	197.25	164.00	141.00	127.75	125.25	132.50	143.50	164.25	184.00	204.25	226.50	237.50	248.25	256.50	255.00	243.75	227.00	197.50	167.25	142.50	123.75	112.50	104.75	105.25	109.50	110.00	99.75	81.50	67.50	59.00	53.75	49.75	49.00	48.75	52.00	60.00	77.00	99.75	141.00	206.25	301.50	417.75	475.00	504.00	521.50	553.00	605.75	634.75	642.00	629.75	623.75	649.50	700.50	751.00	792.25	810.50	825.25	833.25	839.25	848.75	857.50	865.75	873.00	875.00	872.00	867.00	862.00	850.50	835.00	820.00	806.25	796.00	784.50	775.25	766.75	758.25	749.25	742.50	741.00	743.50	749.50	757.00	765.50	386.00	0.00	0.00	0.00	0.00	0.00	0.00	0.00	0.00	553.25	526.50	509.00	497.25	486.25	479.00	470.75	462.00	451.75	436.00	421.75	399.00	376.50	351.50	323.00	293.50	272.25	250.25	239.50	237.75	243.00	251.00	260.75	261.75	249.00	220.75	186.50	146.25	78.00	27.50	4.50	0.00	0.00	0.00	0.00	0.00	0.00	0.00	0.00	0.00	0.00	1.25	4.25	12.50	21.00	31.00	46.00	68.75	107.50	152.50	205.50	274.25	322.00	371.50	415.50	459.25	503.25	526.50	519.75	487.75	469.00	465.25	477.50	495.00	514.50	523.50	529.00	535.00	547.00
1077.25	1072.62	1069.19	1064.00	1058.94	1053.12	1047.62	1039.94	1033.81	1027.62	1019.00	1011.25	1003.50	994.25	987.31	978.50	969.19	958.50	947.38	937.06	928.25	921.88	914.81	908.50	902.44	896.69	890.44	885.69	877.19	866.38	851.56	829.81	812.50	792.50	776.31	764.31	748.62	734.50	719.69	705.56	700.56	702.75	715.25	731.94	757.44	780.75	797.81	814.62	825.12	834.50	841.19	844.50	842.81	834.44	826.62	821.25	815.75	808.25	803.56	800.81	799.81	801.88	806.00	810.25	812.00	804.38	783.56	746.50	692.50	642.69	601.81	558.69	491.75	396.25	310.50	244.00	211.31	189.88	175.31	167.94	167.56	172.19	181.00	200.38	221.12	243.50	262.06	270.00	277.00	284.69	292.19	297.00	297.00	292.25	268.38	239.44	191.44	158.00	137.50	130.19	134.31	143.69	163.12	183.25	205.75	229.12	239.81	247.94	252.19	246.50	233.19	217.25	190.88	164.44	144.38	131.69	126.38	125.25	130.69	137.50	134.50	115.31	87.88	68.75	58.50	53.62	50.19	49.50	49.88	53.62	62.88	83.00	112.50	165.19	242.81	349.69	469.94	522.31	538.19	548.38	578.50	631.25	658.25	659.62	639.88	627.56	647.81	698.50	750.81	793.69	811.69	825.56	832.38	837.25	845.25	853.06	860.94	868.00	870.62	868.75	864.44	859.81	849.50	834.31	820.00	806.94	796.75	785.00	774.94	765.44	755.44	745.06	736.38	733.25	734.38	739.00	745.06	752.94	470.25	0.00	0.00	0.00	0.00	0.00	0.00	0.00	0.00	547.06	521.00	504.69	493.69	482.94	475.25	465.88	455.75	444.25	427.00	411.69	387.62	364.31	338.94	310.50	280.81	258.88	234.12	220.38	213.88	215.25	221.69	231.62	234.06	224.12	199.38	167.88	130.69	64.38	20.62	3.38	0.00	0.00	0.00	0.00	0.00	0.00	0.00	0.00	0.00	0.00	0.94	3.56	11.69	21.06	33.62	52.38	79.75	122.31	169.31	223.69	293.75	342.19	391.50	434.00	474.31	512.56	530.81	521.56	492.25	477.00	477.00	491.25	508.62	526.00	532.19	534.50	536.44	545.19
1087.00	1082.00	1078.00	1073.00	1067.75	1061.00	1054.75	1046.50	1039.25	1032.50	1023.50	1015.00	1006.50	996.50	989.00	979.25	969.00	957.00	945.50	934.25	926.00	919.25	912.00	905.50	900.00	894.25	887.25	881.75	872.50	861.50	848.00	829.25	815.50	801.50	790.75	783.25	771.50	757.00	742.00	727.50	723.25	727.50	740.75	755.00	773.00	787.50	798.00	808.25	816.50	824.75	832.00	835.50	834.75	829.00	823.25	819.00	815.00	807.50	800.00	791.25	782.00	776.75	779.75	787.00	794.00	793.50	770.25	718.75	639.25	560.75	491.00	434.75	366.50	289.00	228.00	187.75	174.75	170.75	175.50	187.25	206.00	232.00	256.00	298.25	341.50	383.75	416.00	428.25	439.00	451.75	463.75	473.25	474.00	465.50	423.25	366.00	273.75	209.00	166.75	145.00	139.75	144.25	159.75	181.00	210.25	237.00	246.75	247.00	239.25	221.00	201.50	188.00	171.00	156.00	150.00	155.50	168.00	186.75	207.00	221.50	208.00	162.00	107.00	72.50	57.00	53.25	51.50	51.00	53.25	58.50	71.50	101.00	150.75	237.75	352.50	494.25	626.50	664.25	640.75	629.00	655.00	707.75	728.75	712.50	670.25	639.00	642.75	692.50	750.25	798.00	815.25	826.50	829.75	831.25	834.75	839.75	846.50	853.00	857.50	859.00	856.75	853.25	846.50	832.25	820.00	809.00	799.00	786.50	774.00	761.50	747.00	732.50	718.00	710.00	707.00	707.50	709.25	715.25	723.00	0.00	0.00	0.00	0.00	0.00	0.00	0.00	0.00	528.50	504.50	491.75	483.00	473.00	464.00	451.25	437.00	421.75	400.00	381.50	353.50	327.75	301.25	273.00	242.75	218.75	185.75	163.00	142.25	132.00	133.75	144.25	151.00	149.50	135.25	112.00	84.00	23.50	0.00	0.00	0.00	0.00	0.00	0.00	0.00	0.00	0.00	0.00	0.00	0.00	0.00	1.50	9.25	21.25	41.50	71.50	112.75	166.75	219.75	278.25	352.25	402.75	451.50	489.50	519.50	540.50	543.75	527.00	505.75	501.00	512.25	532.50	549.50	560.50	558.25	551.00	540.75	539.75
1087.00	1082.00	1078.00	1073.00	1067.75	1061.00	1054.75	1046.50	1039.25	1032.50	1023.50	1015.00	1006.50	996.50	989.00	979.25	969.00	957.00	945.50	934.25	926.00	919.25	912.00	905.50	900.00	894.25	887.25	881.75	872.50	861.50	848.00	829.25	815.50	801.50	790.75	783.25	771.50	757.00	742.00	727.50	723.25	727.50	740.75	755.00	773.00	787.50	798.00	808.25	816.50	824.75	832.00	835.50	834.75	829.00	823.25	819.00	815.00	807.50	800.00	791.25	782.00	776.75	779.75	787.00	794.00	793.50	770.25	718.75	639.25	560.75	491.00	434.75	366.50	289.00	228.00	187.75	174.75	170.75	175.50	187.25	206.00	232.00	256.00	298.25	341.50	383.75	416.00	428.25	439.00	451.75	463.75	473.25	474.00	465.50	423.25	366.00	273.75	209.00	166.75	145.00	139.75	144.25	159.75	181.00	210.25	237.00	246.75	247.00	239.25	221.00	201.50	188.00	171.00	156.00	150.00	155.50	168.00	186.75	207.00	221.50	208.00	162.00	107.00	72.50	57.00	53.25	51.50	51.00	53.25	58.50	71.50	101.00	150.75	237.75	352.50	494.25	626.50	664.25	640.75	629.00	655.00	707.75	728.75	712.50	670.25	639.00	642.75	692.50	750.25	798.00	815.25	826.50	829.75	831.25	834.75	839.75	846.50	853.00	857.50	859.00	856.75	853.25	846.50	832.25	820.00	809.00	799.00	786.50	774.00	761.50	747.00	732.50	718.00	710.00	707.00	707.50	709.25	715.25	723.00	0.00	0.00	0.00	0.00	0.00	0.00	0.00	0.00	528.50	504.50	491.75	483.00	473.00	464.00	451.25	437.00	421.75	400.00	381.50	353.50	327.75	301.25	273.00	242.75	218.75	185.75	163.00	142.25	132.00	133.75	144.25	151.00	149.50	135.25	112.00	84.00	23.50	0.00	0.00	0.00	0.00	0.00	0.00	0.00	0.00	0.00	0.00	0.00	0.00	0.00	1.50	9.25	21.25	41.50	71.50	112.75	166.75	219.75	278.25	352.25	402.75	451.50	489.50	519.50	540.50	543.75	527.00	505.75	501.00	512.25	532.50	549.50	560.50	558.25	551.00	540.75	539.75
1093.00	1088.50	1083.75	1078.50	1073.12	1065.62	1059.25	1050.75	1043.50	1036.50	1027.50	1018.88	1010.12	999.38	991.75	981.12	970.00	957.62	945.00	933.38	924.50	917.75	910.62	904.25	898.75	893.25	886.38	881.00	872.75	863.50	851.50	836.25	825.50	815.25	807.88	802.62	794.00	780.75	766.62	752.62	748.50	750.75	758.75	766.50	774.25	778.75	783.50	788.25	792.75	798.38	804.50	808.62	810.38	808.38	806.62	805.38	802.75	796.00	786.88	774.75	760.62	750.50	749.38	754.50	759.75	758.25	732.62	677.88	594.38	511.50	437.50	381.50	319.00	253.75	206.50	180.12	178.75	189.25	212.25	242.62	277.00	317.00	349.38	403.12	457.00	508.75	546.25	557.38	565.25	574.25	584.00	591.12	589.50	578.38	526.62	452.75	330.50	245.75	191.12	164.50	159.62	166.38	189.50	222.50	271.88	313.88	334.25	341.50	337.12	322.38	306.00	294.00	273.00	251.00	239.62	246.12	267.75	299.38	325.12	329.00	287.75	209.25	130.75	84.50	63.12	57.25	54.12	53.38	56.62	63.12	79.25	117.25	183.25	292.38	423.38	576.00	718.75	759.12	736.62	725.00	749.12	792.25	800.62	769.50	715.12	676.25	671.75	715.25	766.12	805.00	817.00	823.50	823.25	822.50	823.38	826.75	832.12	839.00	845.00	849.25	850.25	849.88	845.38	834.12	823.00	812.00	802.25	789.25	775.38	760.75	743.38	726.88	710.00	699.00	691.50	687.00	685.25	605.75	361.50	0.00	0.00	0.00	0.00	0.00	0.00	0.00	0.00	264.25	252.25	245.88	241.50	345.88	446.12	430.75	414.75	398.75	375.25	355.00	324.88	298.00	270.75	241.38	209.88	184.38	150.50	126.50	103.50	90.00	88.50	95.00	99.88	99.88	90.75	71.75	49.88	12.12	0.00	0.00	0.00	0.00	0.00	0.00	0.00	0.00	0.00	0.00	0.00	0.00	0.00	1.88	12.75	30.00	59.75	99.75	147.25	201.50	253.38	312.50	387.38	436.38	479.25	507.75	528.50	539.88	539.38	526.88	517.38	519.50	533.25	552.25	567.00	575.50	571.75	563.50	552.50	549.50
1099.00	1095.00	1089.50	1084.00	1078.50	1070.25	1063.75	1055.00	1047.75	1040.50	1031.50	1022.75	1013.75	1002.25	994.50	983.00	971.00	958.25	944.50	932.50	923.00	916.25	909.25	903.00	897.50	892.25	885.50	880.25	873.00	865.50	855.00	843.25	835.50	829.00	825.00	822.00	816.50	804.50	791.25	777.75	773.75	774.00	776.75	778.00	775.50	770.00	769.00	768.25	769.00	772.00	777.00	781.75	786.00	787.75	790.00	791.75	790.50	784.50	773.75	758.25	739.25	724.25	719.00	722.00	725.50	723.00	695.00	637.00	549.50	462.25	384.00	328.25	271.50	218.50	185.00	172.50	182.75	207.75	249.00	298.00	348.00	402.00	442.75	508.00	572.50	633.75	676.50	686.50	691.50	696.75	704.25	709.00	705.00	691.25	630.00	539.50	387.25	282.50	215.50	184.00	179.50	188.50	219.25	264.00	333.50	390.75	421.75	436.00	435.00	423.75	410.50	400.00	375.00	346.00	329.25	336.75	367.50	412.00	443.25	436.50	367.50	256.50	154.50	96.50	69.25	61.25	56.75	55.75	60.00	67.75	87.00	133.50	215.75	347.00	494.25	657.75	811.00	854.00	832.50	821.00	843.25	876.75	872.50	826.50	760.00	713.50	700.75	738.00	782.00	812.00	818.75	820.50	816.75	813.75	812.00	813.75	817.75	825.00	832.50	839.50	843.75	846.50	844.25	836.00	826.00	815.00	805.50	792.00	776.75	760.00	739.75	721.25	702.00	688.00	676.00	666.50	661.25	496.25	0.00	0.00	0.00	0.00	0.00	0.00	0.00	0.00	0.00	0.00	0.00	0.00	0.00	218.75	428.25	410.25	392.50	375.75	350.50	328.50	296.25	268.25	240.25	209.75	177.00	150.00	115.25	90.00	64.75	48.00	43.25	45.75	48.75	50.25	46.25	31.50	15.75	0.75	0.00	0.00	0.00	0.00	0.00	0.00	0.00	0.00	0.00	0.00	0.00	0.00	0.00	2.25	16.25	38.75	78.00	128.00	181.75	236.25	287.00	346.75	422.50	470.00	507.00	526.00	537.50	539.25	535.00	526.75	529.00	538.00	554.25	572.00	584.50	590.50	585.25	576.00	564.25	559.25
1102.00	1097.75	1092.25	1086.56	1080.81	1072.50	1066.00	1057.25	1049.88	1042.75	1033.62	1025.00	1015.75	1004.00	995.62	983.88	971.56	958.19	943.88	931.44	921.75	915.00	907.94	901.88	896.50	891.56	885.12	880.44	874.19	867.25	857.81	848.56	842.00	836.25	832.62	829.94	824.38	813.50	801.50	789.38	785.62	785.25	785.81	784.38	778.38	771.00	766.38	761.88	758.62	757.88	760.31	764.19	768.94	771.81	775.12	777.75	777.12	771.25	760.31	744.62	725.06	708.81	700.56	700.00	700.12	691.88	661.94	606.75	526.19	446.75	376.81	327.81	275.75	224.75	193.25	184.00	198.88	231.62	282.50	339.44	394.12	449.75	490.38	555.25	619.50	680.12	720.19	727.31	728.12	727.44	728.44	724.06	714.75	699.50	640.00	548.38	392.00	285.31	219.88	191.69	190.38	202.12	238.00	289.12	366.50	430.56	467.19	487.38	491.69	486.94	479.06	471.75	445.50	411.81	391.38	400.62	437.00	485.38	512.69	487.56	394.88	269.50	162.25	102.81	74.19	64.50	58.50	57.06	61.88	70.00	91.12	142.38	232.81	369.31	513.81	670.62	825.56	873.19	863.25	855.38	873.69	896.31	884.69	835.00	770.38	726.88	716.25	750.38	789.56	814.50	818.00	816.19	810.44	806.75	804.56	806.00	810.25	817.81	825.88	834.19	840.44	843.94	843.75	839.19	830.25	818.44	808.38	794.50	778.50	760.38	738.81	719.38	699.44	684.19	669.75	657.62	612.06	372.19	0.00	0.00	0.00	0.00	0.00	0.00	0.00	0.00	0.00	0.00	0.00	0.00	0.00	212.31	414.75	396.56	379.25	362.00	335.75	312.62	279.06	250.88	222.69	191.88	159.75	132.88	99.56	75.62	53.06	38.44	33.69	35.00	36.69	37.69	34.69	23.62	11.81	0.56	0.00	0.00	0.00	0.00	0.00	0.00	0.00	0.00	0.00	0.00	0.00	0.00	0.62	5.06	23.69	51.06	97.50	152.88	205.31	253.62	299.75	357.62	430.94	475.25	506.88	521.62	531.94	535.25	534.19	531.19	538.44	548.81	563.44	576.75	585.38	589.62	586.00	580.00	572.31	569.94
1111.00	1106.00	1100.50	1094.25	1087.75	1079.25	1072.75	1064.00	1056.25	1049.50	1040.00	1031.75	1021.75	1009.25	999.00	986.50	973.25	958.00	942.00	928.25	918.00	911.25	904.00	898.50	893.50	889.50	884.00	881.00	877.75	872.50	866.25	864.50	861.50	858.00	855.50	853.75	848.00	840.50	832.25	824.25	821.25	819.00	813.00	803.50	787.00	774.00	758.50	742.75	727.50	715.50	710.25	711.50	717.75	724.00	730.50	735.75	737.00	731.50	720.00	703.75	682.50	662.50	645.25	634.00	624.00	598.50	562.75	516.00	456.25	400.25	355.25	326.50	288.50	243.50	218.00	218.50	247.25	303.25	383.00	463.75	532.50	593.00	633.25	697.00	760.50	819.25	851.25	849.75	838.00	819.50	801.00	769.25	744.00	724.25	670.00	575.00	406.25	293.75	233.00	214.75	223.00	243.00	294.25	364.50	465.50	550.00	603.50	641.50	661.75	676.50	684.75	687.00	657.00	609.25	577.75	592.25	645.50	705.50	721.00	640.75	477.00	308.50	185.50	121.75	89.00	74.25	63.75	61.00	67.50	76.75	103.50	169.00	284.00	436.25	572.50	709.25	869.25	930.75	955.50	958.50	965.00	955.00	921.25	860.50	801.50	767.00	762.75	787.50	812.25	822.00	815.75	803.25	791.50	785.75	782.25	782.75	787.75	796.25	806.00	818.25	830.50	836.25	842.25	848.75	843.00	828.75	817.00	802.00	783.75	761.50	736.00	713.75	691.75	672.75	651.00	631.00	464.50	0.00	0.00	0.00	0.00	0.00	0.00	0.00	0.00	0.00	0.00	0.00	0.00	0.00	0.00	193.00	374.25	355.50	339.50	320.75	291.50	265.00	227.50	198.75	170.00	138.25	108.00	81.50	52.50	32.50	18.00	9.75	5.00	2.75	0.50	0.00	0.00	0.00	0.00	0.00	0.00	0.00	0.00	0.00	0.00	0.00	0.00	0.00	0.00	0.00	0.00	0.00	2.50	13.50	46.00	88.00	156.00	227.50	276.00	305.75	338.00	390.25	456.25	491.00	506.50	508.50	515.25	523.25	531.75	544.50	566.75	581.25	591.00	591.00	588.00	587.00	588.25	592.00	596.50	602.00
1111.00	1106.00	1100.50	1094.25	1087.75	1079.25	1072.75	1064.00	1056.25	1049.50	1040.00	1031.75	1021.75	1009.25	999.00	986.50	973.25	958.00	942.00	928.25	918.00	911.25	904.00	898.50	893.50	889.50	884.00	881.00	877.75	872.50	866.25	864.50	861.50	858.00	855.50	853.75	848.00	840.50	832.25	824.25	821.25	819.00	813.00	803.50	787.00	774.00	758.50	742.75	727.50	715.50	710.25	711.50	717.75	724.00	730.50	735.75	737.00	731.50	720.00	703.75	682.50	662.50	645.25	634.00	624.00	598.50	562.75	516.00	456.25	400.25	355.25	326.50	288.50	243.50	218.00	218.50	247.25	303.25	383.00	463.75	532.50	593.00	633.25	697.00	760.50	819.25	851.25	849.75	838.00	819.50	801.00	769.25	744.00	724.25	670.00	575.00	406.25	293.75	233.00	214.75	223.00	243.00	294.25	364.50	465.50	550.00	603.50	641.50	661.75	676.50	684.75	687.00	657.00	609.25	577.75	592.25	645.50	705.50	721.00	640.75	477.00	308.50	185.50	121.75	89.00	74.25	63.75	61.00	67.50	76.75	103.50	169.00	284.00	436.25	572.50	709.25	869.25	930.75	955.50	958.50	965.00	955.00	921.25	860.50	801.50	767.00	762.75	787.50	812.25	822.00	815.75	803.25	791.50	785.75	782.25	782.75	787.75	796.25	806.00	818.25	830.50	836.25	842.25	848.75	843.00	828.75	817.00	802.00	783.75	761.50	736.00	713.75	691.75	672.75	651.00	631.00	464.50	0.00	0.00	0.00	0.00	0.00	0.00	0.00	0.00	0.00	0.00	0.00	0.00	0.00	0.00	193.00	374.25	355.50	339.50	320.75	291.50	265.00	227.50	198.75	170.00	138.25	108.00	81.50	52.50	32.50	18.00	9.75	5.00	2.75	0.50	0.00	0.00	0.00	0.00	0.00	0.00	0.00	0.00	0.00	0.00	0.00	0.00	0.00	0.00	0.00	0.00	0.00	2.50	13.50	46.00	88.00	156.00	227.50	276.00	305.75	338.00	390.25	456.25	491.00	506.50	508.50	515.25	523.25	531.75	544.50	566.75	581.25	591.00	591.00	588.00	587.00	588.25	592.00	596.50	602.00
1122.75	1117.50	1111.00	1104.75	1098.25	1090.25	1083.75	1075.50	1068.75	1062.50	1052.50	1043.75	1032.25	1019.50	1008.75	993.75	977.25	958.75	939.50	924.25	913.25	905.50	899.00	893.75	890.75	887.00	881.25	879.75	879.25	881.00	879.25	876.25	872.50	866.50	860.75	857.00	851.75	848.00	845.00	844.25	846.25	847.50	845.00	837.50	819.75	801.00	780.75	752.50	725.50	697.25	678.75	671.25	671.25	674.75	677.25	678.50	686.00	684.50	672.00	656.25	637.75	618.00	596.25	577.25	559.50	534.00	505.00	474.00	441.00	410.25	375.50	348.75	315.25	271.00	250.00	265.50	307.00	372.00	458.00	540.50	608.00	664.00	701.75	752.00	790.00	819.00	830.75	832.75	829.50	811.25	772.00	688.25	611.00	543.25	475.50	406.50	301.75	244.50	227.00	237.75	264.75	300.00	366.00	423.50	478.00	526.25	568.75	614.00	654.00	697.75	734.50	761.50	768.00	736.50	714.50	743.00	806.00	843.25	803.00	647.50	442.50	283.75	178.50	129.75	100.75	81.00	67.00	63.75	72.75	87.25	128.50	218.50	351.00	509.50	641.50	759.75	871.75	926.75	989.50	1007.00	1002.00	976.00	936.75	871.00	806.00	767.00	757.25	777.00	791.00	786.00	774.25	761.50	752.00	746.75	749.00	750.25	754.50	763.75	774.50	788.75	805.00	818.75	830.75	834.25	831.00	822.25	813.00	798.00	779.50	752.00	720.50	693.25	667.50	644.75	620.75	600.00	0.00	0.00	0.00	0.00	0.00	0.00	0.00	0.00	0.00	0.00	0.00	0.00	0.00	0.00	0.00	0.00	69.25	261.00	239.50	216.75	185.00	159.75	126.75	102.75	83.75	65.25	46.75	32.00	17.50	8.50	2.75	0.75	0.00	0.00	0.00	0.00	0.00	0.00	0.00	0.00	0.00	0.00	0.00	0.00	0.00	0.00	0.00	0.00	0.00	0.00	0.00	0.00	23.50	63.25	120.75	177.25	253.25	315.00	339.75	336.50	342.25	377.00	434.00	466.25	485.25	497.50	515.25	536.75	555.50	574.75	595.75	606.00	609.00	601.50	592.25	591.50	598.75	614.00	631.75	645.25
1122.75	1117.50	1111.00	1104.75	1098.25	1090.25	1083.75	1075.50	1068.75	1062.50	1052.50	1043.75	1032.25	1019.50	1008.75	993.75	977.25	958.75	939.50	924.25	913.25	905.50	899.00	893.75	890.75	887.00	881.25	879.75	879.25	881.00	879.25	876.25	872.50	866.50	860.75	857.00	851.75	848.00	845.00	844.25	846.25	847.50	845.00	837.50	819.75	801.00	780.75	752.50	725.50	697.25	678.75	671.25	671.25	674.75	677.25	678.50	686.00	684.50	672.00	656.25	637.75	618.00	596.25	577.25	559.50	534.00	505.00	474.00	441.00	410.25	375.50	348.75	315.25	271.00	250.00	265.50	307.00	372.00	458.00	540.50	608.00	664.00	701.75	752.00	790.00	819.00	830.75	832.75	829.50	811.25	772.00	688.25	611.00	543.25	475.50	406.50	301.75	244.50	227.00	237.75	264.75	300.00	366.00	423.50	478.00	526.25	568.75	614.00	654.00	697.75	734.50	761.50	768.00	736.50	714.50	743.00	806.00	843.25	803.00	647.50	442.50	283.75	178.50	129.75	100.75	81.00	67.00	63.75	72.75	87.25	128.50	218.50	351.00	509.50	641.50	759.75	871.75	926.75	989.50	1007.00	1002.00	976.00	936.75	871.00	806.00	767.00	757.25	777.00	791.00	786.00	774.25	761.50	752.00	746.75	749.00	750.25	754.50	763.75	774.50	788.75	805.00	818.75	830.75	834.25	831.00	822.25	813.00	798.00	779.50	752.00	720.50	693.25	667.50	644.75	620.75	600.00	0.00	0.00	0.00	0.00	0.00	0.00	0.00	0.00	0.00	0.00	0.00	0.00	0.00	0.00	0.00	0.00	69.25	261.00	239.50	216.75	185.00	159.75	126.75	102.75	83.75	65.25	46.75	32.00	17.50	8.50	2.75	0.75	0.00	0.00	0.00	0.00	0.00	0.00	0.00	0.00	0.00	0.00	0.00	0.00	0.00	0.00	0.00	0.00	0.00	0.00	0.00	0.00	23.50	63.25	120.75	177.25	253.25	315.00	339.75	336.50	342.25	377.00	434.00	466.25	485.25	497.50	515.25	536.75	555.50	574.75	595.75	606.00	609.00	601.50	592.25	591.50	598.75	614.00	631.75	645.25
1128.25	1122.75	1116.38	1109.75	1103.25	1095.25	1089.00	1081.00	1074.00	1067.50	1058.00	1048.88	1037.38	1024.00	1012.75	997.12	979.62	959.62	939.25	922.88	911.25	904.12	897.75	892.75	890.12	886.50	881.25	879.50	879.12	880.50	879.00	876.00	871.75	865.00	858.38	853.88	848.38	845.50	843.62	844.12	846.88	849.00	847.00	840.75	825.88	809.25	789.75	760.25	732.75	704.38	685.00	676.12	673.38	674.62	675.38	674.75	678.00	674.00	661.88	646.62	627.88	607.12	584.38	564.12	544.00	518.25	493.00	467.75	442.50	420.50	394.62	370.75	333.62	290.00	268.00	279.00	315.25	371.25	451.62	532.88	603.25	664.62	702.25	743.88	769.00	783.12	783.38	779.88	772.00	750.25	706.50	616.50	533.75	461.12	398.88	346.12	272.00	237.62	238.12	267.38	310.62	355.88	426.38	474.50	506.25	535.00	566.75	610.38	655.00	702.88	741.50	770.75	786.50	760.50	736.25	756.25	809.25	833.00	778.62	612.50	411.50	265.88	169.00	122.62	95.25	78.25	67.25	66.50	79.12	97.88	146.25	248.50	384.00	539.00	667.00	777.50	878.00	927.50	977.62	990.75	985.88	959.12	920.38	860.50	808.00	781.25	775.12	791.25	801.12	793.88	781.62	768.38	757.38	750.38	749.38	748.88	751.25	756.88	763.25	771.50	783.12	792.62	802.75	806.75	806.50	802.25	796.50	785.00	768.75	741.25	708.12	679.12	650.88	551.62	310.38	300.00	0.00	0.00	0.00	0.00	0.00	0.00	0.00	0.00	0.00	0.00	0.00	0.00	0.00	0.00	0.00	93.75	115.25	198.00	177.25	158.88	134.00	114.62	90.50	74.12	63.00	53.50	41.12	30.00	18.25	9.75	4.50	0.50	0.00	0.00	0.00	0.00	0.00	0.00	0.00	0.00	0.00	0.00	0.00	0.00	0.00	0.00	0.00	0.00	0.00	0.00	0.00	10.88	46.38	89.38	148.88	202.12	269.38	320.75	338.00	332.12	339.62	374.62	431.62	465.12	487.75	503.75	523.25	547.00	566.12	583.25	600.50	609.50	612.38	606.00	598.75	600.12	609.25	625.38	643.38	657.00
1133.75	1128.00	1121.75	1114.75	1108.25	1100.25	1094.25	1086.50	1079.25	1072.50	1063.50	1054.00	1042.50	1028.50	1016.75	1000.50	982.00	960.50	939.00	921.50	909.25	902.75	896.50	891.75	889.50	886.00	881.25	879.25	879.00	880.00	878.75	875.75	871.00	863.50	856.00	850.75	845.00	843.00	842.25	844.00	847.50	850.50	849.00	844.00	832.00	817.50	798.75	768.00	740.00	711.50	691.25	681.00	675.50	674.50	673.50	671.00	670.00	663.50	651.75	637.00	618.00	596.25	572.50	551.00	528.50	502.50	481.00	461.50	444.00	430.75	413.75	392.75	352.00	309.00	286.00	292.50	323.50	370.50	445.25	525.25	598.50	665.25	702.75	735.75	748.00	747.25	736.00	727.00	714.50	689.25	641.00	544.75	456.50	379.00	322.25	285.75	242.25	230.75	249.25	297.00	356.50	411.75	486.75	525.50	534.50	543.75	564.75	606.75	656.00	708.00	748.50	780.00	805.00	784.50	758.00	769.50	812.50	822.75	754.25	577.50	380.50	248.00	159.50	115.50	89.75	75.50	67.50	69.25	85.50	108.50	164.00	278.50	417.00	568.50	692.50	795.25	884.25	928.25	965.75	974.50	969.75	942.25	904.00	850.00	810.00	795.50	793.00	805.50	811.25	801.75	789.00	775.25	762.75	754.00	749.75	747.50	748.00	750.00	752.00	754.25	761.25	766.50	774.75	779.25	782.00	782.25	780.00	772.00	758.00	730.50	695.75	665.00	634.25	458.50	0.00	0.00	0.00	0.00	0.00	0.00	0.00	0.00	0.00	0.00	0.00	0.00	0.00	0.00	0.00	0.00	0.00	187.50	161.25	135.00	115.00	101.00	83.00	69.50	54.25	45.50	42.25	41.75	35.50	28.00	19.00	11.00	6.25	0.25	0.00	0.00	0.00	0.00	0.00	0.00	0.00	0.00	0.00	0.00	0.00	0.00	0.00	0.00	0.00	0.00	0.00	0.00	0.00	21.75	69.25	115.50	177.00	227.00	285.50	326.50	336.25	327.75	337.00	372.25	429.25	464.00	490.25	510.00	531.25	557.25	576.75	591.75	605.25	613.00	615.75	610.50	605.25	608.75	619.75	636.75	655.00	668.75
1136.06	1130.38	1124.00	1117.00	1110.50	1102.62	1096.50	1088.81	1081.69	1075.00	1065.88	1056.50	1045.00	1030.88	1019.19	1002.50	983.19	959.94	937.12	919.25	907.00	900.94	895.31	890.81	888.50	885.12	880.56	878.75	878.25	878.75	877.38	874.25	869.62	862.12	854.44	848.88	842.81	840.75	840.00	841.44	844.56	847.25	845.81	841.25	830.50	817.25	799.50	770.00	742.75	715.00	695.19	684.81	678.88	677.50	676.38	673.50	671.75	664.88	653.06	638.12	618.75	596.75	572.62	551.00	528.50	502.88	482.31	464.00	448.94	440.69	429.62	411.81	373.44	330.00	302.44	300.00	322.31	362.56	431.88	509.38	583.06	651.62	688.81	719.38	728.50	723.50	706.06	689.88	670.00	640.38	592.94	503.50	423.12	353.44	305.19	276.50	245.56	244.75	274.06	330.50	393.88	447.88	516.75	552.12	560.38	567.12	582.94	618.25	662.44	709.62	745.50	772.12	794.00	773.94	746.19	751.62	785.69	787.69	716.94	546.81	360.88	236.31	151.94	109.31	85.25	73.25	67.88	71.69	90.69	116.31	176.44	293.88	432.50	581.62	701.88	800.00	883.62	924.94	958.38	965.88	961.62	936.19	901.19	854.50	823.75	815.94	815.81	823.25	825.12	814.31	801.19	786.31	772.81	763.00	756.94	753.75	752.94	753.00	752.00	750.25	752.69	753.75	758.12	760.81	763.19	720.19	585.00	579.00	568.50	547.88	521.81	498.75	475.69	343.88	0.00	0.00	0.00	0.00	0.00	0.00	0.00	0.00	0.00	0.00	0.00	0.00	0.00	0.00	0.00	16.62	28.19	161.81	138.31	115.50	99.62	90.69	78.25	68.69	57.81	51.38	48.94	48.25	41.75	34.00	24.19	15.38	9.25	0.62	0.00	0.00	0.19	0.50	0.00	0.00	0.00	0.00	0.00	0.00	0.00	0.00	0.00	0.00	0.00	0.00	0.00	0.00	4.25	32.12	79.88	125.75	185.31	232.00	285.25	322.38	331.31	325.62	337.00	372.62	428.38	462.25	488.25	508.38	530.00	556.50	576.56	591.88	605.38	613.19	616.31	612.25	608.19	612.44	623.50	640.31	658.12	671.75
1143.00	1137.50	1130.75	1123.75	1117.25	1109.75	1103.25	1095.75	1089.00	1082.50	1073.00	1064.00	1052.50	1038.00	1026.50	1008.50	986.75	958.25	931.50	912.50	900.25	895.50	891.75	888.00	885.50	882.50	878.50	877.25	876.00	875.00	873.25	869.75	865.50	858.00	849.75	843.25	836.25	834.00	833.25	833.75	835.75	837.50	836.25	833.00	826.00	816.50	801.75	776.00	751.00	725.50	707.00	696.25	689.00	686.50	685.00	681.00	677.00	669.00	657.00	641.50	621.00	598.25	573.00	551.00	528.50	504.00	486.25	471.50	463.75	470.50	477.25	469.00	437.75	393.00	351.75	322.50	318.75	338.75	391.75	461.75	536.75	610.75	647.00	670.25	670.00	652.25	616.25	578.50	536.50	493.75	448.75	379.75	323.00	276.75	254.00	248.75	255.50	286.75	348.50	431.00	506.00	556.25	606.75	632.00	638.00	637.25	637.50	652.75	681.75	714.50	736.50	748.50	761.00	742.25	710.75	698.00	705.25	682.50	605.00	454.75	302.00	201.25	129.25	90.75	71.75	66.50	69.00	79.00	106.25	139.75	213.75	340.00	479.00	621.00	730.00	814.25	881.75	915.00	936.25	940.00	937.25	918.00	892.75	868.00	865.00	877.25	884.25	876.50	866.75	852.00	837.75	819.50	803.00	790.00	778.50	772.50	767.75	762.00	752.00	738.25	727.00	715.50	708.25	705.50	706.75	534.00	0.00	0.00	0.00	0.00	0.00	0.00	0.00	0.00	0.00	0.00	0.00	0.00	0.00	0.00	0.00	0.00	0.00	0.00	0.00	0.00	0.00	0.00	0.00	66.50	112.75	84.75	69.50	57.00	53.50	59.75	64.00	66.25	68.50	69.00	69.00	67.75	60.50	52.00	39.75	28.50	18.25	1.75	0.00	0.00	0.75	2.00	0.00	0.00	0.00	0.00	0.00	0.00	0.00	0.00	0.00	0.00	0.00	0.00	0.00	0.00	17.00	63.25	111.75	156.50	210.25	247.00	284.50	310.00	316.50	319.25	337.00	373.75	425.75	457.00	482.25	503.50	526.25	554.25	576.00	592.25	605.75	613.75	618.00	617.50	617.00	623.50	634.75	651.00	667.50	680.75
1143.00	1137.50	1130.75	1123.75	1117.25	1109.75	1103.25	1095.75	1089.00	1082.50	1073.00	1064.00	1052.50	1038.00	1026.50	1008.50	986.75	958.25	931.50	912.50	900.25	895.50	891.75	888.00	885.50	882.50	878.50	877.25	876.00	875.00	873.25	869.75	865.50	858.00	849.75	843.25	836.25	834.00	833.25	833.75	835.75	837.50	836.25	833.00	826.00	816.50	801.75	776.00	751.00	725.50	707.00	696.25	689.00	686.50	685.00	681.00	677.00	669.00	657.00	641.50	621.00	598.25	573.00	551.00	528.50	504.00	486.25	471.50	463.75	470.50	477.25	469.00	437.75	393.00	351.75	322.50	318.75	338.75	391.75	461.75	536.75	610.75	647.00	670.25	670.00	652.25	616.25	578.50	536.50	493.75	448.75	379.75	323.00	276.75	254.00	248.75	255.50	286.75	348.50	431.00	506.00	556.25	606.75	632.00	638.00	637.25	637.50	652.75	681.75	714.50	736.50	748.50	761.00	742.25	710.75	698.00	705.25	682.50	605.00	454.75	302.00	201.25	129.25	90.75	71.75	66.50	69.00	79.00	106.25	139.75	213.75	340.00	479.00	621.00	730.00	814.25	881.75	915.00	936.25	940.00	937.25	918.00	892.75	868.00	865.00	877.25	884.25	876.50	866.75	852.00	837.75	819.50	803.00	790.00	778.50	772.50	767.75	762.00	752.00	738.25	727.00	715.50	708.25	705.50	706.75	534.00	0.00	0.00	0.00	0.00	0.00	0.00	0.00	0.00	0.00	0.00	0.00	0.00	0.00	0.00	0.00	0.00	0.00	0.00	0.00	0.00	0.00	0.00	0.00	66.50	112.75	84.75	69.50	57.00	53.50	59.75	64.00	66.25	68.50	69.00	69.00	67.75	60.50	52.00	39.75	28.50	18.25	1.75	0.00	0.00	0.75	2.00	0.00	0.00	0.00	0.00	0.00	0.00	0.00	0.00	0.00	0.00	0.00	0.00	0.00	0.00	17.00	63.25	111.75	156.50	210.25	247.00	284.50	310.00	316.50	319.25	337.00	373.75	425.75	457.00	482.25	503.50	526.25	554.25	576.00	592.25	605.75	613.75	618.00	617.50	617.00	623.50	634.75	651.00	667.50	680.75
1152.75	1146.50	1139.00	1132.25	1125.75	1118.25	1111.75	1104.25	1097.75	1090.50	1081.50	1073.00	1062.25	1049.25	1038.00	1020.00	997.00	966.00	935.50	914.75	899.25	892.25	887.00	882.00	878.75	876.25	873.50	872.00	870.25	868.50	866.00	861.75	857.50	850.50	842.25	835.25	827.50	823.50	820.00	818.25	818.00	818.00	816.75	815.00	811.00	805.00	794.75	776.00	758.00	739.00	724.25	714.75	708.75	708.00	707.25	704.75	701.50	693.00	681.75	665.00	640.75	615.25	588.50	564.50	544.00	521.50	503.25	489.50	489.50	509.00	531.50	535.00	515.25	471.50	416.00	356.00	319.50	311.25	334.25	379.75	436.75	498.50	528.75	546.75	544.00	524.00	475.50	423.00	370.00	324.75	295.00	266.75	254.50	256.00	282.25	317.75	382.75	450.75	529.75	604.00	652.00	675.50	697.00	719.00	747.75	761.00	757.25	753.00	757.50	759.25	745.75	715.50	675.50	634.50	591.00	554.50	529.50	485.50	415.50	311.00	213.50	148.25	97.50	71.25	62.00	65.00	76.25	95.25	134.00	182.75	284.50	426.00	562.00	674.75	748.50	811.00	858.75	881.00	895.50	900.00	902.25	897.00	892.00	898.00	915.75	933.25	940.25	920.50	902.00	885.25	870.25	849.25	830.25	816.50	802.75	796.25	789.75	779.75	763.50	739.25	715.00	692.50	667.75	490.25	0.00	0.00	0.00	0.00	0.00	453.00	585.25	565.25	543.75	521.00	494.50	236.50	0.00	0.00	0.00	0.00	0.00	0.00	0.00	0.00	0.00	0.00	0.00	0.00	56.00	62.00	49.00	40.25	40.25	46.50	62.50	83.50	102.00	112.75	119.25	117.50	110.75	99.75	84.75	72.75	55.00	40.50	25.75	2.75	0.00	0.00	0.00	0.00	0.00	0.00	0.00	0.00	0.00	0.00	0.00	0.00	0.00	0.00	0.00	0.25	15.00	37.00	65.00	103.50	146.50	183.50	225.00	252.00	280.50	305.50	323.00	341.75	364.75	400.75	445.25	469.75	487.75	503.50	523.25	549.75	569.50	584.25	598.00	607.00	616.75	622.50	626.25	635.00	644.50	658.00	673.25	687.00
1152.75	1146.50	1139.00	1132.25	1125.75	1118.25	1111.75	1104.25	1097.75	1090.50	1081.50	1073.00	1062.25	1049.25	1038.00	1020.00	997.00	966.00	935.50	914.75	899.25	892.25	887.00	882.00	878.75	876.25	873.50	872.00	870.25	868.50	866.00	861.75	857.50	850.50	842.25	835.25	827.50	823.50	820.00	818.25	818.00	818.00	816.75	815.00	811.00	805.00	794.75	776.00	758.00	739.00	724.25	714.75	708.75	708.00	707.25	704.75	701.50	693.00	681.75	665.00	640.75	615.25	588.50	564.50	544.00	521.50	503.25	489.50	489.50	509.00	531.50	535.00	515.25	471.50	416.00	356.00	319.50	311.25	334.25	379.75	436.75	498.50	528.75	546.75	544.00	524.00	475.50	423.00	370.00	324.75	295.00	266.75	254.50	256.00	282.25	317.75	382.75	450.75	529.75	604.00	652.00	675.50	697.00	719.00	747.75	761.00	757.25	753.00	757.50	759.25	745.75	715.50	675.50	634.50	591.00	554.50	529.50	485.50	415.50	311.00	213.50	148.25	97.50	71.25	62.00	65.00	76.25	95.25	134.00	182.75	284.50	426.00	562.00	674.75	748.50	811.00	858.75	881.00	895.50	900.00	902.25	897.00	892.00	898.00	915.75	933.25	940.25	920.50	902.00	885.25	870.25	849.25	830.25	816.50	802.75	796.25	789.75	779.75	763.50	739.25	715.00	692.50	667.75	490.25	0.00	0.00	0.00	0.00	0.00	453.00	585.25	565.25	543.75	521.00	494.50	236.50	0.00	0.00	0.00	0.00	0.00	0.00	0.00	0.00	0.00	0.00	0.00	0.00	56.00	62.00	49.00	40.25	40.25	46.50	62.50	83.50	102.00	112.75	119.25	117.50	110.75	99.75	84.75	72.75	55.00	40.50	25.75	2.75	0.00	0.00	0.00	0.00	0.00	0.00	0.00	0.00	0.00	0.00	0.00	0.00	0.00	0.00	0.00	0.25	15.00	37.00	65.00	103.50	146.50	183.50	225.00	252.00	280.50	305.50	323.00	341.75	364.75	400.75	445.25	469.75	487.75	503.50	523.25	549.75	569.50	584.25	598.00	607.00	616.75	622.50	626.25	635.00	644.50	658.00	673.25	687.00
1157.38	1151.00	1143.38	1136.50	1130.00	1122.50	1115.75	1108.25	1101.38	1094.00	1085.00	1076.88	1067.00	1055.12	1044.38	1027.62	1006.50	977.50	948.25	926.50	907.75	897.62	888.50	881.00	876.88	874.00	870.88	869.12	867.50	865.50	862.62	858.25	853.75	846.50	838.50	831.62	823.25	818.25	814.00	811.50	810.38	809.50	808.88	807.88	804.62	799.50	790.88	775.00	760.50	745.12	732.25	724.12	720.12	720.75	721.00	719.88	717.00	708.50	697.25	678.75	651.00	623.62	596.25	572.38	554.25	534.00	516.00	503.38	505.12	523.50	544.88	548.88	530.75	490.25	436.50	373.50	330.50	312.00	320.50	349.25	389.12	434.75	457.88	471.88	469.25	451.50	406.00	360.12	316.00	282.00	265.00	259.38	269.00	293.75	344.38	399.75	487.12	559.88	626.88	677.00	702.75	715.00	731.88	754.50	788.00	807.00	807.88	804.00	801.38	787.12	752.12	696.50	623.50	564.62	512.38	467.00	434.00	388.62	328.50	246.38	172.25	123.00	86.50	69.75	66.62	71.88	84.62	106.25	148.75	204.25	316.88	463.25	595.88	693.62	750.62	800.88	835.50	852.50	866.25	873.00	878.75	881.62	885.50	899.25	915.75	927.88	931.12	911.75	895.88	881.62	868.00	847.50	828.25	814.75	802.12	795.88	789.50	780.00	765.25	741.50	716.88	694.88	333.88	245.12	0.00	76.00	300.75	292.75	285.00	505.25	563.75	546.62	527.75	507.00	482.00	118.25	0.00	0.00	0.00	0.00	0.00	0.00	0.00	0.00	0.00	0.00	0.00	23.75	48.50	51.62	47.25	46.75	51.00	63.38	84.00	105.00	122.75	131.12	132.75	126.75	116.12	101.75	84.50	71.88	54.00	39.25	25.00	2.75	0.00	0.00	0.00	0.00	0.00	0.00	0.00	0.00	0.00	0.00	0.00	0.00	0.00	0.00	0.00	12.75	45.75	61.25	86.38	121.12	159.88	191.75	228.75	254.50	284.88	316.00	342.88	369.12	394.38	429.75	470.75	492.38	507.25	519.00	534.50	556.38	571.50	582.00	592.75	601.88	613.88	623.50	629.62	639.12	648.25	661.00	675.62	689.38
1162.00	1155.50	1147.75	1140.75	1134.25	1126.75	1119.75	1112.25	1105.00	1097.50	1088.50	1080.75	1071.75	1061.00	1050.75	1035.25	1016.00	989.00	961.00	938.25	916.25	903.00	890.00	880.00	875.00	871.75	868.25	866.25	864.75	862.50	859.25	854.75	850.00	842.50	834.75	828.00	819.00	813.00	808.00	804.75	802.75	801.00	801.00	800.75	798.25	794.00	787.00	774.00	763.00	751.25	740.25	733.50	731.50	733.50	734.75	735.00	732.50	724.00	712.75	692.50	661.25	632.00	604.00	580.25	564.50	546.50	528.75	517.25	520.75	538.00	558.25	562.75	546.25	509.00	457.00	391.00	341.50	312.75	306.75	318.75	341.50	371.00	387.00	397.00	394.50	379.00	336.50	297.25	262.00	239.25	235.00	252.00	283.50	331.50	406.50	481.75	591.50	669.00	724.00	750.00	753.50	754.50	766.75	790.00	828.25	853.00	858.50	855.00	845.25	815.00	758.50	677.50	571.50	494.75	433.75	379.50	338.50	291.75	241.50	181.75	131.00	97.75	75.50	68.25	71.25	78.75	93.00	117.25	163.50	225.75	349.25	500.50	629.75	712.50	752.75	790.75	812.25	824.00	837.00	846.00	855.25	866.25	879.00	900.50	915.75	922.50	922.00	903.00	889.75	878.00	865.75	845.75	826.25	813.00	801.50	795.50	789.25	780.25	767.00	743.75	718.75	697.25	0.00	0.00	0.00	152.00	601.50	585.50	570.00	557.50	542.25	528.00	511.75	493.00	469.50	0.00	0.00	0.00	0.00	0.00	0.00	0.00	0.00	0.00	0.00	0.00	0.00	47.50	41.00	41.25	45.50	53.25	61.75	80.25	105.50	126.50	143.50	149.50	146.25	136.00	121.50	103.75	84.25	71.00	53.00	38.00	24.25	2.75	0.00	0.00	0.00	0.00	0.00	0.00	0.00	0.00	0.00	0.00	0.00	0.00	0.00	0.00	0.00	25.25	76.50	85.50	107.75	138.75	173.25	200.00	232.50	257.00	289.25	326.50	362.75	396.50	424.00	458.75	496.25	515.00	526.75	534.50	545.75	563.00	573.50	579.75	587.50	596.75	611.00	624.50	633.00	643.25	652.00	664.00	678.00	691.75
1164.25	1157.75	1150.19	1143.25	1136.75	1129.12	1121.81	1114.44	1107.19	1099.50	1090.50	1082.81	1074.00	1063.62	1053.56	1039.25	1021.75	997.19	971.00	948.69	925.31	910.44	895.31	883.19	876.50	872.19	868.12	866.00	864.62	862.50	859.19	854.56	849.56	841.50	833.50	826.75	817.69	811.75	806.75	803.31	801.44	800.00	800.00	799.81	797.44	793.62	786.88	774.50	764.00	752.88	742.62	736.62	735.31	738.00	740.31	741.44	739.38	730.50	717.56	695.25	662.19	631.50	603.81	582.50	569.25	554.75	540.12	530.25	532.44	545.81	560.75	562.25	545.06	509.88	462.00	401.00	353.75	324.00	314.31	319.69	334.69	355.38	366.00	370.56	365.75	350.44	312.50	279.69	250.75	235.75	240.56	272.75	316.62	374.19	457.38	533.69	638.31	705.38	746.62	762.81	765.75	770.44	786.00	806.75	836.69	856.00	861.06	858.38	846.06	807.25	741.31	652.38	539.00	458.62	395.44	339.88	299.19	255.75	211.25	160.12	117.62	91.00	76.38	74.75	81.00	89.19	102.25	124.81	169.88	230.81	350.50	495.50	619.81	705.25	748.25	780.38	792.38	803.38	818.50	829.12	840.62	855.19	869.00	889.38	903.69	909.56	909.00	891.00	879.38	870.25	859.75	841.25	822.00	808.56	796.44	789.44	782.88	775.00	764.12	651.38	720.62	701.38	172.88	168.69	166.00	277.00	609.62	590.75	574.06	560.50	544.12	528.94	480.62	369.75	352.12	0.00	0.00	0.00	0.00	0.00	0.00	0.00	0.00	0.00	0.00	2.56	10.12	46.12	42.69	45.69	52.50	61.81	69.81	86.81	109.12	127.06	140.56	144.12	138.75	127.56	112.88	96.06	78.00	65.44	48.75	34.62	21.75	2.31	0.00	0.00	0.00	0.00	0.00	0.00	0.00	0.00	0.00	0.00	0.00	0.00	0.00	0.00	0.00	32.69	88.00	96.06	116.69	145.69	178.44	204.06	235.62	260.00	293.50	333.88	373.81	411.31	441.44	476.38	513.38	532.19	543.88	550.50	559.19	571.31	578.44	581.81	586.50	594.62	609.19	624.12	633.94	644.69	653.62	665.56	679.75	693.56
1171.00	1164.50	1157.50	1150.75	1144.25	1136.25	1128.00	1121.00	1113.75	1105.50	1096.50	1089.00	1080.75	1071.50	1062.00	1051.25	1039.00	1021.75	1001.00	980.00	952.50	932.75	911.25	892.75	881.00	873.50	867.75	865.25	864.25	862.50	859.00	854.00	848.25	838.50	829.75	823.00	813.75	808.00	803.00	799.00	797.50	797.00	797.00	797.00	795.00	792.50	786.50	776.00	767.00	757.75	749.75	746.00	746.75	751.50	757.00	760.75	760.00	750.00	732.00	703.50	665.00	630.00	603.25	589.25	583.50	579.50	574.25	569.25	567.50	569.25	568.25	560.75	541.50	512.50	477.00	431.00	390.50	357.75	337.00	322.50	314.25	308.50	303.00	291.25	279.50	264.75	240.50	227.00	217.00	225.25	257.25	335.00	416.00	502.25	610.00	689.50	778.75	814.50	814.50	801.25	802.50	818.25	843.75	857.00	862.00	865.00	868.75	868.50	848.50	784.00	689.75	577.00	441.50	350.25	280.50	221.00	181.25	147.75	120.50	95.25	77.50	70.75	79.00	94.25	110.25	120.50	130.00	147.50	189.00	246.00	354.25	480.50	590.00	683.50	734.75	749.25	732.75	741.50	763.00	778.50	796.75	822.00	839.00	856.00	867.50	870.75	870.00	855.00	848.25	847.00	841.75	827.75	809.25	795.25	781.25	771.25	763.75	759.25	755.50	374.25	726.25	713.75	691.50	674.75	664.00	652.00	634.00	606.50	586.25	569.50	549.75	531.75	387.25	0.00	0.00	0.00	0.00	0.00	0.00	0.00	0.00	0.00	0.00	0.00	0.00	10.25	40.50	42.00	47.75	59.00	73.50	87.50	94.00	106.50	120.00	128.75	131.75	128.00	116.25	102.25	87.00	73.00	59.25	48.75	36.00	24.50	14.25	1.00	0.00	0.00	0.00	0.00	0.00	0.00	0.00	0.00	0.00	0.00	0.00	0.00	0.00	0.00	0.00	55.00	122.50	127.75	143.50	166.50	194.00	216.25	245.00	269.00	306.25	356.00	407.00	455.75	493.75	529.25	564.75	583.75	595.25	598.50	599.50	596.25	593.25	588.00	583.50	588.25	603.75	623.00	636.75	649.00	658.50	670.25	685.00	699.00
1171.00	1164.50	1157.50	1150.75	1144.25	1136.25	1128.00	1121.00	1113.75	1105.50	1096.50	1089.00	1080.75	1071.50	1062.00	1051.25	1039.00	1021.75	1001.00	980.00	952.50	932.75	911.25	892.75	881.00	873.50	867.75	865.25	864.25	862.50	859.00	854.00	848.25	838.50	829.75	823.00	813.75	808.00	803.00	799.00	797.50	797.00	797.00	797.00	795.00	792.50	786.50	776.00	767.00	757.75	749.75	746.00	746.75	751.50	757.00	760.75	760.00	750.00	732.00	703.50	665.00	630.00	603.25	589.25	583.50	579.50	574.25	569.25	567.50	569.25	568.25	560.75	541.50	512.50	477.00	431.00	390.50	357.75	337.00	322.50	314.25	308.50	303.00	291.25	279.50	264.75	240.50	227.00	217.00	225.25	257.25	335.00	416.00	502.25	610.00	689.50	778.75	814.50	814.50	801.25	802.50	818.25	843.75	857.00	862.00	865.00	868.75	868.50	848.50	784.00	689.75	577.00	441.50	350.25	280.50	221.00	181.25	147.75	120.50	95.25	77.50	70.75	79.00	94.25	110.25	120.50	130.00	147.50	189.00	246.00	354.25	480.50	590.00	683.50	734.75	749.25	732.75	741.50	763.00	778.50	796.75	822.00	839.00	856.00	867.50	870.75	870.00	855.00	848.25	847.00	841.75	827.75	809.25	795.25	781.25	771.25	763.75	759.25	755.50	374.25	726.25	713.75	691.50	674.75	664.00	652.00	634.00	606.50	586.25	569.50	549.75	531.75	387.25	0.00	0.00	0.00	0.00	0.00	0.00	0.00	0.00	0.00	0.00	0.00	0.00	10.25	40.50	42.00	47.75	59.00	73.50	87.50	94.00	106.50	120.00	128.75	131.75	128.00	116.25	102.25	87.00	73.00	59.25	48.75	36.00	24.50	14.25	1.00	0.00	0.00	0.00	0.00	0.00	0.00	0.00	0.00	0.00	0.00	0.00	0.00	0.00	0.00	0.00	55.00	122.50	127.75	143.50	166.50	194.00	216.25	245.00	269.00	306.25	356.00	407.00	455.75	493.75	529.25	564.75	583.75	595.25	598.50	599.50	596.25	593.25	588.00	583.50	588.25	603.75	623.00	636.75	649.00	658.50	670.25	685.00	699.00
1179.25	1172.75	1165.19	1158.44	1151.75	1143.75	1136.06	1128.50	1121.25	1113.00	1104.00	1096.31	1087.31	1077.69	1067.62	1056.88	1045.94	1037.31	1028.38	1011.31	984.94	963.31	938.25	916.19	899.75	887.75	878.81	876.50	878.31	876.75	872.50	865.25	857.81	847.12	837.62	830.31	820.88	815.50	811.06	807.25	806.69	807.50	806.19	803.75	799.50	795.12	788.38	777.69	769.62	761.12	753.88	752.00	754.62	759.00	763.94	766.56	764.50	751.50	727.69	691.50	645.12	606.56	583.19	579.88	589.88	603.88	611.38	614.25	613.62	610.50	600.50	586.81	564.75	538.75	511.50	479.56	451.25	424.88	406.94	391.12	375.75	351.06	329.06	290.50	260.00	240.19	218.75	209.56	206.88	229.38	287.81	414.50	537.12	651.31	746.69	795.25	826.38	820.69	796.50	788.31	809.81	836.25	858.00	858.50	848.50	831.62	810.06	775.12	720.06	622.38	511.25	403.38	294.12	227.06	177.75	136.44	111.69	95.25	83.75	77.25	79.00	95.50	128.31	169.44	206.62	218.38	213.06	207.69	218.62	244.69	300.25	368.75	437.75	509.50	562.62	601.31	633.19	661.62	699.06	725.25	754.38	792.75	818.94	845.12	863.75	869.25	869.81	864.38	854.62	850.94	853.94	849.50	838.69	827.69	812.75	798.44	790.00	793.56	802.38	706.31	782.50	772.25	746.62	728.19	714.44	697.75	673.00	635.00	605.56	580.19	348.56	132.94	96.81	0.00	0.00	0.00	0.00	0.00	0.00	0.00	0.00	0.00	0.00	0.00	9.00	41.38	54.75	61.31	69.88	79.06	87.94	92.94	92.31	92.81	93.38	89.19	82.44	76.06	68.62	61.38	52.31	43.56	34.12	27.00	18.19	14.75	4.69	0.25	0.00	0.00	0.00	0.00	0.00	0.00	0.00	0.00	0.00	0.00	0.00	0.00	0.00	0.00	67.31	145.56	160.75	161.31	168.81	183.19	203.94	225.62	254.56	278.00	314.31	365.00	419.75	474.31	514.00	549.50	585.00	604.19	618.31	624.75	624.06	615.75	608.62	597.75	587.62	589.00	601.88	620.38	636.00	651.44	663.19	677.75	693.25	706.69
1182.00	1175.50	1167.75	1161.00	1154.25	1146.25	1138.75	1131.00	1123.75	1115.50	1106.50	1098.75	1089.50	1079.75	1069.50	1058.75	1048.25	1042.50	1037.50	1021.75	995.75	973.50	947.25	924.00	906.00	892.50	882.50	880.25	883.00	881.50	877.00	869.00	861.00	850.00	840.25	832.75	823.25	818.00	813.75	810.00	809.75	811.00	809.25	806.00	801.00	796.00	789.00	778.25	770.50	762.25	755.25	754.00	757.25	761.50	766.25	768.50	766.00	752.00	726.25	687.50	638.50	598.75	576.50	576.75	592.00	612.00	623.75	629.25	629.00	624.25	611.25	595.50	572.50	547.50	523.00	495.75	471.50	447.25	430.25	414.00	396.25	365.25	337.75	290.25	253.50	232.00	211.50	203.75	203.50	230.75	298.00	441.00	577.50	701.00	792.25	830.50	842.25	822.75	790.50	784.00	812.25	842.25	862.75	859.00	844.00	820.50	790.50	744.00	677.25	568.50	451.75	345.50	245.00	186.00	143.50	108.25	88.50	77.75	71.50	71.25	79.50	103.75	144.75	194.50	238.75	251.00	240.75	227.75	228.50	244.25	282.25	331.50	387.00	451.50	505.25	552.00	600.00	635.00	677.75	707.50	740.25	783.00	812.25	841.50	862.50	868.75	869.75	867.50	856.75	852.25	858.00	856.75	848.50	838.50	823.25	807.50	798.75	805.00	818.00	817.00	801.25	791.75	765.00	746.00	731.25	713.00	686.00	644.50	612.00	583.75	281.50	0.00	0.00	0.00	0.00	0.00	0.00	0.00	0.00	0.00	0.00	0.00	0.00	0.00	12.00	51.75	59.50	67.75	77.25	85.75	92.75	94.75	91.75	88.25	84.50	76.00	66.00	58.75	52.75	47.75	40.75	33.75	25.75	19.75	12.25	11.50	1.50	0.00	0.00	0.00	0.00	0.00	0.00	0.00	0.00	0.00	0.00	0.00	0.00	0.00	0.00	0.00	89.75	175.75	173.50	172.50	177.25	188.75	207.25	228.75	257.75	281.00	317.00	368.00	424.00	480.50	520.75	556.25	591.75	611.00	626.00	633.50	632.25	622.25	613.75	601.00	589.00	589.25	601.25	619.50	635.75	652.25	664.75	680.25	696.00	709.25
1187.38	1181.00	1173.00	1166.00	1159.25	1151.25	1144.00	1136.25	1128.88	1121.00	1111.75	1102.75	1092.50	1082.75	1072.88	1062.88	1053.50	1047.50	1042.75	1030.12	1008.25	989.12	965.12	943.38	925.88	912.50	902.25	899.12	899.50	897.50	892.88	884.12	876.00	864.75	854.38	846.75	836.62	830.25	825.12	821.00	819.38	819.00	816.75	812.50	806.88	801.25	793.50	782.75	774.50	765.50	757.12	751.62	748.25	748.88	750.12	750.12	745.75	730.50	704.00	665.25	618.00	582.12	567.25	575.00	597.75	625.00	640.38	647.62	648.00	643.38	631.25	616.62	595.25	571.25	548.12	523.75	503.12	482.88	469.25	457.12	444.50	420.00	392.50	333.62	278.50	237.88	208.38	199.62	198.50	222.62	284.12	418.38	552.00	679.62	783.38	828.25	847.00	828.88	797.00	785.00	800.50	816.25	816.75	797.00	775.00	752.12	710.62	641.00	557.12	448.50	344.88	256.00	180.00	139.25	112.00	91.50	82.62	83.38	91.25	112.38	143.50	183.50	238.88	299.12	353.25	371.00	357.38	327.62	296.00	282.00	283.38	303.25	336.50	383.00	430.12	480.25	541.62	583.25	631.50	670.25	712.12	764.62	801.00	837.25	865.38	885.75	889.12	882.75	869.50	863.75	869.62	872.75	869.62	861.62	845.25	827.62	819.00	828.00	844.75	844.38	823.00	804.62	772.38	745.75	720.25	690.00	655.00	606.75	571.00	536.62	198.88	0.00	0.00	0.00	0.00	0.00	0.00	0.00	0.00	0.00	0.00	0.00	0.00	12.75	34.50	57.75	63.00	67.00	71.25	75.00	77.38	75.50	71.25	66.25	61.50	55.12	47.50	41.88	37.12	33.38	28.25	22.75	17.50	14.25	6.12	5.75	0.75	0.00	0.00	0.00	0.00	0.00	0.00	0.00	0.00	0.00	0.00	21.62	89.50	99.00	97.00	93.75	151.12	200.75	195.25	191.88	192.38	199.25	212.88	231.62	259.12	282.12	317.25	365.50	421.12	479.00	521.25	556.62	590.62	609.00	624.25	632.00	632.12	625.25	618.38	607.62	597.62	597.50	607.50	623.75	639.25	655.62	668.62	684.62	700.62	713.75
1192.75	1186.50	1178.25	1171.00	1164.25	1156.25	1149.25	1141.50	1134.00	1126.50	1117.00	1106.75	1095.50	1085.75	1076.25	1067.00	1058.75	1052.50	1048.00	1038.50	1020.75	1004.75	983.00	962.75	945.75	932.50	922.00	918.00	916.00	913.50	908.75	899.25	891.00	879.50	868.50	860.75	850.00	842.50	836.50	832.00	829.00	827.00	824.25	819.00	812.75	806.50	798.00	787.25	778.50	768.75	759.00	749.25	739.25	736.25	734.00	731.75	725.50	709.00	681.75	643.00	597.50	565.50	558.00	573.25	603.50	638.00	657.00	666.00	667.00	662.50	651.25	637.75	618.00	595.00	573.25	551.75	534.75	518.50	508.25	500.25	492.75	474.75	447.25	377.00	303.50	243.75	205.25	195.50	193.50	214.50	270.25	395.75	526.50	658.25	774.50	826.00	851.75	835.00	803.50	786.00	788.75	790.25	770.75	735.00	706.00	683.75	630.75	538.00	437.00	328.50	238.00	166.50	115.00	92.50	80.50	74.75	76.75	89.00	111.00	153.50	207.50	263.25	333.00	403.75	467.75	491.00	474.00	427.50	363.50	319.75	284.50	275.00	286.00	314.50	355.00	408.50	483.25	531.50	585.25	633.00	684.00	746.25	789.75	833.00	868.25	902.75	908.50	898.00	882.25	875.25	881.25	888.75	890.75	884.75	867.25	847.75	839.25	851.00	871.50	871.75	844.75	817.50	779.75	745.50	709.25	667.00	624.00	569.00	530.00	489.50	116.25	0.00	0.00	0.00	0.00	0.00	0.00	0.00	0.00	0.00	0.00	0.00	0.00	25.50	57.00	63.75	66.50	66.25	65.25	64.25	62.00	56.25	50.75	44.25	38.50	34.25	29.00	25.00	21.50	19.00	15.75	11.75	9.25	8.75	0.00	0.00	0.00	0.00	0.00	0.00	0.00	0.00	0.00	0.00	0.00	0.00	0.00	43.25	179.00	198.00	194.00	187.50	212.50	225.75	217.00	211.25	207.50	209.75	218.50	234.50	260.50	283.25	317.50	363.00	418.25	477.50	521.75	557.00	589.50	607.00	622.50	630.50	632.00	628.25	623.00	614.25	606.25	605.75	613.75	628.00	642.75	659.00	672.50	689.00	705.25	718.25
1195.38	1189.00	1180.75	1173.31	1166.62	1158.75	1151.62	1143.88	1136.31	1128.62	1118.75	1108.56	1097.19	1087.25	1077.94	1068.62	1060.38	1053.88	1048.88	1039.75	1023.06	1008.31	988.19	969.12	953.25	940.62	930.38	926.25	923.44	919.88	915.00	905.69	897.62	886.50	875.62	867.50	856.19	847.88	841.44	836.19	832.31	829.50	826.12	820.62	814.62	808.88	800.50	790.19	781.50	770.56	759.50	748.50	736.81	731.81	726.88	722.00	713.38	694.88	667.50	630.25	587.88	559.62	556.00	573.75	604.62	638.88	657.69	666.94	668.94	665.62	655.81	643.56	625.06	603.12	582.00	561.31	545.12	529.44	518.75	511.12	505.88	493.94	469.75	400.19	323.00	256.25	210.81	196.88	191.50	208.56	257.44	370.75	491.88	617.19	735.00	794.56	836.81	832.19	807.56	790.19	788.50	784.50	753.81	705.75	661.56	628.62	572.44	480.50	384.62	286.50	207.69	146.25	104.00	86.81	80.38	81.44	89.94	110.44	142.62	198.00	261.12	317.31	382.50	448.12	510.00	536.56	525.06	479.88	409.06	356.12	309.62	290.50	292.50	310.88	342.62	389.06	457.69	504.06	561.88	612.12	665.50	731.44	778.12	825.25	864.69	904.75	914.06	903.50	886.38	875.88	878.50	883.88	887.00	882.94	867.50	847.94	836.81	843.50	858.38	853.12	820.81	787.94	744.50	706.38	666.75	621.94	578.38	524.88	486.69	408.94	87.19	0.00	0.00	0.00	0.00	0.00	0.00	0.00	0.00	0.00	0.00	4.06	7.19	29.06	54.69	61.81	64.25	63.62	61.69	59.44	56.19	50.06	44.81	38.25	32.38	28.44	23.81	20.44	17.44	15.50	13.25	9.44	6.94	6.56	0.00	0.00	0.00	0.00	0.00	0.00	0.00	0.00	0.00	0.00	0.00	16.00	38.12	82.19	204.31	221.38	217.50	210.75	226.69	234.06	225.75	219.94	215.38	215.44	221.44	235.50	260.38	283.19	317.06	361.75	416.06	475.62	521.19	556.94	589.00	606.25	621.19	629.12	631.25	628.69	624.62	617.50	610.81	610.75	618.44	631.88	646.00	662.00	675.31	691.75	707.75	720.75
1203.25	1196.50	1188.25	1180.25	1173.75	1166.25	1158.75	1151.00	1143.25	1135.00	1124.00	1114.00	1102.25	1091.75	1083.00	1073.50	1065.25	1058.00	1051.50	1043.50	1030.00	1019.00	1003.75	988.25	975.75	965.00	955.50	951.00	945.75	939.00	933.75	925.00	917.50	907.50	897.00	887.75	874.75	864.00	856.25	848.75	842.25	837.00	831.75	825.50	820.25	816.00	808.00	799.00	790.50	776.00	761.00	746.25	729.50	718.50	705.50	692.75	677.00	652.50	624.75	592.00	559.00	542.00	550.00	575.25	608.00	641.50	659.75	669.75	674.75	675.00	669.50	661.00	646.25	627.50	608.25	590.00	576.25	562.25	550.25	543.75	545.25	551.50	537.25	469.75	381.50	293.75	227.50	201.00	185.50	190.75	219.00	295.75	388.00	494.00	616.50	700.25	792.00	823.75	819.75	802.75	787.75	767.25	703.00	618.00	528.25	463.25	397.50	308.00	227.50	160.50	116.75	85.50	71.00	69.75	80.00	101.50	129.50	174.75	237.50	331.50	422.00	479.50	531.00	581.25	636.75	673.25	678.25	637.00	545.75	465.25	385.00	337.00	312.00	300.00	305.50	330.75	381.00	421.75	491.75	549.50	610.00	687.00	743.25	802.00	854.00	910.75	930.75	920.00	898.75	877.75	870.25	869.25	875.75	877.50	868.25	848.50	829.50	821.00	819.00	797.25	749.00	699.25	638.75	589.00	539.25	486.75	441.50	392.50	356.75	167.25	0.00	0.00	0.00	0.00	0.00	0.00	0.00	0.00	0.00	0.00	0.00	16.25	28.75	39.75	47.75	56.00	57.50	55.75	51.00	45.00	38.75	31.50	27.00	20.25	14.00	11.00	8.25	6.75	5.25	5.00	5.75	2.50	0.00	0.00	0.00	0.00	0.00	0.00	0.00	0.00	0.00	0.00	0.00	0.00	0.00	64.00	152.50	199.00	280.25	291.50	288.00	280.50	269.25	259.00	252.00	246.00	239.00	232.50	230.25	238.50	260.00	283.00	315.75	358.00	409.50	470.00	519.50	556.75	587.50	604.00	617.25	625.00	629.00	630.00	629.50	627.25	624.50	625.75	632.50	643.50	655.75	671.00	683.75	700.00	715.25	728.25
1203.25	1196.50	1188.25	1180.25	1173.75	1166.25	1158.75	1151.00	1143.25	1135.00	1124.00	1114.00	1102.25	1091.75	1083.00	1073.50	1065.25	1058.00	1051.50	1043.50	1030.00	1019.00	1003.75	988.25	975.75	965.00	955.50	951.00	945.75	939.00	933.75	925.00	917.50	907.50	897.00	887.75	874.75	864.00	856.25	848.75	842.25	837.00	831.75	825.50	820.25	816.00	808.00	799.00	790.50	776.00	761.00	746.25	729.50	718.50	705.50	692.75	677.00	652.50	624.75	592.00	559.00	542.00	550.00	575.25	608.00	641.50	659.75	669.75	674.75	675.00	669.50	661.00	646.25	627.50	608.25	590.00	576.25	562.25	550.25	543.75	545.25	551.50	537.25	469.75	381.50	293.75	227.50	201.00	185.50	190.75	219.00	295.75	388.00	494.00	616.50	700.25	792.00	823.75	819.75	802.75	787.75	767.25	703.00	618.00	528.25	463.25	397.50	308.00	227.50	160.50	116.75	85.50	71.00	69.75	80.00	101.50	129.50	174.75	237.50	331.50	422.00	479.50	531.00	581.25	636.75	673.25	678.25	637.00	545.75	465.25	385.00	337.00	312.00	300.00	305.50	330.75	381.00	421.75	491.75	549.50	610.00	687.00	743.25	802.00	854.00	910.75	930.75	920.00	898.75	877.75	870.25	869.25	875.75	877.50	868.25	848.50	829.50	821.00	819.00	797.25	749.00	699.25	638.75	589.00	539.25	486.75	441.50	392.50	356.75	167.25	0.00	0.00	0.00	0.00	0.00	0.00	0.00	0.00	0.00	0.00	0.00	16.25	28.75	39.75	47.75	56.00	57.50	55.75	51.00	45.00	38.75	31.50	27.00	20.25	14.00	11.00	8.25	6.75	5.25	5.00	5.75	2.50	0.00	0.00	0.00	0.00	0.00	0.00	0.00	0.00	0.00	0.00	0.00	0.00	0.00	64.00	152.50	199.00	280.25	291.50	288.00	280.50	269.25	259.00	252.00	246.00	239.00	232.50	230.25	238.50	260.00	283.00	315.75	358.00	409.50	470.00	519.50	556.75	587.50	604.00	617.25	625.00	629.00	630.00	629.50	627.25	624.50	625.75	632.50	643.50	655.75	671.00	683.75	700.00	715.25	728.25
1212.75	1205.50	1196.25	1189.00	1182.00	1175.00	1167.75	1159.50	1151.75	1143.00	1131.00	1120.00	1108.00	1097.50	1088.00	1078.50	1070.25	1062.00	1054.50	1046.00	1035.00	1026.25	1014.25	1002.00	992.00	982.75	973.75	968.00	962.50	955.00	949.75	941.00	934.25	926.00	916.00	906.75	893.00	881.50	871.50	859.00	850.00	841.00	832.25	826.00	822.50	823.50	819.75	814.00	806.50	792.50	777.25	762.50	744.75	727.00	704.75	683.50	657.00	620.50	588.00	558.75	535.00	527.25	540.50	563.75	589.00	613.50	628.75	640.50	650.75	657.00	658.00	655.75	648.75	639.00	631.00	624.00	617.25	602.50	581.50	564.75	559.75	571.75	566.75	515.00	435.50	342.25	256.25	213.25	183.50	173.25	178.00	209.75	257.50	318.75	414.75	501.75	627.00	694.75	713.00	700.00	680.00	651.75	566.25	456.50	333.50	246.75	192.00	139.25	102.25	83.00	78.25	80.00	94.50	119.00	157.75	209.00	252.25	306.50	380.75	488.75	586.00	626.75	650.50	673.75	714.25	760.00	792.50	781.00	707.75	629.00	542.00	476.50	426.00	379.25	348.25	330.00	326.25	338.75	391.00	446.00	515.00	604.00	666.50	737.50	804.25	866.25	906.50	909.00	892.00	858.75	831.50	804.75	796.50	795.50	788.00	764.50	728.00	683.25	642.00	589.00	526.50	469.50	407.00	363.50	325.75	291.25	269.00	0.00	0.00	0.00	0.00	0.00	0.00	0.00	0.00	0.00	0.00	19.25	49.75	15.00	7.00	10.00	18.00	30.50	41.25	55.00	63.00	65.50	63.50	56.75	47.00	37.00	30.25	20.25	11.50	5.00	1.25	1.00	1.75	0.00	0.00	0.00	0.00	0.00	0.00	0.00	0.00	0.00	0.00	0.00	10.00	82.00	115.25	118.50	119.00	214.25	302.00	311.75	313.25	313.50	310.75	304.50	294.75	286.75	282.00	277.00	268.50	255.00	244.75	246.50	263.75	284.25	315.00	354.00	401.75	465.00	517.75	557.00	587.00	601.00	611.25	618.50	625.75	631.50	636.00	638.25	640.50	644.00	651.50	662.00	672.75	687.25	699.25	713.25	727.50	738.75
1212.75	1205.50	1196.25	1189.00	1182.00	1175.00	1167.75	1159.50	1151.75	1143.00	1131.00	1120.00	1108.00	1097.50	1088.00	1078.50	1070.25	1062.00	1054.50	1046.00	1035.00	1026.25	1014.25	1002.00	992.00	982.75	973.75	968.00	962.50	955.00	949.75	941.00	934.25	926.00	916.00	906.75	893.00	881.50	871.50	859.00	850.00	841.00	832.25	826.00	822.50	823.50	819.75	814.00	806.50	792.50	777.25	762.50	744.75	727.00	704.75	683.50	657.00	620.50	588.00	558.75	535.00	527.25	540.50	563.75	589.00	613.50	628.75	640.50	650.75	657.00	658.00	655.75	648.75	639.00	631.00	624.00	617.25	602.50	581.50	564.75	559.75	571.75	566.75	515.00	435.50	342.25	256.25	213.25	183.50	173.25	178.00	209.75	257.50	318.75	414.75	501.75	627.00	694.75	713.00	700.00	680.00	651.75	566.25	456.50	333.50	246.75	192.00	139.25	102.25	83.00	78.25	80.00	94.50	119.00	157.75	209.00	252.25	306.50	380.75	488.75	586.00	626.75	650.50	673.75	714.25	760.00	792.50	781.00	707.75	629.00	542.00	476.50	426.00	379.25	348.25	330.00	326.25	338.75	391.00	446.00	515.00	604.00	666.50	737.50	804.25	866.25	906.50	909.00	892.00	858.75	831.50	804.75	796.50	795.50	788.00	764.50	728.00	683.25	642.00	589.00	526.50	469.50	407.00	363.50	325.75	291.25	269.00	0.00	0.00	0.00	0.00	0.00	0.00	0.00	0.00	0.00	0.00	19.25	49.75	15.00	7.00	10.00	18.00	30.50	41.25	55.00	63.00	65.50	63.50	56.75	47.00	37.00	30.25	20.25	11.50	5.00	1.25	1.00	1.75	0.00	0.00	0.00	0.00	0.00	0.00	0.00	0.00	0.00	0.00	0.00	10.00	82.00	115.25	118.50	119.00	214.25	302.00	311.75	313.25	313.50	310.75	304.50	294.75	286.75	282.00	277.00	268.50	255.00	244.75	246.50	263.75	284.25	315.00	354.00	401.75	465.00	517.75	557.00	587.00	601.00	611.25	618.50	625.75	631.50	636.00	638.25	640.50	644.00	651.50	662.00	672.75	687.25	699.25	713.25	727.50	738.75
1214.56	1207.38	1198.19	1190.81	1184.00	1177.00	1169.75	1161.44	1153.50	1144.75	1132.62	1121.25	1109.19	1098.50	1089.00	1079.44	1071.12	1062.81	1055.12	1046.75	1036.19	1027.62	1015.69	1003.62	993.50	984.25	975.00	969.12	963.62	956.75	951.69	943.06	936.62	928.38	918.56	909.50	896.00	884.75	874.06	860.12	850.56	840.50	830.94	824.56	821.50	823.75	821.06	816.38	809.25	796.69	782.88	768.56	750.88	732.81	709.75	688.19	660.25	621.25	587.31	557.44	533.38	525.00	535.69	555.50	577.00	598.75	613.25	625.25	636.62	644.06	646.69	646.31	642.44	637.00	633.75	632.38	628.81	614.06	589.81	568.38	557.50	563.06	555.81	506.69	432.38	343.38	259.12	215.50	184.38	171.44	173.06	198.00	236.62	287.38	371.12	449.31	564.94	630.12	648.56	636.25	617.12	590.31	508.75	405.12	290.50	211.12	164.06	121.62	93.81	81.88	82.31	89.62	113.38	148.31	196.25	252.75	293.62	339.69	404.88	504.56	595.62	633.56	655.25	676.50	715.62	761.88	798.50	794.62	731.44	659.88	577.62	512.25	459.25	408.75	372.81	346.62	329.38	332.00	371.19	420.50	488.75	578.25	641.31	714.50	783.75	845.25	891.19	899.62	885.50	850.25	817.75	780.88	762.38	754.88	742.56	716.44	676.50	626.25	579.75	524.69	465.25	413.69	360.06	325.75	257.56	218.44	201.75	0.00	0.00	0.00	0.00	0.00	0.00	0.00	0.00	0.00	29.38	34.56	43.94	12.00	5.44	8.94	18.00	33.06	46.00	61.88	72.00	75.56	74.19	67.19	56.62	44.50	35.88	23.88	13.50	5.81	1.62	0.81	1.31	0.00	0.00	0.00	0.00	0.00	0.00	0.00	0.00	0.00	1.62	12.42	33.94	129.06	169.19	172.75	173.31	244.19	309.62	316.94	318.19	318.31	315.75	309.88	300.75	293.25	288.88	283.88	274.50	259.94	248.50	249.06	265.56	285.69	315.94	354.12	401.75	465.44	518.69	557.62	586.69	600.00	609.81	617.12	624.81	631.62	636.94	640.06	643.25	647.25	655.38	666.12	677.31	691.94	703.75	717.38	730.88	741.81
1220.00	1213.00	1204.00	1196.25	1190.00	1183.00	1175.75	1167.25	1158.75	1150.00	1137.50	1125.00	1112.75	1101.50	1092.00	1082.25	1073.75	1065.25	1057.00	1049.00	1039.75	1031.75	1020.00	1008.50	998.00	988.75	978.75	972.50	967.00	962.00	957.50	949.25	943.75	935.50	926.25	917.75	905.00	894.50	881.75	863.50	852.25	839.00	827.00	820.25	818.50	824.50	825.00	823.50	817.50	809.25	799.75	786.75	769.25	750.25	724.75	702.25	670.00	623.50	585.25	553.50	528.50	518.25	521.25	530.75	541.00	554.50	566.75	579.50	594.25	605.25	612.75	618.00	623.50	631.00	642.00	657.50	663.50	648.75	614.75	579.25	550.75	537.00	523.00	481.75	423.00	346.75	267.75	222.25	187.00	166.00	158.25	162.75	174.00	193.25	240.25	292.00	378.75	436.25	455.25	445.00	428.50	406.00	336.25	251.00	161.50	104.25	80.25	68.75	68.50	78.50	94.50	118.50	170.00	236.25	311.75	384.00	417.75	439.25	477.25	552.00	624.50	654.00	669.50	684.75	719.75	767.50	816.50	835.50	802.50	752.50	684.50	619.50	559.00	497.25	446.50	396.50	338.75	311.75	311.75	344.00	410.00	501.00	565.75	645.50	722.25	782.25	845.25	871.50	866.00	824.75	776.50	709.25	660.00	633.00	606.25	572.25	522.00	455.25	393.00	331.75	281.50	246.25	219.25	212.50	53.00	0.00	0.00	0.00	0.00	0.00	0.00	0.00	0.00	0.00	0.00	0.00	117.50	80.50	26.50	3.00	0.75	5.75	18.00	40.75	60.25	82.50	99.00	105.75	106.25	98.50	85.50	67.00	52.75	34.75	19.50	8.25	2.75	0.25	0.00	0.00	0.00	0.00	0.00	0.00	0.00	0.00	0.00	0.00	6.50	58.17	105.75	270.25	331.00	335.50	336.25	334.00	332.50	332.50	333.00	332.75	330.75	326.00	318.75	312.75	309.50	304.50	292.50	274.75	259.75	256.75	271.00	290.00	318.75	354.50	401.75	466.75	521.50	559.50	585.75	597.00	605.50	613.00	622.00	632.00	639.75	645.50	651.50	657.00	667.00	678.50	691.00	706.00	717.25	729.75	741.00	751.00
1221.44	1214.38	1205.56	1198.00	1191.81	1185.00	1177.75	1169.12	1160.62	1151.75	1139.00	1126.50	1114.06	1102.31	1092.50	1082.56	1073.88	1065.38	1057.12	1049.25	1039.88	1032.00	1020.50	1008.94	998.75	989.62	979.50	973.44	967.94	962.50	958.00	949.94	944.31	936.25	927.25	919.00	906.75	896.25	883.44	863.94	851.81	837.38	823.75	816.38	814.94	820.62	821.75	821.00	815.25	807.31	798.31	785.88	769.00	750.81	726.69	705.75	674.88	628.62	590.00	556.94	529.38	515.75	513.75	518.62	525.12	535.62	546.50	558.56	572.81	584.12	593.19	600.56	610.12	623.00	639.44	660.12	668.94	654.44	618.31	578.31	543.19	518.06	497.75	454.12	399.50	331.62	261.19	220.88	188.00	166.62	156.94	156.25	161.88	174.38	210.94	251.00	319.19	365.94	380.62	371.19	357.38	338.81	280.50	209.88	138.12	93.06	76.12	70.19	73.25	85.69	104.00	132.25	196.75	275.12	356.81	426.88	452.06	459.88	483.81	545.81	610.88	642.06	660.75	678.50	714.62	762.00	811.19	832.88	806.38	762.00	699.56	637.38	579.06	520.12	471.31	420.75	356.19	321.62	309.31	331.88	388.25	473.19	538.62	620.50	699.06	761.75	829.31	859.25	854.75	809.50	755.06	676.94	614.44	576.75	540.31	504.19	456.25	395.44	341.62	291.94	254.12	230.44	176.88	159.38	39.75	0.00	0.00	0.00	0.00	0.00	0.00	0.00	0.00	0.00	16.62	50.00	112.25	67.81	21.88	2.56	1.81	8.50	23.12	50.00	72.31	95.94	113.12	119.94	119.19	110.12	95.56	74.88	58.75	38.69	21.62	8.69	2.69	0.19	0.00	0.00	0.00	0.00	0.00	0.00	0.00	0.00	0.00	0.00	29.88	122.06	166.88	292.31	338.62	341.50	341.00	338.19	336.62	337.00	337.62	337.69	336.06	332.25	325.75	319.88	316.25	310.25	297.00	278.06	261.81	258.38	272.56	291.75	320.56	357.12	404.75	469.75	524.38	561.00	585.31	595.94	604.12	611.50	620.81	631.25	639.56	646.06	653.06	659.25	669.94	682.00	694.94	710.44	721.62	734.00	744.62	754.31
1225.75	1218.50	1210.25	1203.25	1197.25	1191.00	1183.75	1174.75	1166.25	1157.00	1143.50	1131.00	1118.00	1104.75	1094.00	1083.50	1074.25	1065.75	1057.50	1050.00	1040.25	1032.75	1022.00	1010.25	1001.00	992.25	981.75	976.25	970.75	964.00	959.50	952.00	946.00	938.50	930.25	922.75	912.00	901.50	888.50	865.25	850.50	832.50	814.00	804.75	804.25	809.00	812.00	813.50	808.50	801.50	794.00	783.25	768.25	752.50	732.50	716.25	689.50	644.00	604.25	567.25	532.00	508.25	491.25	482.25	477.50	479.00	485.75	495.75	508.50	520.75	534.50	548.25	570.00	599.00	631.75	668.00	685.25	671.50	629.00	575.50	520.50	461.25	422.00	371.25	329.00	286.25	241.50	216.75	191.00	168.50	153.00	136.75	125.50	117.75	123.00	128.00	140.50	155.00	156.75	149.75	144.00	137.25	113.25	86.50	68.00	59.50	63.75	74.50	87.50	107.25	132.50	173.50	277.00	391.75	492.00	555.50	555.00	521.75	503.50	527.25	570.00	606.25	634.50	659.75	699.25	745.50	795.25	825.00	818.00	790.50	744.75	691.00	639.25	588.75	545.75	493.50	408.50	351.25	302.00	295.50	323.00	389.75	457.25	545.50	629.50	700.25	781.50	822.50	821.00	763.75	690.75	580.00	477.75	408.00	342.50	300.00	259.00	216.00	187.50	172.50	172.00	183.00	49.75	0.00	0.00	0.00	0.00	0.00	0.00	0.00	0.00	0.00	0.00	0.00	66.50	200.00	96.50	29.75	8.00	1.25	5.00	16.75	38.50	77.75	108.50	136.25	155.50	162.50	158.00	145.00	125.75	98.50	76.75	50.50	28.00	10.00	2.50	0.00	0.00	0.00	0.00	0.00	0.00	0.00	0.00	0.00	0.00	0.00	95.50	321.75	350.25	358.50	361.50	359.50	355.25	350.75	349.00	350.50	351.50	352.50	352.00	351.00	346.75	341.25	336.50	327.50	310.50	288.00	268.00	263.25	277.25	297.00	326.00	365.00	413.75	478.75	533.00	565.50	584.00	592.75	600.00	607.00	617.25	629.00	639.00	647.75	657.75	666.00	678.75	692.50	706.75	723.75	734.75	746.75	755.50	764.25
1225.75	1218.50	1210.25	1203.25	1197.25	1191.00	1183.75	1174.75	1166.25	1157.00	1143.50	1131.00	1118.00	1104.75	1094.00	1083.50	1074.25	1065.75	1057.50	1050.00	1040.25	1032.75	1022.00	1010.25	1001.00	992.25	981.75	976.25	970.75	964.00	959.50	952.00	946.00	938.50	930.25	922.75	912.00	901.50	888.50	865.25	850.50	832.50	814.00	804.75	804.25	809.00	812.00	813.50	808.50	801.50	794.00	783.25	768.25	752.50	732.50	716.25	689.50	644.00	604.25	567.25	532.00	508.25	491.25	482.25	477.50	479.00	485.75	495.75	508.50	520.75	534.50	548.25	570.00	599.00	631.75	668.00	685.25	671.50	629.00	575.50	520.50	461.25	422.00	371.25	329.00	286.25	241.50	216.75	191.00	168.50	153.00	136.75	125.50	117.75	123.00	128.00	140.50	155.00	156.75	149.75	144.00	137.25	113.25	86.50	68.00	59.50	63.75	74.50	87.50	107.25	132.50	173.50	277.00	391.75	492.00	555.50	555.00	521.75	503.50	527.25	570.00	606.25	634.50	659.75	699.25	745.50	795.25	825.00	818.00	790.50	744.75	691.00	639.25	588.75	545.75	493.50	408.50	351.25	302.00	295.50	323.00	389.75	457.25	545.50	629.50	700.25	781.50	822.50	821.00	763.75	690.75	580.00	477.75	408.00	342.50	300.00	259.00	216.00	187.50	172.50	172.00	183.00	49.75	0.00	0.00	0.00	0.00	0.00	0.00	0.00	0.00	0.00	0.00	0.00	66.50	200.00	96.50	29.75	8.00	1.25	5.00	16.75	38.50	77.75	108.50	136.25	155.50	162.50	158.00	145.00	125.75	98.50	76.75	50.50	28.00	10.00	2.50	0.00	0.00	0.00	0.00	0.00	0.00	0.00	0.00	0.00	0.00	0.00	95.50	321.75	350.25	358.50	361.50	359.50	355.25	350.75	349.00	350.50	351.50	352.50	352.00	351.00	346.75	341.25	336.50	327.50	310.50	288.00	268.00	263.25	277.25	297.00	326.00	365.00	413.75	478.75	533.00	565.50	584.00	592.75	600.00	607.00	617.25	629.00	639.00	647.75	657.75	666.00	678.75	692.50	706.75	723.75	734.75	746.75	755.50	764.25
1230.75	1224.50	1216.75	1209.75	1203.50	1196.25	1188.75	1179.25	1170.75	1161.50	1147.50	1135.00	1122.25	1107.75	1097.00	1086.00	1076.75	1066.50	1057.00	1048.00	1036.25	1028.00	1017.00	1006.00	996.00	987.75	978.75	972.25	965.75	959.50	954.75	947.00	941.50	934.50	927.25	921.75	912.75	903.50	888.75	863.00	845.25	820.00	791.25	772.75	765.25	765.00	763.75	761.00	758.50	755.75	752.25	748.00	740.00	729.25	714.50	698.50	677.00	643.00	611.25	577.75	539.50	505.50	473.25	449.50	434.50	426.00	423.25	423.25	424.50	426.50	434.50	447.25	471.75	502.50	531.00	552.00	555.50	540.75	501.00	457.00	405.25	344.25	303.00	256.25	228.50	211.25	198.25	202.00	200.00	191.50	173.00	139.75	112.00	91.00	83.25	79.00	77.75	81.25	83.00	89.75	102.00	108.50	109.00	105.50	103.75	99.50	101.75	108.00	118.00	137.00	160.75	197.00	287.50	378.00	454.50	503.75	512.25	501.50	496.00	523.50	566.00	592.50	613.00	634.00	669.25	711.50	757.50	785.50	783.25	760.00	723.50	677.00	639.75	606.75	577.00	540.75	470.25	414.25	344.75	307.00	295.75	325.00	375.50	453.00	542.25	617.25	679.00	680.50	632.00	528.00	438.75	332.00	252.25	206.00	173.25	166.25	170.75	190.00	227.00	276.75	314.25	338.25	366.50	0.00	0.00	0.00	0.00	0.00	0.00	0.00	0.00	0.00	83.75	300.75	197.50	98.00	36.00	4.75	0.75	4.00	18.75	50.00	75.00			193.00	199.50	202.00	186.75	167.50	143.50	109.25	84.00	56.00	29.00	0.50	0.00	0.00	0.00	0.00	0.00	0.00	0.00	0.00	0.00	0.00	136.00	280.00	318.75	363.25	373.25	374.50	368.25	365.00	364.00	366.25	369.75	374.25	375.75	378.00	383.00	386.50	385.75	380.00	369.00	348.50	322.00	295.75	274.75	272.25	286.00	304.75	331.75	367.50	416.00	484.00	536.75	566.00	576.75	579.00	584.75	597.00	612.00	627.75	641.25	651.75	662.25	670.75	684.00	701.50	719.00	738.75	749.75	761.00	770.25	777.75
1230.75	1224.50	1216.75	1209.75	1203.50	1196.25	1188.75	1179.25	1170.75	1161.50	1147.50	1135.00	1122.25	1107.75	1097.00	1086.00	1076.75	1066.50	1057.00	1048.00	1036.25	1028.00	1017.00	1006.00	996.00	987.75	978.75	972.25	965.75	959.50	954.75	947.00	941.50	934.50	927.25	921.75	912.75	903.50	888.75	863.00	845.25	820.00	791.25	772.75	765.25	765.00	763.75	761.00	758.50	755.75	752.25	748.00	740.00	729.25	714.50	698.50	677.00	643.00	611.25	577.75	539.50	505.50	473.25	449.50	434.50	426.00	423.25	423.25	424.50	426.50	434.50	447.25	471.75	502.50	531.00	552.00	555.50	540.75	501.00	457.00	405.25	344.25	303.00	256.25	228.50	211.25	198.25	202.00	200.00	191.50	173.00	139.75	112.00	91.00	83.25	79.00	77.75	81.25	83.00	89.75	102.00	108.50	109.00	105.50	103.75	99.50	101.75	108.00	118.00	137.00	160.75	197.00	287.50	378.00	454.50	503.75	512.25	501.50	496.00	523.50	566.00	592.50	613.00	634.00	669.25	711.50	757.50	785.50	783.25	760.00	723.50	677.00	639.75	606.75	577.00	540.75	470.25	414.25	344.75	307.00	295.75	325.00	375.50	453.00	542.25	617.25	679.00	680.50	632.00	528.00	438.75	332.00	252.25	206.00	173.25	166.25	170.75	190.00	227.00	276.75	314.25	338.25	366.50	0.00	0.00	0.00	0.00	0.00	0.00	0.00	0.00	0.00	83.75	300.75	197.50	98.00	36.00	4.75	0.75	4.00	18.75	50.00	75.00			190.92	199.50	202.00	186.75	167.50	143.50	109.25	84.00	56.00	29.00	0.50	0.00	0.00	0.00	0.00	0.00	0.00	0.00	0.00	0.00	0.00	136.00	280.00	318.75	363.25	373.25	374.50	368.25	365.00	364.00	366.25	369.75	374.25	375.75	378.00	383.00	386.50	385.75	380.00	369.00	348.50	322.00	295.75	274.75	272.25	286.00	304.75	331.75	367.50	416.00	484.00	536.75	566.00	576.75	579.00	584.75	597.00	612.00	627.75	641.25	651.75	662.25	670.75	684.00	701.50	719.00	738.75	749.75	761.00	770.25	777.75
1231.75	1225.50	1217.81	1210.75	1204.50	1197.38	1189.94	1180.31	1171.75	1162.38	1148.25	1135.75	1122.81	1108.06	1097.25	1086.19	1076.81	1066.50	1056.88	1048.00	1036.19	1027.75	1016.75	1005.75	995.62	987.19	978.00	971.50	964.75	958.38	953.50	945.81	940.31	933.25	926.19	920.75	912.00	902.75	888.38	862.12	844.12	817.62	787.19	767.19	756.25	753.75	750.62	746.81	744.25	742.38	740.94	738.94	733.69	725.38	712.06	696.75	675.88	643.50	613.50	581.12	542.31	506.75	471.69	445.56	428.62	418.62	415.00	414.06	413.50	412.38	414.88	423.38	443.81	471.38	497.69	516.56	518.94	505.94	470.69	430.94	384.56	329.25	291.00	247.75	223.12	208.50	198.69	204.94	205.25	197.69	177.56	140.56	110.38	88.12	80.69	78.06	80.62	88.88	98.88	117.06	141.44	158.12	167.56	165.00	160.31	153.75	150.50	147.31	147.19	155.75	171.50	199.88	274.25	350.94	417.06	463.00	475.00	471.81	474.69	507.31	551.38	576.88	598.19	621.56	659.44	703.44	751.00	780.38	781.12	759.56	723.81	678.25	641.50	608.50	578.31	541.75	474.25	420.19	351.88	311.00	293.75	316.25	363.69	437.62	518.50	581.44	626.69	616.50	562.75	462.75	382.88	292.69	229.69	196.25	178.25	182.31	196.19	223.25	263.00	310.62	343.44	362.69	387.00	57.12	0.00	0.00	0.00	0.00	0.00	0.00	0.00	90.19	135.06	276.75	175.69	83.75	30.00	3.88	1.19	6.69	24.06	57.25	97.50	154.75		189.58	198.38	199.31	183.50	163.25	139.12	106.25	78.88	42.75	21.75	0.38	0.00	0.00	0.00	0.00	0.00	0.00	0.00	0.00	25.00	39.62	163.00	290.19	326.88	365.56	373.81	373.88	368.50	366.38	366.88	370.25	374.06	378.25	380.19	383.50	389.69	394.25	394.56	388.44	375.75	353.06	325.00	298.38	277.50	274.81	287.75	305.50	331.25	365.50	411.44	476.31	527.00	555.75	567.12	570.56	578.88	594.25	611.94	629.69	644.44	655.38	665.44	673.50	686.50	703.88	721.75	741.44	752.06	763.19	772.19	779.19
1234.75	1228.50	1221.00	1213.75	1207.50	1200.75	1193.50	1183.50	1174.75	1165.00	1150.50	1138.00	1124.50	1109.00	1098.00	1086.75	1077.00	1066.50	1056.50	1048.00	1036.00	1027.00	1016.00	1005.00	994.50	985.50	975.75	969.25	961.75	955.00	949.75	942.25	936.75	929.50	923.00	917.75	909.75	900.50	887.25	859.50	840.75	810.50	775.00	750.50	729.25	720.00	711.25	704.25	701.50	702.25	707.00	711.75	714.75	713.75	704.75	691.50	672.50	645.00	620.25	591.25	550.75	510.50	467.00	433.75	411.00	396.50	390.25	386.50	380.50	370.00	356.00	351.75	360.00	378.00	397.75	410.25	409.25	401.50	379.75	352.75	322.50	284.25	255.00	222.25	207.00	200.25	200.00	213.75	221.00	216.25	191.25	143.00	105.50	79.50	73.00	75.25	89.25	111.75	146.50	199.00	259.75	307.00	343.25	343.50	330.00	316.50	296.75	265.25	234.75	212.00	203.75	208.50	234.50	269.75	304.75	340.75	363.25	382.75	410.75	458.75	507.50	530.00	553.75	584.25	630.00	679.25	731.50	765.00	774.75	758.25	724.75	682.00	646.75	613.75	582.25	544.75	486.25	438.00	373.25	323.00	287.75	290.00	328.25	391.50	447.25	474.00	469.75	424.50	355.00	267.00	215.25	174.75	162.00	167.00	193.25	230.50	272.50	323.00	371.00	412.25	431.00	436.00	448.50	228.50	0.00	0.00	0.00	0.00	0.00	0.00	0.00	360.75	289.00	204.75	110.25	41.00	12.00	1.25	2.50	14.75	40.00	79.00	116.50	154.75	175.25	189.50	195.00	191.25	173.75	150.50	126.00	97.25	63.50	3.00	0.00	0.00	0.00	0.00	0.00	0.00	0.00	0.00	0.00	0.00	100.00	158.50	244.00	320.75	351.25	372.50	375.50	372.00	369.25	370.50	375.50	382.25	387.00	390.25	393.50	400.00	409.75	417.50	421.00	413.75	396.00	366.75	334.00	306.25	285.75	282.50	293.00	307.75	329.75	359.50	397.75	453.25	497.75	525.00	538.25	545.25	561.25	586.00	611.75	635.50	654.00	666.25	675.00	681.75	694.00	711.00	730.00	749.50	759.00	769.75	778.00	783.50
1235.50	1229.25	1221.94	1214.62	1208.38	1201.56	1194.31	1184.50	1175.62	1165.88	1151.50	1138.75	1125.12	1109.50	1098.50	1087.19	1077.44	1067.00	1057.00	1048.50	1036.50	1027.50	1016.75	1005.50	994.94	985.75	976.00	969.44	961.62	954.88	949.38	942.00	936.38	928.88	922.19	916.75	908.75	899.62	886.50	858.81	840.38	810.50	774.81	749.44	726.44	717.12	707.38	700.19	696.62	694.88	698.50	704.88	710.75	711.81	703.56	690.31	671.62	644.75	621.19	592.69	551.69	509.69	463.56	427.94	403.75	388.62	382.94	379.94	374.19	362.31	345.62	339.81	348.38	368.50	390.75	406.81	409.88	405.38	385.88	359.69	328.69	288.81	258.75	225.88	210.50	203.75	203.44	215.56	221.00	213.62	187.19	138.94	103.12	79.56	77.69	84.38	103.31	129.81	170.75	233.06	305.88	362.62	407.69	410.50	396.31	380.88	357.69	319.31	280.25	248.56	233.75	231.25	243.38	265.56	289.06	316.25	335.31	354.06	382.00	428.94	475.75	499.62	527.56	563.50	615.44	669.62	726.25	762.69	774.31	758.38	723.25	679.50	643.31	608.69	575.44	536.88	480.00	434.31	373.25	323.25	284.81	280.56	313.62	370.12	415.88	431.94	417.62	371.25	308.50	235.44	196.06	170.62	169.06	180.75	213.38	253.94	296.94	346.00	389.88	425.69	441.12	444.56	454.56	171.38	0.00	0.00	0.00	0.00	0.00	69.06	86.25	347.00	275.69	192.38	100.62	35.75	10.12	1.31	3.62	17.50	44.19	79.92	117.75	154.75	172.50	184.00	186.88	181.56	163.56	141.12	118.31	92.38	59.69	2.25	0.00	0.00	0.00	0.00	0.00	0.00	0.00	1.50	18.56	24.94	121.56	177.62	253.12	321.81	351.38	371.50	374.00	370.88	369.06	371.75	378.25	385.62	390.06	392.88	396.00	402.38	412.50	420.75	425.00	418.00	399.62	369.69	336.81	309.44	289.00	285.06	294.38	308.06	328.88	356.38	391.44	442.75	484.56	510.94	525.19	534.38	554.31	583.38	611.81	637.81	657.88	671.12	679.88	686.31	697.75	713.75	731.81	751.00	760.12	770.50	778.50	783.81
1237.75	1231.50	1224.75	1217.25	1211.00	1204.00	1196.75	1187.50	1178.25	1168.50	1154.50	1141.00	1127.00	1111.00	1100.00	1088.50	1078.75	1068.50	1058.50	1050.00	1038.00	1029.00	1019.00	1007.00	996.25	986.50	976.75	970.00	961.25	954.50	948.25	941.25	935.25	927.00	919.75	913.75	905.75	897.00	884.25	856.75	839.25	810.50	774.25	746.25	718.00	708.50	695.75	688.00	682.00	672.75	673.00	684.25	698.75	706.00	700.00	686.75	669.00	644.00	624.00	597.00	554.50	507.25	453.25	410.50	382.00	365.00	361.00	360.25	355.25	339.25	314.50	304.00	313.50	340.00	369.75	396.50	411.75	417.00	404.25	380.50	347.25	302.50	270.00	236.75	221.00	214.25	213.75	221.00	221.00	205.75	175.00	126.75	96.00	79.75	91.75	111.75	145.50	184.00	243.50	335.25	444.25	529.50	601.00	611.50	595.25	574.00	540.50	481.50	416.75	358.25	323.75	299.50	270.00	253.00	242.00	242.75	251.50	268.00	295.75	339.50	380.50	408.50	449.00	501.25	571.75	640.75	710.50	755.75	773.00	758.75	718.75	672.00	633.00	593.50	555.00	513.25	461.25	423.25	373.25	324.00	276.00	252.25	269.75	306.00	321.75	305.75	261.25	211.50	169.00	140.75	138.50	158.25	190.25	222.00	273.75	324.25	370.25	415.00	446.50	466.00	471.50	470.25	472.75	0.00	0.00	0.00	0.00	0.00	0.00	276.25	345.00	305.75	235.75	155.25	71.75	20.00	4.50	1.50	7.00	25.75	56.75	78.00	142.00	154.75	164.25	167.50	162.50	152.50	133.00	113.00	95.25	77.75	48.25	0.00	0.00	0.00	0.00	0.00	0.00	0.00	0.00	6.00	74.25	99.75	186.25	235.00	280.50	325.00	351.75	368.50	369.50	367.50	368.50	375.50	386.50	395.75	399.25	400.75	403.50	409.50	420.75	430.50	437.00	430.75	410.50	378.50	345.25	319.00	298.75	292.75	298.50	309.00	326.25	347.00	372.50	411.25	445.00	468.75	486.00	501.75	533.50	575.50	612.00	644.75	669.50	685.75	694.50	700.00	709.00	722.00	737.25	755.50	763.50	772.75	780.00	784.75
1237.75	1231.50	1224.75	1217.25	1211.00	1204.00	1196.75	1187.50	1178.25	1168.50	1154.50	1141.00	1127.00	1111.00	1100.00	1088.50	1078.75	1068.50	1058.50	1050.00	1038.00	1029.00	1019.00	1007.00	996.25	986.50	976.75	970.00	961.25	954.50	948.25	941.25	935.25	927.00	919.75	913.75	905.75	897.00	884.25	856.75	839.25	810.50	774.25	746.25	718.00	708.50	695.75	688.00	682.00	672.75	673.00	684.25	698.75	706.00	700.00	686.75	669.00	644.00	624.00	597.00	554.50	507.25	453.25	410.50	382.00	365.00	361.00	360.25	355.25	339.25	314.50	304.00	313.50	340.00	369.75	396.50	411.75	417.00	404.25	380.50	347.25	302.50	270.00	236.75	221.00	214.25	213.75	221.00	221.00	205.75	175.00	126.75	96.00	79.75	91.75	111.75	145.50	184.00	243.50	335.25	444.25	529.50	601.00	611.50	595.25	574.00	540.50	481.50	416.75	358.25	323.75	299.50	270.00	253.00	242.00	242.75	251.50	268.00	295.75	339.50	380.50	408.50	449.00	501.25	571.75	640.75	710.50	755.75	773.00	758.75	718.75	672.00	633.00	593.50	555.00	513.25	461.25	423.25	373.25	324.00	276.00	252.25	269.75	306.00	321.75	305.75	261.25	211.50	169.00	140.75	138.50	158.25	190.25	222.00	273.75	324.25	370.25	415.00	446.50	466.00	471.50	470.25	472.75	0.00	0.00	0.00	0.00	0.00	0.00	276.25	345.00	305.75	235.75	155.25	71.75	20.00	4.50	1.50	7.00	25.75	56.75	78.00	128.25	154.75	164.25	167.50	162.50	152.50	133.00	113.00	95.25	77.75	48.25	0.00	0.00	0.00	0.00	0.00	0.00	0.00	0.00	6.00	74.25	99.75	186.25	235.00	280.50	325.00	351.75	368.50	369.50	367.50	368.50	375.50	386.50	395.75	399.25	400.75	403.50	409.50	420.75	430.50	437.00	430.75	410.50	378.50	345.25	319.00	298.75	292.75	298.50	309.00	326.25	347.00	372.50	411.25	445.00	468.75	486.00	501.75	533.50	575.50	612.00	644.75	669.50	685.75	694.50	700.00	709.00	722.00	737.25	755.50	763.50	772.75	780.00	784.75
1240.00	1234.00	1227.25	1220.25	1214.00	1207.00	1199.75	1190.50	1181.25	1171.50	1157.00	1143.75	1129.75	1113.50	1103.00	1091.25	1081.25	1071.50	1062.50	1053.75	1042.00	1033.00	1023.00	1010.75	999.25	988.75	978.75	972.00	962.25	954.50	948.25	940.75	933.50	925.00	916.75	910.00	900.25	891.00	878.25	852.00	835.50	811.00	779.00	753.00	724.75	712.00	698.50	689.00	679.00	665.75	661.25	669.00	681.75	689.00	682.75	668.75	649.00	623.50	602.00	573.50	527.75	476.75	418.50	374.00	346.50	331.50	331.00	334.00	332.50	321.00	304.25	305.25	335.75	387.50	437.75	483.50	511.50	521.75	504.50	469.50	419.50	352.00	307.75	265.00	243.50	231.50	224.00	219.00	205.50	181.00	153.75	127.00	126.50	144.75	182.50	214.00	248.75	279.50	331.50	427.25	549.25	648.50	742.75	769.50	759.25	739.25	704.75	643.25	577.00	519.25	483.00	448.00	389.00	334.25	283.25	239.25	217.25	210.00	215.75	237.75	264.50	293.75	342.25	404.00	491.25	580.25	669.50	725.50	747.00	735.75	698.25	649.50	603.00	549.00	497.75	447.50	395.00	364.25	328.00	288.00	240.00	199.75	194.75	202.00	194.00	166.75	125.75	102.00	99.75	125.00	156.50	205.25	251.25	288.50	338.75	379.50	411.50	437.00	450.50	456.50	457.00	453.50	225.00	0.00	0.00	0.00	0.00	181.00	347.75	327.00	299.50	265.00	203.50	132.75	59.50	15.00	3.50	3.00	12.75	34.75	65.75	97.00	123.50	136.00	134.75	129.25	117.50	103.00	87.50	76.00	70.00	48.75	14.50	0.00	0.00	0.00	0.00	0.00	0.00	10.75	47.75	82.50	173.00	202.25	229.50	255.50	290.00	325.75	348.25	363.50	366.75	369.75	375.25	385.00	396.75	405.25	407.75	408.00	409.50	413.50	423.00	432.00	439.00	434.00	417.50	390.50	362.50	341.50	322.25	312.00	309.50	314.75	325.75	340.50	356.25	378.25	399.75	418.25	438.75	460.00	500.25	551.50	595.75	637.50	668.75	691.50	706.50	714.00	722.00	730.50	741.00	755.75	764.25	771.75	777.50	781.75
1240.00	1234.00	1227.25	1220.25	1214.00	1207.00	1199.75	1190.50	1181.25	1171.50	1157.00	1143.75	1129.75	1113.50	1103.00	1091.25	1081.25	1071.50	1062.50	1053.75	1042.00	1033.00	1023.00	1010.75	999.25	988.75	978.75	972.00	962.25	954.50	948.25	940.75	933.50	925.00	916.75	910.00	900.25	891.00	878.25	852.00	835.50	811.00	779.00	753.00	724.75	712.00	698.50	689.00	679.00	665.75	661.25	669.00	681.75	689.00	682.75	668.75	649.00	623.50	602.00	573.50	527.75	476.75	418.50	374.00	346.50	331.50	331.00	334.00	332.50	321.00	304.25	305.25	335.75	387.50	437.75	483.50	511.50	521.75	504.50	469.50	419.50	352.00	307.75	265.00	243.50	231.50	224.00	219.00	205.50	181.00	153.75	127.00	126.50	144.75	182.50	214.00	248.75	279.50	331.50	427.25	549.25	648.50	742.75	769.50	759.25	739.25	704.75	643.25	577.00	519.25	483.00	448.00	389.00	334.25	283.25	239.25	217.25	210.00	215.75	237.75	264.50	293.75	342.25	404.00	491.25	580.25	669.50	725.50	747.00	735.75	698.25	649.50	603.00	549.00	497.75	447.50	395.00	364.25	328.00	288.00	240.00	199.75	194.75	202.00	194.00	166.75	125.75	102.00	99.75	125.00	156.50	205.25	251.25	288.50	338.75	379.50	411.50	437.00	450.50	456.50	457.00	453.50	225.00	0.00	0.00	0.00	0.00	181.00	347.75	327.00	299.50	265.00	203.50	132.75	59.50	15.00	3.50	3.00	12.75	34.75	65.58	99.50	123.50	136.00	134.75	129.25	117.50	103.00	87.50	76.00	70.00	48.75	14.50	0.00	0.00	0.00	0.00	0.00	0.00	10.75	47.75	82.50	173.00	202.25	229.50	255.50	290.00	325.75	348.25	363.50	366.75	369.75	375.25	385.00	396.75	405.25	407.75	408.00	409.50	413.50	423.00	432.00	439.00	434.00	417.50	390.50	362.50	341.50	322.25	312.00	309.50	314.75	325.75	340.50	356.25	378.25	399.75	418.25	438.75	460.00	500.25	551.50	595.75	637.50	668.75	691.50	706.50	714.00	722.00	730.50	741.00	755.75	764.25	771.75	777.50	781.75
1241.00	1235.00	1228.25	1221.12	1214.75	1208.00	1200.62	1191.12	1182.00	1172.25	1157.75	1144.75	1130.75	1114.75	1104.00	1092.62	1083.00	1073.38	1064.50	1056.25	1044.50	1035.75	1025.50	1013.25	1001.50	991.00	980.62	973.38	963.50	955.50	948.62	940.88	933.25	924.00	915.25	908.00	897.12	887.25	874.00	848.12	831.62	808.50	780.12	757.12	730.75	715.50	702.25	691.00	680.50	669.62	664.12	665.50	671.38	674.12	665.50	650.12	628.50	600.00	575.50	544.50	497.88	447.38	392.75	352.62	330.00	318.50	318.50	321.75	322.00	314.88	308.62	319.88	362.62	425.50	482.38	530.62	556.75	563.62	541.38	500.25	444.50	371.62	325.00	280.12	256.75	243.25	230.88	221.00	203.75	181.00	163.38	157.12	177.50	215.50	259.38	286.25	306.38	321.75	358.25	440.12	551.38	644.62	741.12	776.50	772.88	756.62	726.00	673.25	618.38	574.12	546.50	514.00	455.00	393.62	332.62	273.38	236.75	214.75	206.50	215.12	233.75	258.75	302.50	358.50	442.12	532.00	624.00	681.88	706.25	701.00	673.50	629.50	578.38	514.75	455.25	399.00	344.50	314.88	282.75	249.25	208.38	169.38	158.50	157.50	148.75	129.00	103.38	94.50	105.50	143.38	180.88	231.50	275.38	308.62	349.75	380.50	403.75	421.38	430.00	433.75	279.88	226.75	112.50	0.00	0.00	0.00	168.75	250.50	322.75	298.25	268.12	237.00	183.88	121.75	55.62	14.00	3.12	4.25	15.50	38.00	66.25	96.00	114.62	120.50	115.75	108.00	95.50	82.12	64.38	54.62	52.75	35.12	7.75	0.12	1.25	2.88	4.62	6.75	9.75	47.75	109.88	138.25	192.75	216.50	243.25	267.75	297.62	328.00	348.25	363.88	369.25	374.12	382.12	392.25	403.00	410.25	412.75	413.00	413.50	416.75	424.88	432.75	438.25	433.50	420.25	398.38	375.12	356.50	338.38	326.00	319.62	322.25	330.88	343.75	357.12	373.25	388.88	403.50	422.88	443.50	482.00	531.00	574.88	618.12	652.25	679.62	701.38	713.00	723.62	731.25	739.62	752.88	761.75	769.38	774.38	778.38
1242.00	1236.00	1229.25	1222.00	1215.50	1209.00	1201.50	1191.75	1182.75	1173.00	1158.50	1145.75	1131.75	1116.00	1105.00	1094.00	1084.75	1075.25	1066.50	1058.75	1047.00	1038.50	1028.00	1015.75	1003.75	993.25	982.50	974.75	964.75	956.50	949.00	941.00	933.00	923.00	913.75	906.00	894.00	883.50	869.75	844.25	827.75	806.00	781.25	761.25	736.75	719.00	706.00	693.00	682.00	673.50	667.00	662.00	661.00	659.25	648.25	631.50	608.00	576.50	549.00	515.50	468.00	418.00	367.00	331.25	313.50	305.50	306.00	309.50	311.50	308.75	313.00	334.50	389.50	463.50	527.00	577.75	602.00	605.50	578.25	531.00	469.50	391.25	342.25	295.25	270.00	255.00	237.75	223.00	202.00	181.00	173.00	187.25	228.50	286.25	336.25	358.50	364.00	364.00	385.00	453.00	553.50	640.75	739.50	783.50	786.50	774.00	747.25	703.25	659.75	629.00	610.00	580.00	521.00	453.00	382.00	307.50	256.25	219.50	197.25	192.50	203.00	223.75	262.75	313.00	393.00	483.75	578.50	638.25	665.50	666.25	648.75	609.50	553.75	480.50	412.75	350.50	294.00	265.50	237.50	210.50	176.75	139.00	122.25	113.00	103.50	91.25	81.00	87.00	111.25	161.75	205.25	257.75	299.50	328.75	360.75	381.50	396.00	405.75	409.50	411.00	102.75	0.00	0.00	0.00	0.00	0.00	337.50	320.00	297.75	269.50	236.75	209.00	164.25	110.75	51.75	13.00	2.75	5.50	15.83	41.25	67.00	92.00	105.75	105.00	96.75	86.75	73.50	61.25	41.25	33.25	35.50	21.50	1.00	0.25	2.50	5.75	9.25	13.50	19.50	84.75	172.00	194.00	212.50	230.75	257.00	280.00	305.25	330.25	348.25	364.25	371.75	378.50	389.00	399.50	409.25	415.25	417.75	418.00	417.50	420.00	426.75	433.50	437.50	433.00	423.00	406.25	387.75	371.50	354.50	340.00	329.75	329.75	336.00	347.00	358.00	368.25	378.00	388.75	407.00	427.00	463.75	510.50	554.00	598.75	635.75	667.75	696.25	712.00	725.25	732.00	738.25	750.00	759.25	767.00	771.25	775.00
1241.94	1236.00	1229.25	1221.81	1215.38	1208.75	1201.31	1191.69	1182.62	1173.00	1158.75	1146.06	1132.19	1116.50	1105.75	1094.88	1085.75	1076.38	1067.88	1060.31	1048.81	1040.38	1029.75	1017.75	1005.75	995.25	984.38	976.38	966.38	958.00	950.25	942.12	934.12	924.00	914.31	906.19	893.44	882.62	867.94	841.81	825.44	803.50	779.44	761.25	738.62	722.00	709.44	696.69	685.38	676.06	667.56	660.25	656.06	651.56	638.31	620.06	595.25	561.75	532.44	497.69	450.56	402.50	355.00	323.19	309.12	303.12	303.69	306.38	308.19	307.50	315.88	340.19	396.50	469.25	530.00	577.06	597.81	599.25	571.88	526.38	468.19	394.94	349.69	305.94	281.62	266.19	248.00	232.06	212.62	196.81	196.69	222.19	269.25	329.06	373.38	386.50	379.12	371.69	387.50	449.00	542.38	625.06	720.81	766.50	774.69	765.75	741.00	700.56	661.12	633.25	616.31	588.12	533.38	469.94	402.06	328.44	273.94	230.81	202.44	191.81	197.62	215.00	249.62	294.56	367.06	450.88	539.81	597.25	627.69	633.75	623.75	588.75	532.12	455.38	385.06	321.25	264.00	235.62	209.44	186.38	158.38	127.00	112.50	104.25	97.06	88.50	82.94	92.12	118.69	171.31	216.19	269.00	309.06	334.44	359.81	374.81	385.00	370.00	307.12	308.25	77.06	0.00	0.00	0.00	19.44	76.81	327.38	308.12	282.44	250.19	214.81	187.44	148.69	101.56	47.75	12.12	2.56	6.06	18.67	42.00	65.94	87.94	98.81	96.19	87.88	78.50	66.25	55.06	32.62	24.94	26.62	22.50	21.88	24.44	29.00	34.38	40.75	48.00	58.75	112.50	181.56	200.50	217.94	235.88	263.44	286.62	310.88	334.12	350.56	365.81	373.69	381.25	392.50	403.38	413.25	419.38	421.88	422.25	421.94	424.12	430.00	435.75	439.12	434.94	425.62	410.75	394.19	378.38	361.50	347.00	336.62	336.31	342.31	353.00	363.44	372.25	379.94	388.44	403.81	421.75	455.69	498.88	539.25	582.00	618.69	652.88	686.31	705.75	722.06	729.88	735.50	746.75	756.00	763.94	768.44	772.06
1241.75	1236.00	1229.25	1221.25	1215.00	1208.00	1200.75	1191.50	1182.25	1173.00	1159.50	1147.00	1133.50	1118.00	1108.00	1097.50	1088.75	1079.75	1072.00	1065.00	1054.25	1046.00	1035.00	1023.75	1011.75	1001.25	990.00	981.25	971.25	962.50	954.00	945.50	937.50	927.00	916.00	906.75	891.75	880.00	862.50	834.50	818.50	796.00	774.00	761.25	744.25	731.00	719.75	707.75	695.50	683.75	669.25	655.00	641.25	628.50	608.50	585.75	557.00	517.50	482.75	444.25	398.25	356.00	319.00	299.00	296.00	296.00	296.75	297.00	298.25	303.75	324.50	357.25	417.50	486.50	539.00	575.00	585.25	580.50	552.75	512.50	464.25	406.00	372.00	338.00	316.50	299.75	278.75	259.25	244.50	244.25	267.75	327.00	391.50	457.50	484.75	470.50	424.50	394.75	395.00	437.00	509.00	578.00	664.75	715.50	739.25	741.00	722.25	692.50	665.25	646.00	635.25	612.50	570.50	520.75	462.25	391.25	327.00	264.75	218.00	189.75	181.50	188.75	210.25	239.25	289.25	352.25	423.75	474.25	514.25	536.25	548.75	526.50	467.25	380.00	302.00	233.50	174.00	146.00	125.25	114.00	103.25	91.00	83.25	78.00	77.75	80.25	88.75	107.50	141.00	200.00	249.00	302.75	337.75	351.50	357.00	354.75	352.00	262.75	0.00	0.00	0.00	0.00	0.00	0.00	77.75	307.25	297.00	272.50	236.50	192.25	149.00	122.75	102.00	74.00	35.75	9.50	2.00	7.75	23.75	44.25	62.75	75.75	78.00	69.75	61.25	53.75	44.50	36.50	6.75	0.00	0.00	25.50	84.50	97.00	108.50	120.25	135.25	151.50	176.50	195.75	210.25	220.00	234.25	251.25	282.75	306.50	327.75	345.75	357.50	370.50	379.50	389.50	403.00	415.00	425.25	431.75	434.25	435.00	435.25	436.50	439.75	442.50	444.00	440.75	433.50	424.25	413.50	399.00	382.50	368.00	357.25	356.00	361.25	371.00	379.75	384.25	385.75	387.50	394.25	406.00	431.50	464.00	495.00	531.75	567.50	608.25	656.50	687.00	712.50	723.50	727.25	737.00	746.25	754.75	760.00	763.25
1241.75	1236.00	1229.25	1221.25	1215.00	1208.00	1200.75	1191.50	1182.25	1173.00	1159.50	1147.00	1133.50	1118.00	1108.00	1097.50	1088.75	1079.75	1072.00	1065.00	1054.25	1046.00	1035.00	1023.75	1011.75	1001.25	990.00	981.25	971.25	962.50	954.00	945.50	937.50	927.00	916.00	906.75	891.75	880.00	862.50	834.50	818.50	796.00	774.00	761.25	744.25	731.00	719.75	707.75	695.50	683.75	669.25	655.00	641.25	628.50	608.50	585.75	557.00	517.50	482.75	444.25	398.25	356.00	319.00	299.00	296.00	296.00	296.75	297.00	298.25	303.75	324.50	357.25	417.50	486.50	539.00	575.00	585.25	580.50	552.75	512.50	464.25	406.00	372.00	338.00	316.50	299.75	278.75	259.25	244.50	244.25	267.75	327.00	391.50	457.50	484.75	470.50	424.50	394.75	395.00	437.00	509.00	578.00	664.75	715.50	739.25	741.00	722.25	692.50	665.25	646.00	635.25	612.50	570.50	520.75	462.25	391.25	327.00	264.75	218.00	189.75	181.50	188.75	210.25	239.25	289.25	352.25	423.75	474.25	514.25	536.25	548.75	526.50	467.25	380.00	302.00	233.50	174.00	146.00	125.25	114.00	103.25	91.00	83.25	78.00	77.75	80.25	88.75	107.50	141.00	200.00	249.00	302.75	337.75	351.50	357.00	354.75	352.00	262.75	0.00	0.00	0.00	0.00	0.00	0.00	77.75	307.25	297.00	272.50	236.50	192.25	149.00	122.75	102.00	74.00	35.75	9.50	2.00	7.75	23.75	44.25	62.75	75.75	78.00	69.75	61.25	53.75	44.50	36.50	6.75	0.00	0.00	25.50	84.50	97.00	108.50	120.25	135.25	151.50	176.50	195.75	210.25	220.00	234.25	251.25	282.75	306.50	327.75	345.75	357.50	370.50	379.50	389.50	403.00	415.00	425.25	431.75	434.25	435.00	435.25	436.50	439.75	442.50	444.00	440.75	433.50	424.25	413.50	399.00	382.50	368.00	357.25	356.00	361.25	371.00	379.75	384.25	385.75	387.50	394.25	406.00	431.50	464.00	495.00	531.75	567.50	608.25	656.50	687.00	712.50	723.50	727.25	737.00	746.25	754.75	760.00	763.25
1238.00	1232.00	1226.75	1219.25	1213.50	1207.00	1199.75	1191.00	1182.25	1173.00	1160.00	1148.00	1135.25	1121.25	1111.50	1101.50	1093.00	1084.75	1077.50	1070.75	1060.25	1052.50	1042.00	1031.00	1019.75	1009.25	998.50	990.00	979.25	971.50	963.25	954.00	946.00	935.50	925.00	915.00	899.25	887.00	867.50	834.75	817.50	795.50	773.50	761.00	747.25	739.00	728.25	716.50	704.50	688.50	670.25	653.25	632.75	612.50	586.00	560.00	529.50	489.00	452.00	416.00	377.00	341.75	313.50	299.50	298.50	298.50	297.00	295.25	296.25	300.75	314.50	334.00	372.50	416.00	451.75	482.50	497.25	498.50	488.00	469.00	444.50	414.25	393.75	371.00	355.50	345.50	338.50	332.25	338.00	359.75	395.25	452.00	495.50	524.75	511.25	473.75	416.25	391.75	389.75	415.00	462.25	510.25	577.25	625.50	661.25	677.00	676.75	666.00	646.50	617.75	589.75	560.50	518.00	473.00	427.25	376.75	329.00	274.50	228.25	188.25	162.50	156.50	163.25	177.25	203.00	238.50	282.50	317.00	343.00	357.00	361.00	338.00	292.00	232.50	180.75	135.25	94.00	74.75	67.00	67.00	70.25	74.25	75.00	75.50	78.75	85.50	102.75	128.00	166.00	230.00	279.00	323.75	339.75	334.25	316.25	298.00	72.50	0.00	0.00	0.00	0.00	0.00	0.00	311.75	312.50	304.75	287.50	253.50	207.00	151.50	99.25	71.50	56.00	40.00	18.25	5.00	2.50	10.00	26.75	47.00	61.25	67.00	64.25	54.25	45.25	39.25	33.50	31.00	5.75	0.00	21.75	93.75	113.25	124.75	134.00	143.25	159.25	176.75	204.00	224.00	236.25	242.25	255.75	275.50	312.75	337.50	355.25	366.00	372.25	381.25	392.00	406.00	423.00	436.50	446.75	452.75	455.25	456.75	457.00	457.00	456.00	452.00	448.00	441.00	432.00	422.25	413.75	404.25	396.25	394.25	398.50	404.00	411.25	419.50	427.75	431.75	428.50	420.75	412.50	413.00	423.25	440.50	459.75	485.00	512.75	550.25	604.75	642.00	676.25	697.50	708.25	721.25	731.75	739.75	744.75	748.00
1238.00	1232.00	1226.75	1219.25	1213.50	1207.00	1199.75	1191.00	1182.25	1173.00	1160.00	1148.00	1135.25	1121.25	1111.50	1101.50	1093.00	1084.75	1077.50	1070.75	1060.25	1052.50	1042.00	1031.00	1019.75	1009.25	998.50	990.00	979.25	971.50	963.25	954.00	946.00	935.50	925.00	915.00	899.25	887.00	867.50	834.75	817.50	795.50	773.50	761.00	747.25	739.00	728.25	716.50	704.50	688.50	670.25	653.25	632.75	612.50	586.00	560.00	529.50	489.00	452.00	416.00	377.00	341.75	313.50	299.50	298.50	298.50	297.00	295.25	296.25	300.75	314.50	334.00	372.50	416.00	451.75	482.50	497.25	498.50	488.00	469.00	444.50	414.25	393.75	371.00	355.50	345.50	338.50	332.25	338.00	359.75	395.25	452.00	495.50	524.75	511.25	473.75	416.25	391.75	389.75	415.00	462.25	510.25	577.25	625.50	661.25	677.00	676.75	666.00	646.50	617.75	589.75	560.50	518.00	473.00	427.25	376.75	329.00	274.50	228.25	188.25	162.50	156.50	163.25	177.25	203.00	238.50	282.50	317.00	343.00	357.00	361.00	338.00	292.00	232.50	180.75	135.25	94.00	74.75	67.00	67.00	70.25	74.25	75.00	75.50	78.75	85.50	102.75	128.00	166.00	230.00	279.00	323.75	339.75	334.25	316.25	298.00	72.50	0.00	0.00	0.00	0.00	0.00	0.00	311.75	312.50	304.75	287.50	253.50	207.00	151.50	99.25	71.50	56.00	40.00	18.25	5.00	2.50	10.00	26.75	47.00	61.25	67.00	64.25	54.25	45.25	39.25	33.50	31.00	5.75	0.00	21.75	93.75	113.25	124.75	134.00	143.25	159.25	176.75	204.00	224.00	236.25	242.25	255.75	275.50	312.75	337.50	355.25	366.00	372.25	381.25	392.00	406.00	423.00	436.50	446.75	452.75	455.25	456.75	457.00	457.00	456.00	452.00	448.00	441.00	432.00	422.25	413.75	404.25	396.25	394.25	398.50	404.00	411.25	419.50	427.75	431.75	428.50	420.75	412.50	413.00	423.25	440.50	459.75	485.00	512.75	550.25	604.75	642.00	676.25	697.50	708.25	721.25	731.75	739.75	744.75	748.00
1237.12	1231.50	1225.75	1218.62	1212.88	1206.00	1198.75	1190.25	1182.00	1173.00	1160.00	1148.62	1136.38	1122.88	1113.25	1103.25	1095.00	1086.88	1079.75	1073.25	1063.12	1055.62	1045.62	1035.00	1024.12	1014.25	1003.50	995.38	985.12	977.00	969.12	960.00	952.38	942.50	932.25	922.50	906.62	893.75	873.38	839.38	822.25	800.75	779.12	767.00	753.75	746.75	736.62	724.12	711.50	695.12	677.12	659.25	636.75	613.62	585.38	560.12	528.75	488.25	454.12	421.75	388.38	360.62	341.88	335.38	337.25	336.25	329.50	319.38	310.62	307.00	310.12	319.25	344.62	377.75	409.88	446.50	470.50	476.62	471.38	458.62	441.12	419.25	403.50	386.00	373.75	366.75	364.00	365.62	379.00	403.12	432.62	476.12	505.50	518.88	499.12	463.50	413.88	392.50	389.25	406.00	440.12	476.75	530.25	571.00	603.75	618.62	619.12	609.62	589.88	558.00	525.38	493.75	451.25	410.75	372.12	332.38	295.50	252.12	214.50	179.62	156.00	149.38	152.25	160.62	178.50	204.62	237.50	262.50	279.12	285.38	283.50	262.50	228.00	185.50	149.25	116.75	85.12	69.25	62.25	61.50	64.62	68.50	69.38	70.75	76.12	85.88	106.88	132.25	167.38	221.50	262.00	298.12	308.88	301.88	283.50	149.00	36.25	0.00	0.00	0.00	0.00	80.75	166.12	324.12	323.50	313.25	293.75	257.25	208.75	151.38	95.62	63.88	45.75	31.00	13.75	4.50	3.00	12.12	31.12	51.75	65.50	70.38	66.25	54.50	44.38	37.38	32.75	33.25	20.12	21.75	47.25	104.00	123.00	135.75	144.25	152.50	169.25	188.12	216.75	236.50	247.50	252.38	265.50	285.00	322.12	347.00	363.62	373.00	379.25	390.00	403.25	419.50	436.38	448.75	457.62	462.00	463.38	462.88	460.62	457.50	453.00	447.25	440.62	434.00	427.00	418.25	411.00	406.88	406.50	413.38	426.50	436.50	446.88	456.00	464.25	468.25	462.75	451.12	434.88	428.50	431.25	443.00	458.00	479.25	502.62	535.38	584.88	621.00	658.00	684.75	701.38	716.12	725.25	730.88	734.25	737.38
1236.25	1231.00	1224.75	1218.00	1212.25	1205.00	1197.75	1189.50	1181.75	1173.00	1160.00	1149.25	1137.50	1124.50	1115.00	1105.00	1097.00	1089.00	1082.00	1075.75	1066.00	1058.75	1049.25	1039.00	1028.50	1019.25	1008.50	1000.75	991.00	982.50	975.00	966.00	958.75	949.50	939.50	930.00	914.00	900.50	879.25	844.00	827.00	806.00	784.75	773.00	760.25	754.50	745.00	731.75	718.50	701.75	684.00	665.25	640.75	614.75	584.75	560.25	528.00	487.50	456.25	427.50	399.75	379.50	370.25	371.25	376.00	374.00	362.00	343.50	325.00	313.25	305.75	304.50	316.75	339.50	368.00	410.50	443.75	454.75	454.75	448.25	437.75	424.25	413.25	401.00	392.00	388.00	389.50	399.00	420.00	446.50	470.00	500.25	515.50	513.00	487.00	453.25	411.50	393.25	388.75	397.00	418.00	443.25	483.25	516.50	546.25	560.25	561.50	553.25	533.25	498.25	461.00	427.00	384.50	348.50	317.00	288.00	262.00	229.75	200.75	171.00	149.50	142.25	141.25	144.00	154.00	170.75	192.50	208.00	215.25	213.75	206.00	187.00	164.00	138.50	117.75	98.25	76.25	63.75	57.50	56.00	59.00	62.75	63.75	66.00	73.50	86.25	111.00	136.50	168.75	213.00	245.00	272.50	278.00	269.50	250.75	0.00	0.00	0.00	0.00	0.00	0.00	161.50	332.25	336.50	334.50	321.75	300.00	261.00	210.50	151.25	92.00	56.25	35.50	22.00	9.25	4.00	3.50	14.25	35.50	56.50	69.75	73.75	68.25	54.75	43.50	35.50	32.00	35.50	34.50	43.50	72.75	114.25	132.75	146.75	154.50	161.75	179.25	199.50	229.50	249.00	258.75	262.50	275.25	294.50	331.50	356.50	372.00	380.00	386.25	398.75	414.50	433.00	449.75	461.00	468.50	471.25	471.50	469.00	464.25	458.00	450.00	442.50	433.25	427.00	422.00	414.25	408.25	409.50	416.75	432.50	454.50	469.00	482.50	492.50	500.75	504.75	497.00	481.50	457.25	444.00	439.25	445.50	456.25	473.50	492.50	520.50	565.00	600.00	639.75	672.00	694.50	711.00	718.75	722.00	723.75	726.75
1236.44	1231.25	1225.00	1218.25	1212.44	1205.25	1198.00	1189.75	1182.00	1173.25	1160.50	1149.94	1138.44	1125.88	1116.31	1106.38	1098.44	1090.50	1083.50	1077.31	1067.75	1060.50	1051.19	1041.12	1031.06	1021.88	1011.44	1003.81	994.25	986.00	978.81	969.75	962.62	953.62	943.94	934.69	919.06	906.12	885.12	850.06	831.69	810.75	791.06	779.44	766.75	760.38	750.25	736.25	722.62	705.75	687.50	668.31	643.44	616.56	586.06	560.75	528.25	488.38	457.25	430.56	408.56	396.38	396.19	404.25	413.50	414.00	401.44	380.12	356.31	338.19	323.44	316.12	322.44	340.38	367.69	408.44	439.44	450.81	452.31	447.75	439.44	428.38	419.12	408.25	400.38	396.62	399.38	410.56	432.00	456.81	477.00	501.69	512.75	507.38	480.62	448.38	410.06	393.38	388.56	394.00	410.12	430.44	462.75	490.38	514.81	524.88	523.25	512.62	492.50	458.75	423.56	392.75	355.00	323.88	297.19	273.38	251.50	223.56	198.75	173.56	155.38	148.88	146.25	146.00	151.81	164.50	181.38	192.31	195.25	191.81	183.88	167.00	148.19	127.56	110.56	94.31	74.88	63.12	56.62	54.75	57.00	60.00	60.56	63.25	71.81	85.25	110.69	135.88	165.81	205.25	233.00	256.81	261.62	228.44	188.06	0.00	0.00	0.00	0.00	70.94	80.88	207.69	338.06	340.31	336.75	323.38	301.62	261.62	209.88	149.12	88.50	52.25	31.56	19.06	8.38	4.38	5.00	16.94	38.62	59.75	72.50	75.69	69.06	54.44	42.94	34.75	31.62	35.94	38.62	50.06	77.69	115.94	134.56	149.12	157.38	165.00	183.50	204.50	234.81	254.00	263.44	266.94	278.75	297.19	332.81	357.12	372.75	381.50	388.75	403.00	420.31	439.44	455.94	466.25	472.38	473.69	472.56	468.56	462.75	455.44	446.56	438.88	430.62	426.00	423.12	418.00	413.75	416.50	425.69	443.62	467.94	483.56	497.88	508.00	516.00	519.69	511.94	495.81	470.31	455.25	447.56	450.75	459.50	474.94	492.31	517.88	559.00	592.50	632.12	665.88	689.69	706.62	713.56	715.75	716.88	720.44
1237.50	1232.50	1226.19	1219.50	1213.56	1206.50	1199.38	1191.12	1183.31	1174.75	1163.00	1153.00	1142.44	1131.38	1121.81	1112.19	1104.50	1096.75	1089.75	1083.69	1074.50	1067.38	1058.75	1049.56	1040.94	1032.25	1022.62	1015.56	1006.94	999.50	993.38	984.25	977.62	969.50	960.88	952.56	938.94	928.25	908.69	875.50	852.94	832.25	817.56	806.50	793.88	784.75	772.12	754.81	739.25	721.38	701.44	681.00	655.00	625.56	592.62	563.62	529.75	490.88	460.19	441.12	441.31	460.00	494.62	529.31	556.38	569.00	558.00	530.69	491.38	451.69	410.31	380.06	361.44	359.38	379.00	409.31	429.56	440.69	446.88	448.94	448.31	446.06	442.88	437.44	433.50	430.94	437.12	452.19	473.00	490.56	499.06	504.69	501.38	486.50	457.12	430.50	404.69	393.50	387.50	383.19	382.12	384.50	388.25	393.38	396.00	390.31	377.69	359.31	340.69	315.44	291.88	276.12	259.38	248.31	240.75	236.38	229.50	217.12	207.94	201.00	196.62	193.06	182.25	167.75	155.19	150.56	147.56	140.75	127.25	116.56	107.94	98.88	94.62	90.75	86.38	80.62	69.44	60.25	52.88	49.62	49.06	49.25	48.50	52.50	64.38	79.75	106.50	129.75	151.19	173.31	186.25	197.12	169.44	78.94	0.00	23.31	49.00	53.81	61.38	286.00	326.88	349.06	356.50	351.25	342.25	326.94	304.25	259.00	202.19	136.69	72.56	36.38	17.31	9.19	5.75	6.50	11.75	28.00	50.12	70.50	80.69	80.69	70.19	52.00	39.81	31.44	30.12	37.50	51.69	70.62	93.31	121.38	140.19	156.88	167.50	177.19	199.81	223.62	254.62	272.62	281.06	283.75	292.06	307.25	336.88	358.38	374.56	386.50	398.00	419.00	441.75	462.69	478.06	484.62	485.38	481.00	474.81	465.44	455.88	445.19	434.06	426.50	423.50	426.25	431.62	437.38	440.62	447.81	462.56	486.44	517.50	536.62	553.25	563.62	570.06	572.19	564.94	548.19	520.81	500.75	483.38	475.38	476.25	484.19	494.81	510.75	538.62	565.44	602.75	639.88	667.31	685.25	689.44	688.62	688.50	694.88
1239.00	1234.00	1227.50	1221.00	1215.25	1208.00	1201.25	1193.00	1185.00	1177.00	1166.00	1156.00	1146.00	1135.50	1126.50	1117.25	1109.75	1102.00	1095.00	1088.75	1079.00	1072.25	1064.00	1055.75	1047.50	1039.75	1029.75	1023.25	1015.75	1008.50	1002.75	994.00	987.75	980.00	971.75	964.00	953.00	944.00	926.50	897.25	874.50	854.00	840.25	829.75	816.75	805.00	790.50	770.00	752.00	732.25	711.75	691.50	665.50	636.25	600.50	567.75	532.00	490.50	460.00	445.25	460.25	499.00	556.50	607.50	647.50	674.00	672.75	652.75	614.75	567.75	511.75	467.25	427.25	408.50	415.75	430.50	438.75	445.75	452.50	457.00	459.75	462.00	461.25	459.75	457.50	456.25	461.50	473.00	488.00	499.00	502.25	500.75	492.00	474.50	444.00	420.75	401.50	392.75	386.00	377.75	369.00	362.00	349.25	337.50	322.50	305.00	285.25	265.00	252.00	241.00	233.75	234.50	238.00	243.25	249.75	257.00	258.00	253.50	253.50	260.25	267.50	266.00	245.25	215.00	185.00	165.00	146.25	127.25	103.25	88.25	79.25	74.50	76.25	78.75	78.50	75.00	65.50	57.25	49.50	45.50	43.25	41.75	41.00	45.00	57.25	72.25	96.75	117.00	133.75	147.25	154.00	159.25	40.25	0.00	0.00	93.25	196.00	215.25	245.50	292.75	337.00	357.50	359.50	349.75	338.50	323.00	297.50	245.50	184.75	118.50	56.25	24.75	10.00	6.00	5.75	9.50	18.50	37.00	56.50	73.50	80.50	78.25	66.25	47.50	35.50	28.25	29.00	38.25	53.75	73.25	95.75	122.50	140.75	158.75	172.00	184.50	210.50	236.00	266.25	283.50	291.75	294.25	300.50	313.25	337.25	356.50	373.25	388.00	403.25	428.75	453.75	474.50	488.75	492.50	489.50	481.00	472.00	460.00	448.75	437.50	427.50	422.00	425.75	436.00	447.00	461.75	471.75	478.75	492.75	514.75	545.25	564.75	581.00	591.00	595.00	595.25	589.50	576.50	554.75	536.00	516.00	502.00	497.25	499.00	504.00	513.00	531.50	551.75	583.25	617.00	643.50	660.50	663.75	663.50	665.25	675.00
1239.00	1234.00	1227.50	1221.00	1215.25	1208.00	1201.25	1193.00	1185.00	1177.00	1166.00	1156.00	1146.00	1135.50	1126.50	1117.25	1109.75	1102.00	1095.00	1088.75	1079.00	1072.25	1064.00	1055.75	1047.50	1039.75	1029.75	1023.25	1015.75	1008.50	1002.75	994.00	987.75	980.00	971.75	964.00	953.00	944.00	926.50	897.25	874.50	854.00	840.25	829.75	816.75	805.00	790.50	770.00	752.00	732.25	711.75	691.50	665.50	636.25	600.50	567.75	532.00	490.50	460.00	445.25	460.25	499.00	556.50	607.50	647.50	674.00	672.75	652.75	614.75	567.75	511.75	467.25	427.25	408.50	415.75	430.50	438.75	445.75	452.50	457.00	459.75	462.00	461.25	459.75	457.50	456.25	461.50	473.00	488.00	499.00	502.25	500.75	492.00	474.50	444.00	420.75	401.50	392.75	386.00	377.75	369.00	362.00	349.25	337.50	322.50	305.00	285.25	265.00	252.00	241.00	233.75	234.50	238.00	243.25	249.75	257.00	258.00	253.50	253.50	260.25	267.50	266.00	245.25	215.00	185.00	165.00	146.25	127.25	103.25	88.25	79.25	74.50	76.25	78.75	78.50	75.00	65.50	57.25	49.50	45.50	43.25	41.75	41.00	45.00	57.25	72.25	96.75	117.00	133.75	147.25	154.00	159.25	40.25	0.00	0.00	93.25	196.00	215.25	245.50	292.75	337.00	357.50	359.50	349.75	338.50	323.00	297.50	245.50	184.75	118.50	56.25	24.75	10.00	6.00	5.75	9.50	18.50	37.00	56.50	73.50	80.50	78.25	66.25	47.50	35.50	28.25	29.00	38.25	53.75	73.25	95.75	122.50	140.75	158.75	172.00	184.50	210.50	236.00	266.25	283.50	291.75	294.25	300.50	313.25	337.25	356.50	373.25	388.00	403.25	428.75	453.75	474.50	488.75	492.50	489.50	481.00	472.00	460.00	448.75	437.50	427.50	422.00	425.75	436.00	447.00	461.75	471.75	478.75	492.75	514.75	545.25	564.75	581.00	591.00	595.00	595.25	589.50	576.50	554.75	536.00	516.00	502.00	497.25	499.00	504.00	513.00	531.50	551.75	583.25	617.00	643.50	660.50	663.75	663.50	665.25	675.00
1240.50	1235.50	1229.00	1222.69	1216.94	1210.06	1203.31	1195.44	1187.25	1179.62	1169.00	1159.56	1149.75	1139.44	1130.81	1121.94	1114.44	1106.69	1099.50	1093.44	1083.50	1077.31	1069.25	1060.81	1052.56	1045.00	1035.75	1029.06	1021.38	1014.50	1008.75	1000.00	993.94	986.38	978.50	971.50	961.81	953.00	938.88	916.00	897.75	878.38	862.75	851.69	837.75	824.50	808.50	784.81	761.75	738.81	717.94	698.44	673.19	644.69	607.06	571.88	535.38	490.88	458.50	445.25	463.81	509.88	575.25	630.00	674.50	710.38	724.50	723.44	704.56	667.69	611.12	561.75	502.62	468.50	458.69	457.12	458.62	460.56	465.25	470.12	474.19	478.31	479.25	480.19	480.38	481.19	484.94	488.94	496.25	501.44	503.56	501.50	491.62	472.44	442.69	422.25	406.38	396.88	389.75	380.38	369.38	358.81	339.12	317.25	288.75	264.12	244.94	232.56	233.06	243.62	258.50	276.88	300.25	318.62	334.31	347.00	349.69	348.19	352.69	367.88	383.38	377.75	339.38	287.94	235.06	198.38	165.38	136.44	103.62	82.62	69.69	65.12	68.56	73.31	73.44	69.38	58.56	51.62	44.62	39.88	37.06	35.00	34.62	37.88	47.50	59.50	78.94	96.00	109.19	120.25	125.88	130.56	32.94	73.50	106.12	139.56	177.81	200.06	231.25	277.75	322.00	342.88	343.94	334.56	321.81	302.75	270.88	210.62	149.69	89.25	37.88	15.75	7.56	6.19	7.62	12.88	24.31	42.44	56.69	68.25	70.94	67.00	56.12	40.19	30.62	25.44	29.75	40.50	58.06	78.12	100.25	125.69	143.00	161.75	177.25	193.31	220.81	246.12	275.44	291.94	300.75	304.56	310.44	320.75	340.25	357.62	374.94	391.75	408.69	435.50	458.81	477.88	489.31	491.00	485.75	475.56	466.00	454.00	443.69	433.94	427.12	425.38	435.50	451.75	468.38	487.81	502.88	507.62	516.75	534.44	560.25	577.50	591.69	598.50	600.25	599.56	597.00	590.75	579.12	566.75	549.94	535.00	526.31	521.88	520.31	522.19	531.50	544.25	566.19	591.50	611.62	627.50	632.06	636.12	642.56	656.06
1241.00	1236.00	1229.50	1223.25	1217.50	1210.75	1204.00	1196.25	1188.00	1180.50	1170.00	1160.75	1151.00	1140.75	1132.25	1123.50	1116.00	1108.25	1101.00	1095.00	1085.00	1079.00	1071.00	1062.50	1054.25	1046.75	1037.75	1031.00	1023.25	1016.50	1010.75	1002.00	996.00	988.50	980.75	974.00	964.75	956.00	943.00	922.25	905.50	886.50	870.25	859.00	844.75	831.00	814.50	789.75	765.00	741.00	720.00	700.75	675.75	647.50	609.25	573.25	536.50	491.00	458.00	445.25	465.00	513.50	581.50	637.50	683.50	722.50	741.75	747.00	734.50	701.00	644.25	593.25	527.75	488.50	473.00	466.00	465.25	465.50	469.50	474.50	479.00	483.75	485.25	487.00	488.00	489.50	492.75	494.25	499.00	502.25	504.00	501.75	491.50	471.75	442.25	422.75	408.00	398.25	391.00	381.25	369.50	357.75	335.75	310.50	277.50	250.50	231.50	221.75	226.75	244.50	266.75	291.00	321.00	343.75	362.50	377.00	380.25	379.75	385.75	403.75	422.00	415.00	370.75	312.25	251.75	209.50	171.75	139.50	103.75	80.75	66.50	62.00	66.00	71.50	71.75	67.50	56.25	49.75	43.00	38.00	35.00	32.75	32.50	35.50	44.25	55.25	73.00	89.00	101.00	111.25	116.50	121.00	30.50	98.00	141.50	155.00	171.75	195.00	226.50	272.75	317.00	338.00	338.75	329.50	316.25	296.00	262.00	199.00	138.00	79.50	31.75	12.75	6.75	6.25	8.25	14.00	26.25	44.25	56.75	66.50	67.75	63.25	52.75	37.75	29.00	24.50	30.00	41.25	59.50	79.75	101.75	126.75	143.75	162.75	179.00	196.25	224.25	249.50	278.50	294.75	303.75	308.00	313.75	323.25	341.25	358.00	375.50	393.00	410.50	437.75	460.50	479.00	489.50	490.50	484.50	473.75	464.00	452.00	442.00	432.75	427.00	426.50	438.75	457.00	475.50	496.50	513.25	517.25	524.75	541.00	565.25	581.75	595.25	601.00	602.00	601.00	599.50	595.50	587.25	577.00	561.25	546.00	536.00	529.50	525.75	525.25	531.50	541.75	560.50	583.00	601.00	616.50	621.50	627.00	635.00	649.75
1241.62	1237.00	1231.00	1224.62	1218.75	1211.88	1205.38	1197.75	1190.00	1182.00	1171.75	1162.50	1153.25	1143.12	1134.75	1126.00	1118.62	1111.00	1104.00	1097.75	1088.00	1081.62	1074.00	1065.62	1057.75	1049.75	1040.75	1034.12	1026.25	1019.50	1013.38	1004.62	998.88	991.75	983.88	977.50	968.38	959.00	948.00	930.62	916.00	898.50	883.25	872.12	857.38	843.00	825.88	796.88	769.25	742.25	719.12	698.50	672.38	644.12	606.88	572.12	537.50	495.25	462.00	447.00	463.25	507.88	571.25	623.88	665.75	703.00	725.38	738.75	737.38	714.75	667.88	620.88	553.75	511.50	492.88	481.00	476.88	475.75	478.75	483.50	488.25	494.12	496.50	499.12	501.75	504.38	508.62	508.50	509.75	510.25	510.38	506.00	495.00	476.38	450.38	434.75	420.12	410.12	401.88	391.62	380.12	368.62	346.12	319.00	282.38	254.12	239.00	237.12	252.12	284.62	321.62	358.00	397.75	425.50	446.50	459.62	459.62	456.00	460.75	478.75	493.75	476.88	418.75	347.50	274.88	225.00	181.50	146.12	106.12	79.75	62.38	57.50	61.62	66.50	66.38	61.00	50.12	44.00	38.12	33.75	31.12	29.00	28.38	30.00	35.75	44.12	58.38	71.00	81.50	90.62	95.12	98.88	54.75	89.88	115.88	128.75	145.88	169.50	201.25	247.12	290.12	312.50	316.25	306.62	290.12	263.50	224.50	161.25	106.25	57.88	21.12	8.50	6.00	7.00	9.75	15.75	27.12	43.00	53.00	60.12	59.75	54.25	44.88	33.25	27.50	25.50	32.75	45.75	65.38	86.50	109.00	133.75	150.38	168.62	185.25	203.88	233.12	258.12	286.25	302.25	311.88	316.88	322.25	330.38	346.75	362.50	380.62	399.00	415.88	441.00	461.00	476.38	484.12	484.25	478.00	468.00	459.62	449.50	441.50	434.00	429.75	431.75	445.62	466.00	485.75	507.25	524.25	528.12	535.12	549.25	571.12	585.88	597.25	601.50	602.12	602.62	603.62	603.12	599.50	592.88	580.38	566.50	556.12	546.75	539.12	533.75	533.88	539.88	553.12	569.25	583.00	596.62	603.00	610.75	621.50	637.12
1242.25	1238.00	1232.50	1226.00	1220.00	1213.00	1206.75	1199.25	1192.00	1183.50	1173.50	1164.25	1155.50	1145.50	1137.25	1128.50	1121.25	1113.75	1107.00	1100.50	1091.00	1084.25	1077.00	1068.75	1061.25	1052.75	1043.75	1037.25	1029.25	1022.50	1016.00	1007.25	1001.75	995.00	987.00	981.00	972.00	962.00	953.00	939.00	926.50	910.50	896.25	885.25	870.00	855.00	837.25	804.00	773.50	743.50	718.25	696.25	669.00	640.75	604.50	571.00	538.50	499.50	466.00	448.75	461.50	502.25	561.00	610.25	648.00	683.50	709.00	730.50	740.25	728.50	691.50	648.50	579.75	534.50	512.75	496.00	488.50	486.00	488.00	492.50	497.50	504.50	507.75	511.25	515.50	519.25	524.50	522.75	520.50	518.25	516.75	510.25	498.50	481.00	458.50	446.75	432.25	422.00	412.75	402.00	390.75	379.50	356.50	327.50	287.25	257.75	246.50	252.50	277.50	324.75	376.50	425.00	474.50	507.25	530.50	542.25	539.00	532.25	535.75	553.75	565.50	538.75	466.75	382.75	298.00	240.50	191.25	152.75	108.50	78.75	58.25	53.00	57.25	61.50	61.00	54.50	44.00	38.25	33.25	29.50	27.25	25.25	24.25	24.50	27.25	33.00	43.75	53.00	62.00	70.00	73.75	76.75	79.00	81.75	90.25	102.50	120.00	144.00	176.00	221.50	263.25	287.00	293.75	283.75	264.00	231.00	187.00	123.50	74.50	36.25	10.50	4.25	5.25	7.75	11.25	17.50	28.00	41.75	49.25	53.75	51.75	45.25	37.00	28.75	26.00	26.50	35.50	50.25	71.25	93.25	116.25	140.75	157.00	174.50	191.50	211.50	242.00	266.75	294.00	309.75	320.00	325.75	330.75	337.50	352.25	367.00	385.75	405.00	421.25	444.25	461.50	473.75	478.75	478.00	471.50	462.25	455.25	447.00	441.00	435.25	432.50	437.00	452.50	475.00	496.00	518.00	535.25	539.00	545.50	557.50	577.00	590.00	599.25	602.00	602.25	604.25	607.75	610.75	611.75	608.75	599.50	587.00	576.25	564.00	552.50	542.25	536.25	538.00	545.75	555.50	565.00	576.75	584.50	594.50	608.00	624.50
1242.75	1238.50	1233.25	1226.94	1220.75	1213.56	1207.25	1199.88	1192.75	1184.50	1174.50	1165.44	1156.81	1147.00	1138.81	1130.00	1122.69	1115.12	1108.25	1101.88	1092.50	1085.75	1078.50	1070.25	1062.75	1054.50	1045.50	1038.94	1030.75	1024.00	1017.25	1008.44	1002.81	996.00	988.00	982.06	973.44	963.75	954.69	941.50	929.88	915.25	901.81	891.00	876.12	861.00	844.62	810.94	779.12	747.44	720.44	696.88	668.12	639.06	602.56	569.56	539.00	504.88	475.75	460.50	471.44	507.19	559.38	603.38	637.25	669.25	692.25	711.69	721.06	711.19	678.88	641.25	581.19	539.38	517.81	501.38	493.81	491.00	492.94	497.25	502.31	509.38	513.00	516.69	521.12	524.88	528.94	528.00	526.62	523.75	520.88	513.12	501.38	485.25	464.38	452.69	438.25	428.00	418.25	408.56	398.62	386.75	362.50	333.62	295.25	269.56	263.12	274.25	302.62	352.25	405.56	455.25	505.25	537.50	559.00	568.00	561.94	552.69	553.88	566.19	567.12	529.31	451.00	366.19	284.25	229.62	182.00	144.12	101.75	73.81	55.88	51.88	56.25	60.50	60.00	54.00	44.50	39.44	35.12	31.88	29.75	27.88	26.62	26.12	27.31	31.31	39.31	46.25	53.19	59.75	63.00	65.56	67.44	69.75	77.12	87.94	103.94	126.06	155.62	198.00	237.62	260.31	267.00	256.56	236.25	203.50	161.88	103.75	60.75	28.88	8.25	4.25	6.19	9.31	13.12	18.62	27.50	39.12	45.56	49.06	47.06	41.56	34.81	28.94	27.94	29.81	39.62	55.00	76.62	99.06	122.38	147.19	163.25	180.44	196.88	216.44	247.00	271.88	299.38	315.38	325.62	330.81	335.00	340.75	354.81	369.88	389.25	408.75	424.56	445.31	460.00	470.19	474.00	472.88	467.00	459.12	453.81	447.75	443.19	438.44	436.19	440.50	454.88	476.00	496.25	517.88	535.31	540.75	548.56	560.56	579.19	591.31	599.88	602.62	603.44	606.75	611.44	615.56	617.69	615.31	607.25	596.12	585.62	572.56	559.50	547.50	539.62	540.25	546.25	554.00	561.81	572.50	579.81	589.44	602.38	618.12
1244.25	1240.00	1235.50	1229.75	1223.00	1215.25	1208.75	1201.75	1195.00	1187.50	1177.50	1169.00	1160.75	1151.50	1143.50	1134.50	1127.00	1119.25	1112.00	1106.00	1097.00	1090.25	1083.00	1074.75	1067.25	1059.75	1050.75	1044.00	1035.25	1028.50	1021.00	1012.00	1006.00	999.00	991.00	985.25	977.75	969.00	959.75	949.00	940.00	929.50	918.50	908.25	894.50	879.00	866.75	831.75	796.00	759.25	727.00	698.75	665.50	634.00	596.75	565.25	540.50	521.00	505.00	495.75	501.25	522.00	554.50	582.75	605.00	626.50	642.00	655.25	663.50	659.25	641.00	619.50	585.50	554.00	533.00	517.50	509.75	506.00	507.75	511.50	516.75	524.00	528.75	533.00	538.00	541.75	542.25	543.75	545.00	540.25	533.25	521.75	510.00	498.00	482.00	470.50	456.25	446.00	434.75	428.25	422.25	408.50	380.50	352.00	319.25	305.00	313.00	339.50	378.00	434.75	492.75	546.00	597.50	628.25	644.50	645.25	630.75	614.00	608.25	603.50	572.00	501.00	403.75	316.50	243.00	197.00	154.25	118.25	81.50	59.00	48.75	48.50	53.25	57.50	57.00	52.50	46.00	43.00	40.75	39.00	37.25	35.75	33.75	31.00	27.50	26.25	26.00	26.00	26.75	29.00	30.75	32.00	32.75	33.75	37.75	44.25	55.75	72.25	94.50	127.50	160.75	180.25	186.75	175.00	153.00	121.00	86.50	44.50	19.50	6.75	1.50	4.25	9.00	14.00	18.75	22.00	26.00	31.25	34.50	35.00	33.00	30.50	28.25	29.50	33.75	39.75	52.00	69.25	92.75	116.50	140.75	166.50	182.00	198.25	213.00	231.25	262.00	287.25	315.50	332.25	342.50	346.00	347.75	350.50	362.50	378.50	399.75	420.00	434.50	448.50	455.50	459.50	459.75	457.50	453.50	449.75	449.50	450.00	449.75	448.00	447.25	451.00	462.00	479.00	497.00	517.50	535.50	546.00	557.75	569.75	585.75	595.25	601.75	604.50	607.00	614.25	622.50	630.00	635.50	635.00	630.50	623.50	613.75	598.25	580.50	563.25	549.75	547.00	547.75	549.50	552.25	559.75	565.75	574.25	585.50	599.00
1244.25	1240.00	1235.50	1229.75	1223.00	1215.25	1208.75	1201.75	1195.00	1187.50	1177.50	1169.00	1160.75	1151.50	1143.50	1134.50	1127.00	1119.25	1112.00	1106.00	1097.00	1090.25	1083.00	1074.75	1067.25	1059.75	1050.75	1044.00	1035.25	1028.50	1021.00	1012.00	1006.00	999.00	991.00	985.25	977.75	969.00	959.75	949.00	940.00	929.50	918.50	908.25	894.50	879.00	866.75	831.75	796.00	759.25	727.00	698.75	665.50	634.00	596.75	565.25	540.50	521.00	505.00	495.75	501.25	522.00	554.50	582.75	605.00	626.50	642.00	655.25	663.50	659.25	641.00	619.50	585.50	554.00	533.00	517.50	509.75	506.00	507.75	511.50	516.75	524.00	528.75	533.00	538.00	541.75	542.25	543.75	545.00	540.25	533.25	521.75	510.00	498.00	482.00	470.50	456.25	446.00	434.75	428.25	422.25	408.50	380.50	352.00	319.25	305.00	313.00	339.50	378.00	434.75	492.75	546.00	597.50	628.25	644.50	645.25	630.75	614.00	608.25	603.50	572.00	501.00	403.75	316.50	243.00	197.00	154.25	118.25	81.50	59.00	48.75	48.50	53.25	57.50	57.00	52.50	46.00	43.00	40.75	39.00	37.25	35.75	33.75	31.00	27.50	26.25	26.00	26.00	26.75	29.00	30.75	32.00	32.75	33.75	37.75	44.25	55.75	72.25	94.50	127.50	160.75	180.25	186.75	175.00	153.00	121.00	86.50	44.50	19.50	6.75	1.50	4.25	9.00	14.00	18.75	22.00	26.00	31.25	34.50	35.00	33.00	30.50	28.25	29.50	33.75	39.75	52.00	69.25	92.75	116.50	140.75	166.50	182.00	198.25	213.00	231.25	262.00	287.25	315.50	332.25	342.50	346.00	347.75	350.50	362.50	378.50	399.75	420.00	434.50	448.50	455.50	459.50	459.75	457.50	453.50	449.75	449.50	450.00	449.75	448.00	447.25	451.00	462.00	479.00	497.00	517.50	535.50	546.00	557.75	569.75	585.75	595.25	601.75	604.50	607.00	614.25	622.50	630.00	635.50	635.00	630.50	623.50	613.75	598.25	580.50	563.25	549.75	547.00	547.75	549.50	552.25	559.75	565.75	574.25	585.50	599.00
1247.75	1244.00	1239.50	1234.00	1228.00	1220.75	1214.25	1206.50	1199.00	1191.50	1181.50	1173.00	1165.25	1156.25	1148.25	1139.50	1132.00	1124.25	1117.00	1110.00	1101.00	1094.75	1087.25	1079.50	1071.25	1063.75	1054.75	1048.00	1039.00	1031.50	1024.00	1015.00	1008.25	1000.00	992.75	987.00	980.50	972.00	964.25	957.00	949.00	941.00	933.25	925.25	913.75	899.00	891.75	858.75	821.50	781.50	744.25	712.25	675.25	640.75	605.00	578.75	563.50	566.00	566.00	563.75	570.00	582.75	591.25	594.75	594.00	590.50	587.25	584.75	582.75	579.75	575.00	567.75	556.25	542.00	531.00	525.00	524.50	524.25	527.00	531.00	535.50	543.00	546.25	550.00	554.50	558.75	559.25	560.00	559.00	554.00	548.00	537.75	527.50	516.50	504.75	495.00	482.25	471.25	457.50	445.00	429.50	411.00	382.25	360.50	350.75	358.75	383.25	420.00	457.25	501.75	543.50	579.50	613.50	632.00	639.25	635.00	617.25	587.25	557.50	514.50	446.50	355.50	260.75	190.25	136.00	104.75	81.50	66.75	53.50	47.75	51.75	59.50	67.00	73.50	77.25	77.25	73.50	72.25	70.00	67.50	65.00	60.25	56.50	49.50	40.75	33.25	24.00	17.50	12.00	8.00	6.25	6.50	7.25	8.50	11.75	15.50	20.50	26.25	34.00	46.75	61.75	70.75	73.50	67.50	56.75	41.25	26.50	13.00	5.25	3.50	5.00	9.75	18.00	25.25	29.50	28.50	25.00	23.25	24.50	25.75	27.50	30.75	35.00	43.50	51.25	62.00	78.50	99.00	125.50	149.75	172.00	193.50	206.00	218.50	230.50	245.50	272.25	297.25	327.25	345.50	355.75	357.75	355.50	355.50	365.50	383.00	406.50	426.25	437.50	443.75	444.50	443.25	442.25	442.00	444.25	448.00	452.50	458.50	462.75	465.00	466.25	468.50	471.75	481.25	495.00	512.00	531.00	548.50	566.50	580.00	594.00	601.25	607.50	612.00	618.00	627.50	637.50	645.50	650.50	649.25	645.25	638.50	630.50	615.00	598.25	582.75	569.25	564.00	562.50	561.50	561.00	562.25	564.25	566.25	572.00	580.00
1247.75	1244.00	1239.50	1234.00	1228.00	1220.75	1214.25	1206.50	1199.00	1191.50	1181.50	1173.00	1165.25	1156.25	1148.25	1139.50	1132.00	1124.25	1117.00	1110.00	1101.00	1094.75	1087.25	1079.50	1071.25	1063.75	1054.75	1048.00	1039.00	1031.50	1024.00	1015.00	1008.25	1000.00	992.75	987.00	980.50	972.00	964.25	957.00	949.00	941.00	933.25	925.25	913.75	899.00	891.75	858.75	821.50	781.50	744.25	712.25	675.25	640.75	605.00	578.75	563.50	566.00	566.00	563.75	570.00	582.75	591.25	594.75	594.00	590.50	587.25	584.75	582.75	579.75	575.00	567.75	556.25	542.00	531.00	525.00	524.50	524.25	527.00	531.00	535.50	543.00	546.25	550.00	554.50	558.75	559.25	560.00	559.00	554.00	548.00	537.75	527.50	516.50	504.75	495.00	482.25	471.25	457.50	445.00	429.50	411.00	382.25	360.50	350.75	358.75	383.25	420.00	457.25	501.75	543.50	579.50	613.50	632.00	639.25	635.00	617.25	587.25	557.50	514.50	446.50	355.50	260.75	190.25	136.00	104.75	81.50	66.75	53.50	47.75	51.75	59.50	67.00	73.50	77.25	77.25	73.50	72.25	70.00	67.50	65.00	60.25	56.50	49.50	40.75	33.25	24.00	17.50	12.00	8.00	6.25	6.50	7.25	8.50	11.75	15.50	20.50	26.25	34.00	46.75	61.75	70.75	73.50	67.50	56.75	41.25	26.50	13.00	5.25	3.50	5.00	9.75	18.00	25.25	29.50	28.50	25.00	23.25	24.50	25.75	27.50	30.75	35.00	43.50	51.25	62.00	78.50	99.00	125.50	149.75	172.00	193.50	206.00	218.50	230.50	245.50	272.25	297.25	327.25	345.50	355.75	357.75	355.50	355.50	365.50	383.00	406.50	426.25	437.50	443.75	444.50	443.25	442.25	442.00	444.25	448.00	452.50	458.50	462.75	465.00	466.25	468.50	471.75	481.25	495.00	512.00	531.00	548.50	566.50	580.00	594.00	601.25	607.50	612.00	618.00	627.50	637.50	645.50	650.50	649.25	645.25	638.50	630.50	615.00	598.25	582.75	569.25	564.00	562.50	561.50	561.00	562.25	564.25	566.25	572.00	580.00
1249.00	1245.25	1241.00	1235.50	1229.62	1222.75	1216.00	1208.00	1200.62	1193.00	1183.50	1175.00	1167.25	1158.25	1150.38	1141.88	1134.50	1126.50	1119.00	1112.00	1103.00	1096.75	1089.12	1081.12	1073.25	1065.75	1056.75	1050.00	1041.00	1033.00	1025.50	1016.50	1009.75	1001.50	994.38	989.00	982.50	974.25	966.75	960.00	952.50	944.75	937.25	929.25	918.75	906.00	898.25	867.75	833.00	794.25	757.25	725.00	687.88	654.12	620.88	597.25	585.25	590.50	593.62	594.00	599.00	608.12	612.38	614.00	607.25	594.25	581.62	571.00	563.00	559.12	556.00	550.62	544.50	535.75	530.00	530.00	533.25	534.62	537.88	541.50	545.38	552.12	554.62	557.50	561.25	564.88	565.12	565.88	564.25	559.75	554.00	544.38	535.00	524.75	514.25	505.00	492.38	481.88	467.00	450.00	431.25	413.12	389.25	373.75	370.25	382.25	407.38	442.00	475.62	513.75	548.00	575.75	600.00	612.75	615.12	604.75	579.12	537.25	494.12	438.88	368.25	286.50	204.38	145.88	102.62	79.50	64.75	58.12	52.50	51.38	57.62	66.25	75.38	83.62	88.50	89.50	86.50	85.50	82.75	80.50	77.50	72.62	68.25	61.00	51.50	44.12	35.62	29.25	24.50	21.62	21.12	20.62	19.62	17.62	16.12	16.12	17.12	19.12	23.00	29.62	38.00	44.00	45.75	41.88	34.75	25.00	16.25	8.75	4.38	4.00	5.88	10.88	20.00	28.12	32.00	29.75	25.50	22.62	23.50	26.12	30.12	36.00	42.75	53.25	62.12	75.50	94.75	118.12	146.50	169.50	188.25	205.38	215.38	226.12	237.00	250.50	275.25	298.38	327.75	346.50	356.75	358.62	356.00	356.12	366.62	384.50	408.00	427.50	437.38	442.00	441.25	438.75	437.25	438.25	442.25	448.62	455.25	463.75	469.88	473.62	476.12	478.50	480.12	486.12	496.50	512.00	532.12	551.25	570.75	584.50	597.88	605.00	611.50	616.75	623.50	632.75	641.75	648.62	652.50	651.62	647.50	641.50	633.75	619.62	604.62	590.50	577.88	573.00	570.88	569.00	567.50	566.25	566.50	566.12	568.88	574.12
1250.25	1246.50	1242.50	1237.00	1231.25	1224.75	1217.75	1209.50	1202.25	1194.50	1185.50	1177.00	1169.25	1160.25	1152.50	1144.25	1137.00	1128.75	1121.00	1114.00	1105.00	1098.75	1091.00	1082.75	1075.25	1067.75	1058.75	1052.00	1043.00	1034.50	1027.00	1018.00	1011.25	1003.00	996.00	991.00	984.50	976.50	969.25	963.00	956.00	948.50	941.25	933.25	923.75	913.00	904.75	876.75	844.50	807.00	770.25	737.75	700.50	667.50	636.75	615.75	607.00	615.00	621.25	624.25	628.00	633.50	633.50	633.25	620.50	598.00	576.00	557.25	543.25	538.50	537.00	533.50	532.75	529.50	529.00	535.00	542.00	545.00	548.75	552.00	555.25	561.25	563.00	565.00	568.00	571.00	571.00	571.75	569.50	565.50	560.00	551.00	542.50	533.00	523.75	515.00	502.50	492.50	476.50	455.00	433.00	415.25	396.25	387.00	389.75	405.75	431.50	464.00	494.00	525.75	552.50	572.00	586.50	593.50	591.00	574.50	541.00	487.25	430.75	363.25	290.00	217.50	148.00	101.50	69.25	54.25	48.00	49.50	51.50	55.00	63.50	73.00	83.75	93.75	99.75	101.75	99.50	98.75	95.50	93.50	90.00	85.00	80.00	72.50	62.25	55.00	47.25	41.00	37.00	35.25	36.00	34.75	32.00	26.75	20.50	16.75	13.75	12.00	12.00	12.50	14.25	17.25	18.00	16.25	12.75	8.75	6.00	4.50	3.50	4.50	6.75	12.00	22.00	31.00	34.50	31.00	26.00	22.00	22.50	26.50	32.75	41.25	50.50	63.00	73.00	89.00	111.00	137.25	167.50	189.25	204.50	217.25	224.75	233.75	243.50	255.50	278.25	299.50	328.25	347.50	357.75	359.50	356.50	356.75	367.75	386.00	409.50	428.75	437.25	440.25	438.00	434.25	432.25	434.50	440.25	449.25	458.00	469.00	477.00	482.25	486.00	488.50	488.50	491.00	498.00	512.00	533.25	554.00	575.00	589.00	601.75	608.75	615.50	621.50	629.00	638.00	646.00	651.75	654.50	654.00	649.75	644.50	637.00	624.25	611.00	598.25	586.50	582.00	579.25	576.50	574.00	570.25	568.75	566.00	565.75	568.25
1250.69	1247.00	1243.00	1237.50	1231.69	1225.06	1218.12	1210.06	1202.94	1195.25	1186.25	1178.00	1170.12	1161.25	1153.56	1145.31	1138.00	1129.75	1122.00	1115.00	1106.06	1099.88	1092.00	1083.75	1076.25	1068.75	1059.75	1053.00	1044.00	1035.75	1028.25	1019.25	1012.50	1004.25	997.06	992.06	985.62	977.50	970.50	964.25	957.25	949.75	942.50	934.50	925.12	915.00	906.25	880.00	849.75	813.94	778.38	746.56	710.25	678.12	648.75	628.75	620.38	626.75	632.75	635.94	639.12	643.31	642.94	642.44	629.38	606.75	584.00	563.56	548.62	543.31	541.00	536.50	534.50	531.50	533.06	540.62	547.50	550.75	554.25	557.31	560.12	565.38	566.81	568.25	570.88	573.44	573.00	573.56	571.00	567.12	561.81	553.25	545.00	535.81	526.81	518.44	506.38	495.81	478.88	456.00	433.50	417.00	400.75	394.12	398.25	413.88	438.44	468.88	496.94	526.44	550.19	565.25	573.12	575.25	568.12	546.50	508.81	451.06	391.88	324.56	255.62	190.94	129.50	89.12	62.19	50.62	47.19	50.44	53.88	57.94	66.19	75.75	86.50	96.75	103.00	105.44	104.19	103.81	101.69	100.75	98.50	95.25	91.62	85.38	76.50	70.56	65.25	61.50	59.75	60.12	61.56	59.94	54.56	46.06	35.62	29.44	25.12	22.00	19.62	16.12	13.62	14.69	14.62	13.19	10.50	7.31	5.50	4.62	3.88	4.75	6.88	12.00	22.06	31.19	34.88	31.88	27.50	24.00	24.81	29.62	36.56	45.81	55.56	68.50	78.75	95.62	118.88	146.06	176.62	197.50	211.12	221.75	228.31	236.62	246.25	257.69	279.19	299.25	326.69	345.19	355.38	357.56	355.38	356.62	368.44	386.88	410.12	429.06	437.38	440.06	437.75	434.12	432.00	434.38	440.56	450.12	459.31	471.06	479.88	485.56	490.19	493.38	493.69	495.50	501.38	514.81	535.75	556.62	577.50	591.38	603.75	610.62	617.62	624.00	631.25	639.62	646.75	651.75	654.19	653.69	649.75	644.62	637.50	625.44	612.88	601.00	589.88	585.50	582.75	579.62	576.75	572.44	570.19	566.56	565.38	566.94
1252.00	1248.50	1244.50	1239.00	1233.00	1226.00	1219.25	1211.75	1205.00	1197.50	1188.50	1181.00	1172.75	1164.25	1156.75	1148.50	1141.00	1132.75	1125.00	1118.00	1109.25	1103.25	1095.00	1086.75	1079.25	1071.75	1062.75	1056.00	1047.00	1039.50	1032.00	1023.00	1016.25	1008.00	1000.25	995.25	989.00	980.50	974.25	968.00	961.00	953.50	946.25	938.25	929.25	921.00	910.75	889.75	865.50	834.75	802.75	773.00	739.50	710.00	684.75	667.75	660.50	662.00	667.25	671.00	672.50	672.75	671.25	670.00	656.00	633.00	608.00	582.50	564.75	557.75	553.00	545.50	539.75	537.50	545.25	557.50	564.00	568.00	570.75	573.25	574.75	577.75	578.25	578.00	579.50	580.75	579.00	579.00	575.50	572.00	567.25	560.00	552.50	544.25	536.00	528.75	518.00	505.75	486.00	459.00	435.00	422.25	414.25	415.50	423.75	438.25	459.25	483.50	505.75	528.50	543.25	545.00	533.00	520.50	499.50	462.50	412.25	342.50	275.25	208.50	152.50	111.25	74.00	52.00	41.00	39.75	44.75	53.25	61.00	66.75	74.25	84.00	94.75	105.75	112.75	116.50	118.25	119.00	120.25	122.50	124.00	126.00	126.50	124.00	119.25	117.25	119.25	123.00	128.00	134.75	138.25	135.50	122.25	104.00	81.00	67.50	59.25	52.00	42.50	27.00	11.75	7.00	4.50	4.00	3.75	3.00	4.00	5.00	5.00	5.50	7.25	12.00	22.25	31.75	36.00	34.50	32.00	30.00	31.75	39.00	48.00	59.50	70.75	85.00	96.00	115.50	142.50	172.50	204.00	222.25	231.00	235.25	239.00	245.25	254.50	264.25	282.00	298.50	322.00	338.25	348.25	351.75	352.00	356.25	370.50	389.50	412.00	430.00	437.75	439.50	437.00	433.75	431.25	434.00	441.50	452.75	463.25	477.25	488.50	495.50	502.75	508.00	509.25	509.00	511.50	523.25	543.25	564.50	585.00	598.50	609.75	616.25	624.00	631.50	638.00	644.50	649.00	651.75	653.25	652.75	649.75	645.00	639.00	629.00	618.50	609.25	600.00	596.00	593.25	589.00	585.00	579.00	574.50	568.25	564.25	563.00
1252.00	1248.50	1244.50	1239.00	1233.00	1226.00	1219.25	1211.75	1205.00	1197.50	1188.50	1181.00	1172.75	1164.25	1156.75	1148.50	1141.00	1132.75	1125.00	1118.00	1109.25	1103.25	1095.00	1086.75	1079.25	1071.75	1062.75	1056.00	1047.00	1039.50	1032.00	1023.00	1016.25	1008.00	1000.25	995.25	989.00	980.50	974.25	968.00	961.00	953.50	946.25	938.25	929.25	921.00	910.75	889.75	865.50	834.75	802.75	773.00	739.50	710.00	684.75	667.75	660.50	662.00	667.25	671.00	672.50	672.75	671.25	670.00	656.00	633.00	608.00	582.50	564.75	557.75	553.00	545.50	539.75	537.50	545.25	557.50	564.00	568.00	570.75	573.25	574.75	577.75	578.25	578.00	579.50	580.75	579.00	579.00	575.50	572.00	567.25	560.00	552.50	544.25	536.00	528.75	518.00	505.75	486.00	459.00	435.00	422.25	414.25	415.50	423.75	438.25	459.25	483.50	505.75	528.50	543.25	545.00	533.00	520.50	499.50	462.50	412.25	342.50	275.25	208.50	152.50	111.25	74.00	52.00	41.00	39.75	44.75	53.25	61.00	66.75	74.25	84.00	94.75	105.75	112.75	116.50	118.25	119.00	120.25	122.50	124.00	126.00	126.50	124.00	119.25	117.25	119.25	123.00	128.00	134.75	138.25	135.50	122.25	104.00	81.00	67.50	59.25	52.00	42.50	27.00	11.75	7.00	4.50	4.00	3.75	3.00	4.00	5.00	5.00	5.50	7.25	12.00	22.25	31.75	36.00	34.50	32.00	30.00	31.75	39.00	48.00	59.50	70.75	85.00	96.00	115.50	142.50	172.50	204.00	222.25	231.00	235.25	239.00	245.25	254.50	264.25	282.00	298.50	322.00	338.25	348.25	351.75	352.00	356.25	370.50	389.50	412.00	430.00	437.75	439.50	437.00	433.75	431.25	434.00	441.50	452.75	463.25	477.25	488.50	495.50	502.75	508.00	509.25	509.00	511.50	523.25	543.25	564.50	585.00	598.50	609.75	616.25	624.00	631.50	638.00	644.50	649.00	651.75	653.25	652.75	649.75	645.00	639.00	629.00	618.50	609.25	600.00	596.00	593.25	589.00	585.00	579.00	574.50	568.25	564.25	563.00
1253.00	1249.50	1244.75	1239.00	1233.50	1226.75	1220.25	1213.25	1206.75	1200.50	1191.50	1184.00	1176.50	1168.25	1160.75	1152.50	1145.00	1136.75	1129.00	1123.00	1114.00	1107.75	1100.00	1091.75	1084.25	1076.25	1066.75	1060.00	1051.75	1044.50	1038.00	1028.00	1021.25	1013.50	1005.75	1000.00	993.75	985.50	978.00	971.75	964.75	957.50	950.00	941.50	933.00	925.00	913.75	899.75	883.00	860.50	835.75	811.25	783.00	757.50	737.00	723.00	712.50	706.00	706.25	706.75	704.75	704.25	701.00	695.00	684.50	674.50	659.00	640.25	625.25	616.75	608.00	596.75	582.00	574.00	580.25	589.50	590.75	591.75	592.25	592.00	592.00	592.00	591.00	588.75	588.00	586.75	583.00	581.50	577.00	572.50	568.25	562.25	556.00	549.25	541.00	534.00	525.50	509.25	485.25	456.00	434.75	425.00	424.25	429.00	436.75	446.00	460.00	476.75	491.50	506.50	511.25	490.50	443.00	402.25	360.25	309.00	256.00	193.50	139.75	95.50	66.00	51.00	39.50	36.00	39.00	45.50	53.75	61.25	69.50	74.75	81.25	90.00	100.00	111.00	119.75	127.25	135.50	143.25	155.00	166.50	179.25	195.75	205.50	212.00	215.00	218.50	229.25	244.50	260.00	275.75	281.50	275.75	251.00	219.50	181.25	164.25	157.25	149.25	127.00	82.25	38.25	17.50	6.25	6.00	6.00	6.00	6.00	6.00	6.00	6.75	9.00	15.25	25.75	35.00	42.50	46.50	47.25	48.75	52.50	60.25	69.25	80.50	91.75	106.00	117.00	137.00	165.00	195.00	224.50	239.25	244.50	246.75	249.25	255.25	264.50	273.25	287.00	298.25	313.25	325.00	333.75	340.00	346.50	355.25	373.50	392.00	412.50	428.75	436.25	439.75	439.25	436.25	435.00	437.00	444.25	455.75	466.25	481.25	494.00	503.50	515.00	524.00	529.25	530.75	533.50	543.00	560.25	579.00	596.75	608.25	618.50	626.00	633.25	640.50	645.75	649.25	650.75	651.25	652.00	652.00	650.00	646.00	641.00	632.50	624.25	616.75	609.50	606.00	602.00	597.50	592.25	586.00	578.50	571.75	565.50	561.75
1253.00	1249.50	1244.75	1239.00	1233.50	1226.75	1220.25	1213.25	1206.75	1200.50	1191.50	1184.00	1176.50	1168.25	1160.75	1152.50	1145.00	1136.75	1129.00	1123.00	1114.00	1107.75	1100.00	1091.75	1084.25	1076.25	1066.75	1060.00	1051.75	1044.50	1038.00	1028.00	1021.25	1013.50	1005.75	1000.00	993.75	985.50	978.00	971.75	964.75	957.50	950.00	941.50	933.00	925.00	913.75	899.75	883.00	860.50	835.75	811.25	783.00	757.50	737.00	723.00	712.50	706.00	706.25	706.75	704.75	704.25	701.00	695.00	684.50	674.50	659.00	640.25	625.25	616.75	608.00	596.75	582.00	574.00	580.25	589.50	590.75	591.75	592.25	592.00	592.00	592.00	591.00	588.75	588.00	586.75	583.00	581.50	577.00	572.50	568.25	562.25	556.00	549.25	541.00	534.00	525.50	509.25	485.25	456.00	434.75	425.00	424.25	429.00	436.75	446.00	460.00	476.75	491.50	506.50	511.25	490.50	443.00	402.25	360.25	309.00	256.00	193.50	139.75	95.50	66.00	51.00	39.50	36.00	39.00	45.50	53.75	61.25	69.50	74.75	81.25	90.00	100.00	111.00	119.75	127.25	135.50	143.25	155.00	166.50	179.25	195.75	205.50	212.00	215.00	218.50	229.25	244.50	260.00	275.75	281.50	275.75	251.00	219.50	181.25	164.25	157.25	149.25	127.00	82.25	38.25	17.50	6.25	6.00	6.00	6.00	6.00	6.00	6.00	6.75	9.00	15.25	25.75	35.00	42.50	46.50	47.25	48.75	52.50	60.25	69.25	80.50	91.75	106.00	117.00	137.00	165.00	195.00	224.50	239.25	244.50	246.75	249.25	255.25	264.50	273.25	287.00	298.25	313.25	325.00	333.75	340.00	346.50	355.25	373.50	392.00	412.50	428.75	436.25	439.75	439.25	436.25	435.00	437.00	444.25	455.75	466.25	481.25	494.00	503.50	515.00	524.00	529.25	530.75	533.50	543.00	560.25	579.00	596.75	608.25	618.50	626.00	633.25	640.50	645.75	649.25	650.75	651.25	652.00	652.00	650.00	646.00	641.00	632.50	624.25	616.75	609.50	606.00	602.00	597.50	592.25	586.00	578.50	571.75	565.50	561.75
1253.19	1249.12	1243.81	1238.25	1233.12	1226.75	1221.19	1214.94	1208.62	1202.38	1193.75	1187.00	1180.06	1172.00	1164.50	1156.25	1148.75	1140.50	1132.75	1126.00	1117.00	1110.94	1103.00	1094.94	1087.25	1079.62	1070.50	1063.75	1055.69	1049.00	1041.75	1032.50	1025.75	1017.62	1009.50	1003.75	996.19	987.75	979.69	972.50	964.94	957.12	949.25	941.12	932.44	925.38	915.44	902.75	890.50	874.00	853.94	834.50	811.12	789.75	771.12	756.94	745.50	735.62	732.50	729.62	723.88	721.50	718.44	713.75	705.12	696.25	686.00	674.19	662.56	654.06	645.69	635.94	624.00	614.88	610.81	611.44	611.94	609.19	606.88	604.19	601.94	600.44	598.31	594.19	591.38	588.25	582.44	579.25	573.62	568.00	563.56	557.56	551.50	545.88	537.81	530.44	521.56	504.56	479.06	450.00	428.75	419.56	418.81	420.75	424.00	426.50	432.25	440.56	446.31	452.31	447.50	408.00	335.00	276.06	229.75	188.62	152.88	112.69	80.88	58.19	47.25	44.06	41.94	44.44	50.25	55.62	61.44	66.69	74.19	79.44	86.50	95.62	105.44	117.94	130.25	142.44	158.56	173.06	195.50	216.00	239.06	265.69	280.69	290.38	294.12	295.75	304.81	319.12	335.75	355.25	362.69	355.06	329.00	295.25	256.44	247.69	249.12	245.06	212.50	140.19	68.25	27.62	5.31	5.06	6.19	6.75	6.75	6.75	7.31	9.00	13.88	24.62	38.12	49.44	58.81	64.88	67.31	69.75	73.12	79.00	86.50	94.94	105.06	119.31	131.25	149.94	176.25	202.88	226.94	240.19	246.75	251.81	255.81	262.19	272.00	281.12	292.81	300.88	311.38	319.75	327.00	334.75	344.06	354.31	372.56	389.00	406.88	422.38	431.19	437.12	438.12	436.62	435.75	436.62	443.50	455.38	467.00	482.38	495.50	507.25	521.38	531.50	539.56	544.25	548.88	558.38	573.75	590.62	606.12	616.88	626.19	633.31	640.94	646.88	651.19	654.69	654.88	654.81	655.00	655.00	653.19	649.75	644.75	637.00	629.50	622.38	615.31	611.44	607.25	602.00	595.81	588.81	581.31	573.62	567.75	564.56
1253.25	1249.00	1243.50	1238.00	1233.00	1226.75	1221.50	1215.50	1209.25	1203.00	1194.50	1188.00	1181.25	1173.25	1165.75	1157.50	1150.00	1141.75	1134.00	1127.00	1118.00	1112.00	1104.00	1096.00	1088.25	1080.75	1071.75	1065.00	1057.00	1050.50	1043.00	1034.00	1027.25	1019.00	1010.75	1005.00	997.00	988.50	980.25	972.75	965.00	957.00	949.00	941.00	932.25	925.50	916.00	903.75	893.00	878.50	860.00	842.25	820.50	800.50	782.50	768.25	756.50	745.50	741.25	737.25	730.25	727.25	724.25	720.00	712.00	703.50	695.00	685.50	675.00	666.50	658.25	649.00	638.00	628.50	621.00	618.75	619.00	615.00	611.75	608.25	605.25	603.25	600.75	596.00	592.50	588.75	582.25	578.50	572.50	566.50	562.00	556.00	550.00	544.75	536.75	529.25	520.25	503.00	477.00	448.00	426.75	417.75	417.00	418.00	419.75	420.00	423.00	428.50	431.25	434.25	426.25	380.50	299.00	234.00	186.25	148.50	118.50	85.75	61.25	45.75	41.00	41.75	42.75	47.25	54.00	59.00	64.00	68.50	75.75	81.00	88.25	97.50	107.25	120.25	133.75	147.50	166.25	183.00	209.00	232.50	259.00	289.00	305.75	316.50	320.50	321.50	330.00	344.00	361.00	381.75	389.75	381.50	355.00	320.50	281.50	275.50	279.75	277.00	241.00	159.50	78.25	31.00	5.00	4.75	6.25	7.00	7.00	7.00	7.75	9.75	15.50	27.75	42.25	54.25	64.25	71.00	74.00	76.75	80.00	85.25	92.25	99.75	109.50	123.75	136.00	154.25	180.00	205.50	227.75	240.50	247.50	253.50	258.00	264.50	274.50	283.75	294.75	301.75	310.75	318.00	324.75	333.00	343.25	354.00	372.25	388.00	405.00	420.25	429.50	436.25	437.75	436.75	436.00	436.50	443.25	455.25	467.25	482.75	496.00	508.50	523.50	534.00	543.00	548.75	554.00	563.50	578.25	594.50	609.25	619.75	628.75	635.75	643.50	649.00	653.00	656.50	656.25	656.00	656.00	656.00	654.25	651.00	646.00	638.50	631.25	624.25	617.25	613.25	609.00	603.50	597.00	589.75	582.25	574.25	568.50	565.50
1253.44	1249.25	1243.75	1238.44	1233.62	1227.69	1222.25	1216.19	1210.00	1203.62	1195.25	1188.69	1182.00	1174.00	1166.75	1158.50	1151.00	1142.88	1135.12	1128.00	1119.00	1113.00	1105.00	1097.06	1089.31	1081.88	1073.00	1066.25	1058.00	1051.50	1044.00	1035.00	1028.25	1020.12	1011.75	1005.81	997.69	989.25	980.94	973.06	965.44	957.38	949.31	941.50	932.69	926.00	916.56	905.19	894.62	880.75	863.75	847.19	826.88	807.75	790.31	776.44	764.50	753.00	747.69	742.62	735.38	731.81	728.12	723.75	716.38	708.38	700.75	692.19	682.88	675.19	667.19	658.50	647.50	637.50	629.44	625.69	624.31	619.44	615.44	611.56	608.06	605.44	602.56	597.50	593.50	588.81	581.75	577.00	570.38	563.94	559.25	553.00	547.00	541.81	533.50	525.88	515.88	499.25	474.38	446.00	424.50	414.12	410.00	407.88	406.56	404.44	404.50	406.44	405.38	401.12	386.00	339.00	261.25	200.19	158.56	128.38	104.50	78.06	58.94	47.06	43.88	45.25	46.81	51.31	57.50	61.69	66.00	70.31	77.62	83.25	90.81	100.62	111.12	125.06	139.81	155.38	177.06	196.31	225.31	250.75	278.06	307.50	323.00	331.75	333.38	332.50	338.25	349.50	364.44	383.88	392.31	386.12	362.06	330.12	294.69	291.81	297.56	295.25	257.62	171.25	84.56	34.25	6.06	4.94	6.38	7.00	7.00	7.12	8.38	12.00	20.56	35.00	51.25	63.75	73.44	79.38	81.75	83.94	86.62	91.06	97.44	104.62	114.50	130.12	143.38	162.75	187.75	211.12	231.25	243.25	250.44	257.06	261.81	268.75	278.62	288.06	298.81	305.62	313.94	320.50	326.50	334.00	344.06	354.25	371.44	386.00	402.06	416.94	426.38	433.62	435.62	435.06	434.56	435.75	442.75	455.00	467.31	483.56	497.19	509.50	524.12	534.88	544.31	550.88	557.12	567.56	582.44	598.12	612.06	621.88	630.62	637.56	645.69	651.50	655.50	658.56	658.25	658.25	658.12	657.81	655.94	652.50	647.44	639.88	632.75	625.56	617.94	613.75	609.38	603.50	596.81	589.38	582.25	574.75	570.06	568.00
1254.00	1250.00	1244.50	1239.75	1235.50	1230.50	1224.50	1218.25	1212.25	1205.50	1197.50	1190.75	1184.25	1176.25	1169.75	1161.50	1154.00	1146.25	1138.50	1131.00	1122.00	1116.00	1108.00	1100.25	1092.50	1085.25	1076.75	1070.00	1061.00	1054.50	1047.00	1038.00	1031.25	1023.50	1014.75	1008.25	999.75	991.50	983.00	974.00	966.75	958.50	950.25	943.00	934.00	927.50	918.25	909.50	899.50	887.50	875.00	862.00	846.00	829.50	813.75	801.00	788.50	775.50	767.00	758.75	750.75	745.50	739.75	735.00	729.50	723.00	718.00	712.25	706.50	701.25	694.00	687.00	676.00	664.50	654.75	646.50	640.25	632.75	626.50	621.50	616.50	612.00	608.00	602.00	596.50	589.00	580.25	572.50	564.00	556.25	551.00	544.00	538.00	533.00	523.75	515.75	502.75	488.00	466.50	440.00	417.75	403.25	389.00	377.50	367.00	357.75	349.00	340.25	327.75	301.75	265.25	214.50	148.00	98.75	75.50	68.00	62.50	55.00	52.00	51.00	52.50	55.75	59.00	63.50	68.00	69.75	72.00	75.75	83.25	90.00	98.50	110.00	122.75	139.50	158.00	179.00	209.50	236.25	274.25	305.50	335.25	363.00	374.75	377.50	372.00	365.50	363.00	366.00	374.75	390.25	400.00	400.00	383.25	359.00	334.25	340.75	351.00	350.00	307.50	206.50	103.50	44.00	9.25	5.50	6.75	7.00	7.00	7.50	10.25	18.75	35.75	56.75	78.25	92.25	101.00	104.50	105.00	105.50	106.50	108.50	113.00	119.25	129.50	149.25	165.50	188.25	211.00	228.00	241.75	251.50	259.25	267.75	273.25	281.50	291.00	301.00	311.00	317.25	323.50	328.00	331.75	337.00	346.50	355.00	369.00	380.00	393.25	407.00	417.00	425.75	429.25	430.00	430.25	433.50	441.25	454.25	467.50	486.00	500.75	512.50	526.00	537.50	548.25	557.25	566.50	579.75	595.00	609.00	620.50	628.25	636.25	643.00	652.25	659.00	663.00	664.75	664.25	665.00	664.50	663.25	661.00	657.00	651.75	644.00	637.25	629.50	620.00	615.25	610.50	603.50	596.25	588.25	582.25	576.25	574.75	575.50
1254.19	1250.12	1244.88	1240.06	1235.81	1230.94	1225.00	1218.81	1212.75	1206.00	1198.00	1191.38	1184.88	1177.00	1170.38	1162.25	1154.81	1147.12	1139.25	1131.75	1123.00	1116.81	1108.81	1101.12	1093.44	1086.12	1077.50	1070.75	1062.00	1055.25	1047.75	1038.75	1032.00	1024.25	1015.50	1008.94	1000.31	992.12	983.75	974.75	967.44	959.12	951.06	943.75	934.81	928.50	919.25	910.81	901.12	889.56	877.75	865.44	850.25	834.69	819.44	806.94	794.62	781.38	772.25	763.81	755.62	749.81	743.75	738.75	733.12	726.50	721.50	716.06	710.50	705.31	698.38	691.50	680.88	669.62	659.88	651.25	644.50	636.81	630.19	624.69	619.38	614.38	610.25	603.94	597.88	589.75	580.12	571.31	562.38	554.00	548.31	541.00	535.00	530.12	520.56	512.88	500.00	485.62	465.12	439.69	417.50	402.50	386.31	373.00	360.31	349.44	338.56	326.81	311.00	281.19	242.69	193.50	131.88	88.06	67.81	62.81	59.88	54.44	52.69	52.25	53.50	56.56	60.12	64.62	69.19	71.31	74.25	78.50	86.25	93.00	101.88	113.75	127.31	145.31	165.12	188.06	220.50	248.62	287.81	319.38	348.12	373.25	382.75	383.50	376.75	369.94	366.56	368.12	375.06	388.19	396.94	397.50	382.56	360.00	336.94	343.12	352.25	348.75	303.88	202.50	101.12	43.44	10.31	6.25	7.06	7.19	7.00	7.75	11.44	22.06	41.38	63.75	85.44	98.75	106.44	109.25	109.25	109.75	110.94	113.69	119.06	126.75	138.12	158.56	175.44	198.19	220.25	236.44	249.12	258.31	266.00	274.75	280.88	289.31	298.50	307.50	316.50	322.31	328.19	332.44	335.88	341.00	350.19	358.25	370.56	380.25	392.12	404.94	414.62	423.50	427.75	429.06	430.00	433.38	441.31	454.44	467.88	487.00	501.81	513.44	526.69	537.88	548.69	558.69	568.75	582.44	597.69	611.19	622.31	629.69	637.38	644.00	653.12	660.12	664.44	666.38	665.94	666.19	665.44	664.12	661.31	656.88	651.75	644.06	637.00	629.31	620.06	615.38	610.31	603.12	595.75	588.00	582.69	577.25	576.25	577.56
1254.75	1250.50	1246.00	1241.00	1236.75	1232.25	1226.50	1220.50	1214.25	1207.50	1199.50	1193.25	1186.75	1179.25	1172.25	1164.50	1157.25	1149.75	1141.50	1134.00	1126.00	1119.25	1111.25	1103.75	1096.25	1088.75	1079.75	1073.00	1065.00	1057.50	1050.00	1041.00	1034.25	1026.50	1017.75	1011.00	1002.00	994.00	986.00	977.00	969.50	961.00	953.50	946.00	937.25	931.50	922.25	914.75	906.00	895.75	886.00	875.75	863.00	850.25	836.50	824.75	813.00	799.00	788.00	779.00	770.25	762.75	755.75	750.00	744.00	737.00	732.00	727.50	722.50	717.50	711.50	705.00	695.50	685.00	675.25	665.50	657.25	649.00	641.25	634.25	628.00	621.50	617.00	609.75	602.00	592.00	579.75	567.75	557.50	547.25	540.25	532.00	526.00	521.50	511.00	504.25	491.75	478.50	461.00	438.75	416.75	400.25	378.25	359.50	340.25	324.50	307.25	286.50	260.75	219.50	175.00	130.50	83.50	56.00	44.75	47.25	52.00	52.75	54.75	56.00	56.50	59.00	63.50	68.00	72.75	76.00	81.00	86.75	95.25	102.00	112.00	125.00	141.00	162.75	186.50	215.25	253.50	285.75	328.50	361.00	386.75	404.00	406.75	401.50	391.00	383.25	377.25	374.50	376.00	382.00	387.75	390.00	380.50	363.00	345.00	350.25	356.00	345.00	293.00	190.50	94.00	41.75	13.50	8.50	8.00	7.75	7.00	8.50	15.00	32.00	58.25	84.75	107.00	118.25	122.75	123.50	122.00	122.50	124.25	129.25	137.25	149.25	164.00	186.50	205.25	228.00	248.00	261.75	271.25	278.75	286.25	295.75	303.75	312.75	321.00	327.00	333.00	337.50	342.25	345.75	348.25	353.00	361.25	368.00	375.25	381.00	388.75	398.75	407.50	416.75	423.25	426.25	429.25	433.00	441.50	455.00	469.00	490.00	505.00	516.25	528.75	539.00	550.00	563.00	575.50	590.50	605.75	617.75	627.75	634.00	640.75	647.00	655.75	663.50	668.75	671.25	671.00	669.75	668.25	666.75	662.25	656.50	651.75	644.25	636.25	628.75	620.25	615.75	609.75	602.00	594.25	587.25	584.00	580.25	580.75	583.75
1254.75	1250.50	1246.00	1241.00	1236.75	1232.25	1226.50	1220.50	1214.25	1207.50	1199.50	1193.25	1186.75	1179.25	1172.25	1164.50	1157.25	1149.75	1141.50	1134.00	1126.00	1119.25	1111.25	1103.75	1096.25	1088.75	1079.75	1073.00	1065.00	1057.50	1050.00	1041.00	1034.25	1026.50	1017.75	1011.00	1002.00	994.00	986.00	977.00	969.50	961.00	953.50	946.00	937.25	931.50	922.25	914.75	906.00	895.75	886.00	875.75	863.00	850.25	836.50	824.75	813.00	799.00	788.00	779.00	770.25	762.75	755.75	750.00	744.00	737.00	732.00	727.50	722.50	717.50	711.50	705.00	695.50	685.00	675.25	665.50	657.25	649.00	641.25	634.25	628.00	621.50	617.00	609.75	602.00	592.00	579.75	567.75	557.50	547.25	540.25	532.00	526.00	521.50	511.00	504.25	491.75	478.50	461.00	438.75	416.75	400.25	378.25	359.50	340.25	324.50	307.25	286.50	260.75	219.50	175.00	130.50	83.50	56.00	44.75	47.25	52.00	52.75	54.75	56.00	56.50	59.00	63.50	68.00	72.75	76.00	81.00	86.75	95.25	102.00	112.00	125.00	141.00	162.75	186.50	215.25	253.50	285.75	328.50	361.00	386.75	404.00	406.75	401.50	391.00	383.25	377.25	374.50	376.00	382.00	387.75	390.00	380.50	363.00	345.00	350.25	356.00	345.00	293.00	190.50	94.00	41.75	13.50	8.50	8.00	7.75	7.00	8.50	15.00	32.00	58.25	84.75	107.00	118.25	122.75	123.50	122.00	122.50	124.25	129.25	137.25	149.25	164.00	186.50	205.25	228.00	248.00	261.75	271.25	278.75	286.25	295.75	303.75	312.75	321.00	327.00	333.00	337.50	342.25	345.75	348.25	353.00	361.25	368.00	375.25	381.00	388.75	398.75	407.50	416.75	423.25	426.25	429.25	433.00	441.50	455.00	469.00	490.00	505.00	516.25	528.75	539.00	550.00	563.00	575.50	590.50	605.75	617.75	627.75	634.00	640.75	647.00	655.75	663.50	668.75	671.25	671.00	669.75	668.25	666.75	662.25	656.50	651.75	644.25	636.25	628.75	620.25	615.75	609.75	602.00	594.25	587.25	584.00	580.25	580.75	583.75
1254.94	1250.50	1245.62	1240.81	1236.75	1232.25	1226.88	1220.69	1214.62	1208.25	1200.62	1194.38	1188.06	1181.12	1174.12	1166.38	1159.31	1151.44	1143.75	1136.25	1127.69	1121.50	1113.31	1105.62	1097.94	1090.62	1082.00	1075.25	1067.25	1059.75	1051.50	1042.50	1035.75	1027.62	1018.50	1011.75	1003.31	995.12	986.75	978.12	970.81	962.88	954.81	947.50	938.75	933.00	924.31	918.31	909.75	901.00	892.94	884.94	874.62	864.31	852.06	840.12	828.75	815.12	803.94	793.81	783.94	775.50	767.75	761.25	754.12	747.12	741.75	736.88	731.88	727.06	720.88	714.94	706.19	697.00	688.38	679.00	670.75	661.94	653.44	644.94	637.56	630.12	625.06	616.88	607.25	595.00	579.56	562.88	550.00	537.50	528.25	518.50	512.88	508.94	499.19	493.56	482.94	471.00	456.12	437.62	418.81	404.56	384.62	365.50	345.50	327.88	309.31	286.31	258.31	215.75	172.00	130.12	86.88	61.44	47.94	46.12	49.19	51.25	54.00	54.88	55.00	57.12	62.94	69.31	76.69	83.69	92.25	101.00	110.62	117.94	128.50	141.88	158.44	181.69	207.31	238.69	280.88	314.25	356.25	386.12	406.44	416.00	412.75	402.25	390.44	383.62	377.06	373.38	370.19	370.00	370.69	367.50	356.31	339.94	321.75	322.31	317.38	291.94	235.62	145.69	69.06	30.69	10.31	8.50	8.75	8.50	7.75	10.75	20.25	41.19	72.12	100.50	120.88	128.75	129.50	128.38	128.38	131.69	137.19	148.00	162.19	179.06	195.31	216.31	233.38	253.50	271.62	283.69	293.56	301.81	311.19	323.88	333.00	342.19	348.38	350.25	351.94	354.19	357.62	360.94	364.94	371.00	379.81	385.81	389.31	390.75	393.81	399.88	406.94	416.00	421.94	426.25	430.56	435.25	443.75	457.25	471.25	491.12	505.38	516.62	528.38	539.00	550.75	565.25	578.88	593.88	608.38	619.25	628.12	634.38	640.94	647.19	656.12	663.88	669.50	672.19	672.12	670.88	667.88	664.69	658.50	651.62	646.69	639.38	632.31	625.75	617.81	612.94	606.75	600.12	594.81	590.25	588.69	587.56	588.06	591.25
1255.00	1250.50	1245.50	1240.75	1236.75	1232.25	1227.00	1220.75	1214.75	1208.50	1201.00	1194.75	1188.50	1181.75	1174.75	1167.00	1160.00	1152.00	1144.50	1137.00	1128.25	1122.25	1114.00	1106.25	1098.50	1091.25	1082.75	1076.00	1068.00	1060.50	1052.00	1043.00	1036.25	1028.00	1018.75	1012.00	1003.75	995.50	987.00	978.50	971.25	963.50	955.25	948.00	939.25	933.50	925.00	919.50	911.00	902.75	895.25	888.00	878.50	869.00	857.25	845.25	834.00	820.50	809.25	798.75	788.50	779.75	771.75	765.00	757.50	750.50	745.00	740.00	735.00	730.25	724.00	718.25	709.75	701.00	692.75	683.50	675.25	666.25	657.50	648.50	640.75	633.00	627.75	619.25	609.00	596.00	579.50	561.25	547.50	534.25	524.25	514.00	508.50	504.75	495.25	490.00	480.00	468.50	454.50	437.25	419.50	406.00	386.75	367.50	347.25	329.00	310.00	286.25	257.50	214.50	171.00	130.00	88.00	63.25	49.00	45.75	48.25	50.75	53.75	54.50	54.50	56.50	62.75	69.75	78.00	86.25	96.00	105.75	115.75	123.25	134.00	147.50	164.25	188.00	214.25	246.50	290.00	323.75	365.50	394.50	413.00	420.00	414.75	402.50	390.25	383.75	377.00	373.00	368.25	366.00	365.00	360.00	348.25	332.25	314.00	313.00	304.50	274.25	216.50	130.75	60.75	27.00	9.25	8.50	9.00	8.75	8.00	11.50	22.00	44.25	76.75	105.75	125.50	132.25	131.75	130.00	130.50	134.75	141.50	154.25	170.50	189.00	205.75	226.25	242.75	262.00	279.50	291.00	301.00	309.50	319.50	333.25	342.75	352.00	357.50	358.00	358.25	359.75	362.75	366.00	370.50	377.00	386.00	391.75	394.00	394.00	395.50	400.25	406.75	415.75	421.50	426.25	431.00	436.00	444.50	458.00	472.00	491.50	505.50	516.75	528.25	539.00	551.00	566.00	580.00	595.00	609.25	619.75	628.25	634.50	641.00	647.25	656.25	664.00	669.75	672.50	672.50	671.25	667.75	664.00	657.25	650.00	645.00	637.75	631.00	624.75	617.00	612.00	605.75	599.50	595.00	591.25	590.25	590.00	590.50	593.75
1255.00	1250.50	1245.50	1240.50	1236.50	1232.25	1226.75	1220.50	1214.50	1208.25	1201.00	1195.00	1188.75	1181.88	1175.00	1167.50	1160.50	1152.88	1145.00	1137.88	1129.12	1123.00	1115.00	1107.00	1099.38	1092.00	1083.75	1077.00	1068.50	1061.00	1052.62	1043.50	1036.75	1028.00	1019.12	1012.12	1003.88	995.50	987.50	978.75	971.75	964.00	955.75	948.12	939.50	933.50	925.62	920.62	913.00	905.62	899.12	892.50	884.50	876.50	865.50	853.62	842.75	829.75	818.50	807.88	797.62	788.50	780.12	772.62	765.00	757.25	752.00	746.62	741.00	735.88	730.00	724.50	716.75	708.75	701.38	692.75	685.00	676.00	666.75	657.00	647.88	639.00	633.88	625.25	614.00	598.88	578.00	556.62	540.50	525.12	513.62	502.50	497.25	494.12	485.38	480.75	472.50	463.00	451.00	436.25	421.00	409.00	391.88	374.50	355.88	338.38	319.88	296.75	269.50	229.88	190.12	154.25	111.25	80.88	60.00	50.00	49.12	50.75	52.75	54.12	56.25	59.88	68.50	78.00	89.38	100.25	112.62	123.88	134.50	141.62	151.25	163.25	178.12	200.00	224.88	256.50	300.12	333.75	374.50	401.50	416.50	418.88	411.12	397.00	383.50	376.38	369.50	365.00	359.00	353.00	348.25	338.25	324.00	307.50	288.25	282.12	266.62	229.12	172.75	99.75	44.50	21.12	8.62	8.62	9.50	9.38	10.00	16.00	28.75	51.62	83.12	109.75	127.50	133.12	132.00	131.50	134.88	143.00	154.25	171.25	190.00	209.50	224.75	242.38	256.38	274.50	291.75	304.38	316.38	326.50	338.00	352.75	362.25	370.62	374.00	372.12	370.75	371.62	374.75	378.88	384.88	393.00	402.00	407.12	407.00	404.25	402.62	405.12	410.12	417.88	423.38	427.88	433.00	438.50	446.62	459.00	472.25	490.62	504.50	515.75	527.12	537.50	549.38	564.62	579.00	593.62	607.12	617.12	625.12	631.62	638.62	645.12	654.25	661.75	667.38	670.38	669.62	667.62	663.12	658.62	651.50	644.00	639.50	633.25	628.00	622.88	615.50	610.50	605.12	600.00	597.50	595.75	595.88	596.62	597.62	600.88
1255.00	1250.50	1245.50	1240.25	1236.25	1232.25	1226.50	1220.25	1214.25	1208.00	1201.00	1195.25	1189.00	1182.00	1175.25	1168.00	1161.00	1153.75	1145.50	1138.75	1130.00	1123.75	1116.00	1107.75	1100.25	1092.75	1084.75	1078.00	1069.00	1061.50	1053.25	1044.00	1037.25	1028.00	1019.50	1012.25	1004.00	995.50	988.00	979.00	972.25	964.50	956.25	948.25	939.75	933.50	926.25	921.75	915.00	908.50	903.00	897.00	890.50	884.00	873.75	862.00	851.50	839.00	827.75	817.00	806.75	797.25	788.50	780.25	772.50	764.00	759.00	753.25	747.00	741.50	736.00	730.75	723.75	716.50	710.00	702.00	694.75	685.75	676.00	665.50	655.00	645.00	640.00	631.25	619.00	601.75	576.50	552.00	533.50	516.00	503.00	491.00	486.00	483.50	475.50	471.50	465.00	457.50	447.50	435.25	422.50	412.00	397.00	381.50	364.50	347.75	329.75	307.25	281.50	245.25	209.25	178.50	134.50	98.50	71.00	54.25	50.00	50.75	51.75	53.75	58.00	63.25	74.25	86.25	100.75	114.25	129.25	142.00	153.25	160.00	168.50	179.00	192.00	212.00	235.50	266.50	310.25	343.75	383.50	408.50	420.00	417.75	407.50	391.50	376.75	369.00	362.00	357.00	349.75	340.00	331.50	316.50	299.75	282.75	262.50	251.25	228.75	184.00	129.00	68.75	28.25	15.25	8.00	8.75	10.00	10.00	12.00	20.50	35.50	59.00	89.50	113.75	129.50	134.00	132.25	133.00	139.25	151.25	167.00	188.25	209.50	230.00	243.75	258.50	270.00	287.00	304.00	317.75	331.75	343.50	356.50	372.25	381.75	389.25	390.50	386.25	383.25	383.50	386.75	391.75	399.25	409.00	418.00	422.50	420.00	414.50	409.75	410.00	413.50	420.00	425.25	429.50	435.00	441.00	448.75	460.00	472.50	489.75	503.50	514.75	526.00	536.00	547.75	563.25	578.00	592.25	605.00	614.50	622.00	628.75	636.25	643.00	652.25	659.50	665.00	668.25	666.75	664.00	658.50	653.25	645.75	638.00	634.00	628.75	625.00	621.00	614.00	609.00	604.50	600.50	600.00	600.25	601.50	603.25	604.75	608.00
1255.25	1250.62	1245.50	1240.44	1236.25	1232.06	1226.44	1220.12	1214.12	1208.00	1200.88	1195.12	1188.88	1181.94	1175.19	1168.00	1161.06	1153.75	1145.75	1138.81	1130.25	1123.88	1116.19	1108.00	1100.38	1092.88	1084.75	1078.00	1069.00	1061.50	1053.25	1044.00	1037.25	1028.12	1019.56	1012.44	1004.00	995.50	988.00	979.25	972.38	964.50	956.38	948.50	940.00	933.75	926.50	922.25	915.62	909.38	904.25	898.69	892.50	886.44	876.44	865.00	854.88	842.50	831.50	820.88	810.56	801.25	792.31	784.12	776.12	767.50	762.19	756.31	750.00	744.50	739.12	733.81	727.12	720.12	713.94	706.31	699.25	690.50	680.62	670.25	659.25	648.56	643.06	633.94	621.25	603.00	575.38	549.88	530.62	512.06	498.50	486.00	481.00	478.50	470.88	467.31	461.50	454.62	445.44	434.19	422.38	412.25	397.94	383.25	366.88	350.75	333.38	311.56	287.06	252.69	218.69	190.88	147.88	109.31	78.50	58.50	52.56	52.56	53.06	55.31	61.25	68.31	81.31	95.06	111.31	126.19	141.94	154.44	165.06	171.00	178.19	187.00	198.44	216.25	238.12	267.94	310.88	344.25	383.94	408.25	418.75	415.12	404.00	387.00	371.06	362.62	355.25	350.00	342.56	331.31	321.19	304.56	287.12	270.75	251.38	239.25	215.75	170.81	117.88	62.56	26.00	15.38	8.94	9.31	10.31	10.75	13.75	24.62	40.94	63.88	92.25	114.06	128.12	132.75	132.56	135.12	143.25	157.56	175.25	197.88	219.00	238.25	250.88	264.12	274.81	291.88	309.75	324.75	339.69	352.12	365.38	380.69	389.75	396.25	396.62	392.06	389.19	389.88	394.00	399.75	407.81	418.00	426.56	430.50	427.00	420.25	414.12	413.31	416.00	421.94	426.75	431.00	436.38	442.25	449.88	460.56	472.25	489.00	502.75	513.75	524.75	534.50	546.06	561.44	576.00	589.88	602.50	611.81	619.31	626.00	634.00	640.94	650.00	657.38	662.69	665.50	663.56	660.38	654.62	649.44	642.44	635.38	631.50	627.12	624.12	620.75	614.00	609.25	605.38	602.12	601.88	603.38	604.94	606.94	608.88	612.19
1256.00	1251.00	1245.50	1241.00	1236.25	1231.50	1226.25	1219.75	1213.75	1208.00	1200.50	1194.75	1188.50	1181.75	1175.00	1168.00	1161.25	1153.75	1146.50	1139.00	1131.00	1124.25	1116.75	1108.75	1100.75	1093.25	1084.75	1078.00	1069.00	1061.50	1053.25	1044.00	1037.25	1028.50	1019.75	1013.00	1004.00	995.50	988.00	980.00	972.75	964.50	956.75	949.25	940.75	934.50	927.25	923.75	917.50	912.00	908.00	903.75	898.50	893.75	884.50	874.00	865.00	853.00	842.75	832.50	822.00	813.25	803.75	795.75	787.00	778.00	771.75	765.50	759.00	753.50	748.50	743.00	737.25	731.00	725.75	719.25	712.75	704.75	694.50	684.50	672.00	659.25	652.25	642.00	628.00	606.75	572.00	543.50	522.00	500.25	485.00	471.00	466.00	463.50	457.00	454.75	451.00	446.00	439.25	431.00	422.00	413.00	400.75	388.50	374.00	359.75	344.25	324.50	303.75	275.00	247.00	228.00	188.00	141.75	101.00	71.25	60.25	58.00	57.00	60.00	71.00	83.50	102.50	121.50	143.00	162.00	180.00	191.75	200.50	204.00	207.25	211.00	217.75	229.00	246.00	272.25	312.75	345.75	385.25	407.50	415.00	407.25	393.50	373.50	354.00	343.50	335.00	329.00	321.00	305.25	290.25	268.75	249.25	234.75	218.00	203.25	176.75	131.25	84.50	44.00	19.25	15.75	11.75	11.00	11.25	13.00	19.00	37.00	57.25	78.50	100.50	115.00	124.00	129.00	133.50	141.50	155.25	176.50	200.00	226.75	247.50	263.00	272.25	281.00	289.25	306.50	327.00	345.75	363.50	378.00	392.00	406.00	413.75	417.25	415.00	409.50	407.00	409.00	415.75	423.75	433.50	445.00	452.25	454.50	448.00	437.50	427.25	423.25	423.50	427.75	431.25	435.50	440.50	446.00	453.25	462.25	471.50	486.75	500.50	510.75	521.00	530.00	541.00	556.00	570.00	582.75	595.00	603.75	611.25	617.75	627.25	634.75	643.25	651.00	655.75	657.25	654.00	649.50	643.00	638.00	632.50	627.50	624.00	622.25	621.50	620.00	614.00	610.00	608.00	607.00	607.50	612.75	615.25	618.00	621.25	624.75
1256.00	1251.00	1245.50	1241.00	1236.25	1231.50	1226.25	1219.75	1213.75	1208.00	1200.50	1194.75	1188.50	1181.75	1175.00	1168.00	1161.25	1153.75	1146.50	1139.00	1131.00	1124.25	1116.75	1108.75	1100.75	1093.25	1084.75	1078.00	1069.00	1061.50	1053.25	1044.00	1037.25	1028.50	1019.75	1013.00	1004.00	995.50	988.00	980.00	972.75	964.50	956.75	949.25	940.75	934.50	927.25	923.75	917.50	912.00	908.00	903.75	898.50	893.75	884.50	874.00	865.00	853.00	842.75	832.50	822.00	813.25	803.75	795.75	787.00	778.00	771.75	765.50	759.00	753.50	748.50	743.00	737.25	731.00	725.75	719.25	712.75	704.75	694.50	684.50	672.00	659.25	652.25	642.00	628.00	606.75	572.00	543.50	522.00	500.25	485.00	471.00	466.00	463.50	457.00	454.75	451.00	446.00	439.25	431.00	422.00	413.00	400.75	388.50	374.00	359.75	344.25	324.50	303.75	275.00	247.00	228.00	188.00	141.75	101.00	71.25	60.25	58.00	57.00	60.00	71.00	83.50	102.50	121.50	143.00	162.00	180.00	191.75	200.50	204.00	207.25	211.00	217.75	229.00	246.00	272.25	312.75	345.75	385.25	407.50	415.00	407.25	393.50	373.50	354.00	343.50	335.00	329.00	321.00	305.25	290.25	268.75	249.25	234.75	218.00	203.25	176.75	131.25	84.50	44.00	19.25	15.75	11.75	11.00	11.25	13.00	19.00	37.00	57.25	78.50	100.50	115.00	124.00	129.00	133.50	141.50	155.25	176.50	200.00	226.75	247.50	263.00	272.25	281.00	289.25	306.50	327.00	345.75	363.50	378.00	392.00	406.00	413.75	417.25	415.00	409.50	407.00	409.00	415.75	423.75	433.50	445.00	452.25	454.50	448.00	437.50	427.25	423.25	423.50	427.75	431.25	435.50	440.50	446.00	453.25	462.25	471.50	486.75	500.50	510.75	521.00	530.00	541.00	556.00	570.00	582.75	595.00	603.75	611.25	617.75	627.25	634.75	643.25	651.00	655.75	657.25	654.00	649.50	643.00	638.00	632.50	627.50	624.00	622.25	621.50	620.00	614.00	610.00	608.00	607.00	607.50	612.75	615.25	618.00	621.25	624.75
1256.00	1251.00	1245.50	1241.00	1236.25	1231.50	1226.25	1219.75	1213.75	1208.00	1200.50	1194.75	1188.50	1181.75	1175.00	1168.00	1161.25	1153.75	1146.50	1139.00	1131.00	1124.25	1116.75	1108.75	1100.75	1093.25	1084.75	1078.00	1069.00	1061.50	1053.25	1044.00	1037.25	1028.50	1019.75	1013.00	1004.00	995.50	988.00	980.00	972.75	964.50	956.75	949.25	940.75	934.50	927.25	923.75	917.50	912.00	908.00	903.75	898.50	893.75	884.50	874.00	865.00	853.00	842.75	832.50	822.00	813.25	803.75	795.75	787.00	778.00	771.75	765.50	759.00	753.50	748.50	743.00	737.25	731.00	725.75	719.25	712.75	704.75	694.50	684.50	672.00	659.25	652.25	642.00	628.00	606.75	572.00	543.50	522.00	500.25	485.00	471.00	466.00	463.50	457.00	454.75	451.00	446.00	439.25	431.00	422.00	413.00	400.75	388.50	374.00	359.75	344.25	324.50	303.75	275.00	247.00	228.00	188.00	141.75	101.00	71.25	60.25	58.00	57.00	60.00	71.00	83.50	102.50	121.50	143.00	162.00	180.00	191.75	200.50	204.00	207.25	211.00	217.75	229.00	246.00	272.25	312.75	345.75	385.25	407.50	415.00	407.25	393.50	373.50	354.00	343.50	335.00	329.00	321.00	305.25	290.25	268.75	249.25	234.75	218.00	203.25	176.75	131.25	84.50	44.00	19.25	15.75	11.75	11.00	11.25	13.00	19.00	37.00	57.25	78.50	100.50	115.00	124.00	129.00	133.50	141.50	155.25	176.50	200.00	226.75	247.50	263.00	272.25	281.00	289.25	306.50	327.00	345.75	363.50	378.00	392.00	406.00	413.75	417.25	415.00	409.50	407.00	409.00	415.75	423.75	433.50	445.00	452.25	454.50	448.00	437.50	427.25	423.25	423.50	427.75	431.25	435.50	440.50	446.00	453.25	462.25	471.50	486.75	500.50	510.75	521.00	530.00	541.00	556.00	570.00	582.75	595.00	603.75	611.25	617.75	627.25	634.75	643.25	651.00	655.75	657.25	654.00	649.50	643.00	638.00	632.50	627.50	624.00	622.25	621.50	620.00	614.00	610.00	608.00	607.00	607.50	612.75	615.25	618.00	621.25	624.75
1256.00	1251.00	1245.50	1241.00	1236.25	1231.50	1226.25	1219.75	1213.75	1208.00	1200.50	1194.75	1188.50	1181.75	1175.00	1168.00	1161.25	1153.75	1146.50	1139.00	1131.00	1124.25	1116.75	1108.75	1100.75	1093.25	1084.75	1078.00	1069.00	1061.50	1053.25	1044.00	1037.25	1028.50	1019.75	1013.00	1004.00	995.50	988.00	980.00	972.75	964.50	956.75	949.25	940.75	934.50	927.25	923.75	917.50	912.00	908.00	903.75	898.50	893.75	884.50	874.00	865.00	853.00	842.75	832.50	822.00	813.25	803.75	795.75	787.00	778.00	771.75	765.50	759.00	753.50	748.50	743.00	737.25	731.00	725.75	719.25	712.75	704.75	694.50	684.50	672.00	659.25	652.25	642.00	628.00	606.75	572.00	543.50	522.00	500.25	485.00	471.00	466.00	463.50	457.00	454.75	451.00	446.00	439.25	431.00	422.00	413.00	400.75	388.50	374.00	359.75	344.25	324.50	303.75	275.00	247.00	228.00	188.00	141.75	101.00	71.25	60.25	58.00	57.00	60.00	71.00	83.50	102.50	121.50	143.00	162.00	180.00	191.75	200.50	204.00	207.25	211.00	217.75	229.00	246.00	272.25	312.75	345.75	385.25	407.50	415.00	407.25	393.50	373.50	354.00	343.50	335.00	329.00	321.00	305.25	290.25	268.75	249.25	234.75	218.00	203.25	176.75	131.25	84.50	44.00	19.25	15.75	11.75	11.00	11.25	13.00	19.00	37.00	57.25	78.50	100.50	115.00	124.00	129.00	133.50	141.50	155.25	176.50	200.00	226.75	247.50	263.00	272.25	281.00	289.25	306.50	327.00	345.75	363.50	378.00	392.00	406.00	413.75	417.25	415.00	409.50	407.00	409.00	415.75	423.75	433.50	445.00	452.25	454.50	448.00	437.50	427.25	423.25	423.50	427.75	431.25	435.50	440.50	446.00	453.25	462.25	471.50	486.75	500.50	510.75	521.00	530.00	541.00	556.00	570.00	582.75	595.00	603.75	611.25	617.75	627.25	634.75	643.25	651.00	655.75	657.25	654.00	649.50	643.00	638.00	632.50	627.50	624.00	622.25	621.50	620.00	614.00	610.00	608.00	607.00	607.50	612.75	615.25	618.00	621.25	624.75
1257.50	1252.50	1247.00	1241.75	1236.62	1230.75	1225.69	1219.56	1213.75	1208.00	1200.50	1194.75	1188.50	1181.75	1175.19	1168.00	1161.62	1154.12	1146.50	1139.75	1131.19	1125.00	1117.12	1109.50	1101.50	1093.62	1084.75	1078.00	1069.00	1061.50	1053.81	1044.75	1037.62	1028.88	1020.50	1013.75	1004.56	996.25	988.75	980.56	973.50	965.62	957.50	950.56	941.69	935.25	928.00	925.06	919.00	914.44	911.19	907.50	902.81	897.88	889.38	880.19	871.00	859.75	850.25	840.38	830.06	821.69	812.56	804.38	796.00	786.62	780.19	773.56	767.06	761.75	756.38	750.69	744.94	739.25	734.19	727.69	721.94	714.50	705.38	698.00	686.06	670.50	661.06	646.50	629.12	605.44	570.31	542.56	520.12	497.44	480.50	465.56	459.62	457.12	450.62	448.38	444.44	439.62	434.19	427.25	418.25	409.81	398.69	388.12	375.12	362.19	348.19	330.31	312.00	287.19	260.69	237.00	210.88	165.38	121.81	88.12	74.12	69.62	69.19	72.56	86.00	104.12	128.94	154.50	181.44	202.31	219.19	228.12	231.81	230.81	228.62	227.50	228.44	233.31	244.12	266.25	304.69	338.44	379.25	401.50	408.25	398.06	381.12	356.25	333.00	320.81	312.50	308.38	300.19	280.88	261.38	238.00	221.88	214.12	209.75	204.00	183.88	147.56	107.38	65.94	35.19	22.12	13.81	12.12	12.75	16.75	28.00	52.00	74.12	93.69	110.44	119.50	125.88	132.19	142.69	156.88	176.06	200.69	226.06	251.50	269.25	280.06	286.12	294.88	305.00	325.06	348.38	369.19	387.88	401.06	413.00	423.62	428.00	428.69	425.88	423.75	425.38	430.56	440.69	450.00	459.00	468.25	473.06	472.69	463.75	451.75	440.38	434.31	433.06	434.31	436.88	440.56	444.81	450.12	456.81	465.06	472.81	485.44	496.75	505.69	515.56	524.75	535.38	548.50	561.38	573.19	584.50	593.62	601.88	609.12	619.19	626.88	635.00	641.62	644.50	644.69	641.81	637.88	632.88	629.00	626.12	624.50	623.25	623.00	623.38	621.88	616.81	613.75	612.69	613.38	616.12	621.94	625.56	627.75	631.56	635.81
1258.00	1253.00	1247.50	1242.00	1236.75	1230.50	1225.50	1219.50	1213.75	1208.00	1200.50	1194.75	1188.50	1181.75	1175.25	1168.00	1161.75	1154.25	1146.50	1140.00	1131.25	1125.25	1117.25	1109.75	1101.75	1093.75	1084.75	1078.00	1069.00	1061.50	1054.00	1045.00	1037.75	1029.00	1020.75	1014.00	1004.75	996.50	989.00	980.75	973.75	966.00	957.75	951.00	942.00	935.50	928.25	925.50	919.50	915.25	912.25	908.75	904.25	899.25	891.00	882.25	873.00	862.00	852.75	843.00	832.75	824.50	815.50	807.25	799.00	789.50	783.00	776.25	769.75	764.50	759.00	753.25	747.50	742.00	737.00	730.50	725.00	717.75	709.00	702.50	690.75	674.25	664.00	648.00	629.50	605.00	569.75	542.25	519.50	496.50	479.00	463.75	457.50	455.00	448.50	446.25	442.25	437.50	432.50	426.00	417.00	408.75	398.00	388.00	375.50	363.00	349.50	332.25	314.75	291.25	265.25	240.00	218.50	173.25	128.75	93.75	78.75	73.50	73.25	76.75	91.00	111.00	137.75	165.50	194.25	215.75	232.25	240.25	242.25	239.75	235.75	233.00	232.00	234.75	243.50	264.25	302.00	336.00	377.25	399.50	406.00	395.00	377.00	350.50	326.00	313.25	305.00	301.50	293.25	272.75	251.75	227.75	212.75	207.25	207.00	204.25	186.25	153.00	115.00	73.25	40.50	24.25	14.50	12.50	13.25	18.00	31.00	57.00	79.75	98.75	113.75	121.00	126.50	133.25	145.75	162.00	183.00	208.75	234.75	259.75	276.50	285.75	290.75	299.50	310.25	331.25	355.50	377.00	396.00	408.75	420.00	429.50	432.75	432.50	429.50	428.50	431.50	437.75	449.00	458.75	467.50	476.00	480.00	478.75	469.00	456.50	444.75	438.00	436.25	436.50	438.75	442.25	446.25	451.50	458.00	466.00	473.25	485.00	495.50	504.00	513.75	523.00	533.50	546.00	558.50	570.00	581.00	590.25	598.75	606.25	616.50	624.25	632.25	638.50	640.75	640.50	637.75	634.00	629.50	626.00	624.00	623.50	623.00	623.25	624.00	622.50	617.75	615.00	614.25	615.50	619.00	625.00	629.00	631.00	635.00	639.50
1258.00	1253.25	1247.50	1242.00	1236.88	1231.00	1225.50	1219.25	1213.38	1207.50	1200.25	1194.25	1188.00	1181.25	1174.62	1167.50	1161.00	1153.62	1146.00	1139.38	1130.62	1124.62	1117.00	1109.25	1101.50	1093.38	1084.25	1077.62	1069.00	1061.50	1054.00	1044.50	1037.50	1029.00	1020.50	1013.50	1004.38	996.50	988.50	979.88	973.00	965.00	956.88	950.50	941.38	935.00	927.75	924.75	919.00	914.88	912.00	908.50	904.50	900.25	892.12	883.62	874.75	864.25	855.25	846.12	836.50	828.50	819.50	811.62	803.75	794.50	787.50	780.75	774.12	769.00	763.50	757.75	752.00	746.00	741.00	734.75	729.00	721.88	713.50	706.88	695.50	678.88	667.00	648.88	629.25	604.88	570.38	543.62	521.00	498.00	480.00	464.38	457.75	453.50	446.38	443.62	440.25	435.25	430.00	423.00	414.00	405.88	395.50	385.50	373.88	361.38	348.00	331.38	314.75	292.25	267.75	243.00	217.25	173.25	130.25	96.62	83.25	79.88	80.62	84.88	99.50	121.75	152.88	184.00	214.62	235.50	249.50	254.75	253.75	249.25	242.25	236.75	233.50	233.00	239.12	257.50	293.12	326.38	367.25	388.25	393.38	380.38	361.12	335.00	312.38	301.38	295.50	294.50	288.00	269.00	250.12	229.00	218.25	217.38	220.38	218.62	200.38	166.50	127.50	81.38	44.25	25.88	15.50	13.88	15.62	22.12	37.00	65.00	87.75	106.00	119.62	126.12	133.25	142.62	158.12	177.25	200.00	226.25	250.25	272.12	285.62	292.62	298.38	310.88	324.75	347.50	371.75	392.25	409.25	420.25	429.38	436.62	438.75	438.00	436.75	439.00	446.00	453.88	465.12	472.88	478.50	482.88	484.00	481.38	471.88	460.75	451.12	445.50	443.50	443.50	445.25	448.12	451.25	455.50	460.88	467.62	474.50	484.88	493.62	500.88	509.38	518.00	528.00	540.50	552.75	564.25	575.50	585.00	593.75	601.38	610.88	617.75	624.75	629.50	631.12	630.62	628.62	625.75	623.25	622.00	623.38	626.00	627.50	628.88	629.88	628.25	623.25	620.50	619.38	621.25	624.62	630.50	634.88	637.62	642.25	647.38
1258.00	1253.50	1247.50	1242.00	1237.00	1231.50	1225.50	1219.00	1213.00	1207.00	1200.00	1193.75	1187.50	1180.75	1174.00	1167.00	1160.25	1153.00	1145.50	1138.75	1130.00	1124.00	1116.75	1108.75	1101.25	1093.00	1083.75	1077.25	1069.00	1061.50	1054.00	1044.00	1037.25	1029.00	1020.25	1013.00	1004.00	996.50	988.00	979.00	972.25	964.00	956.00	950.00	940.75	934.50	927.25	924.00	918.50	914.50	911.75	908.25	904.75	901.25	893.25	885.00	876.50	866.50	857.75	849.25	840.25	832.50	823.50	816.00	808.50	799.50	792.00	785.25	778.50	773.50	768.00	762.25	756.50	750.00	745.00	739.00	733.00	726.00	718.00	711.25	700.25	683.50	670.00	649.75	629.00	604.75	571.00	545.00	522.50	499.50	481.00	465.00	458.00	452.00	444.25	441.00	438.25	433.00	427.50	420.00	411.00	403.00	393.00	383.00	372.25	359.75	346.50	330.50	314.75	293.25	270.25	246.00	216.00	173.25	131.75	99.50	87.75	86.25	88.00	93.00	108.00	132.50	168.00	202.50	235.00	255.25	266.75	269.25	265.25	258.75	248.75	240.50	235.00	231.25	234.75	250.75	284.25	316.75	357.25	377.00	380.75	365.75	345.25	319.50	298.75	289.50	286.00	287.50	282.75	265.25	248.50	230.25	223.75	227.50	233.75	233.00	214.50	180.00	140.00	89.50	48.00	27.50	16.50	15.25	18.00	26.25	43.00	73.00	95.75	113.25	125.50	131.25	140.00	152.00	170.50	192.50	217.00	243.75	265.75	284.50	294.75	299.50	306.00	322.25	339.25	363.75	388.00	407.50	422.50	431.75	438.75	443.75	444.75	443.50	444.00	449.50	460.50	470.00	481.25	487.00	489.50	489.75	488.00	484.00	474.75	465.00	457.50	453.00	450.75	450.50	451.75	454.00	456.25	459.50	463.75	469.25	475.75	484.75	491.75	497.75	505.00	513.00	522.50	535.00	547.00	558.50	570.00	579.75	588.75	596.50	605.25	611.25	617.25	620.50	621.50	620.75	619.50	617.50	617.00	618.00	622.75	628.50	632.00	634.50	635.75	634.00	628.75	626.00	624.50	627.00	630.25	636.00	640.75	644.25	649.50	655.25
1258.00	1253.50	1247.50	1242.00	1237.00	1231.50	1225.50	1219.00	1213.00	1207.00	1200.00	1193.75	1187.50	1180.75	1174.00	1167.00	1160.25	1153.00	1145.50	1138.75	1130.00	1124.00	1116.75	1108.75	1101.25	1093.00	1083.75	1077.25	1069.00	1061.50	1054.00	1044.00	1037.25	1029.00	1020.25	1013.00	1004.00	996.50	988.00	979.00	972.25	964.00	956.00	950.00	940.75	934.50	927.25	924.00	918.50	914.50	911.75	908.25	904.75	901.25	893.25	885.00	876.50	866.50	857.75	849.25	840.25	832.50	823.50	816.00	808.50	799.50	792.00	785.25	778.50	773.50	768.00	762.25	756.50	750.00	745.00	739.00	733.00	726.00	718.00	711.25	700.25	683.50	670.00	649.75	629.00	604.75	571.00	545.00	522.50	499.50	481.00	465.00	458.00	452.00	444.25	441.00	438.25	433.00	427.50	420.00	411.00	403.00	393.00	383.00	372.25	359.75	346.50	330.50	314.75	293.25	270.25	246.00	216.00	173.25	131.75	99.50	87.75	86.25	88.00	93.00	108.00	132.50	168.00	202.50	235.00	255.25	266.75	269.25	265.25	258.75	248.75	240.50	235.00	231.25	234.75	250.75	284.25	316.75	357.25	377.00	380.75	365.75	345.25	319.50	298.75	289.50	286.00	287.50	282.75	265.25	248.50	230.25	223.75	227.50	233.75	233.00	214.50	180.00	140.00	89.50	48.00	27.50	16.50	15.25	18.00	26.25	43.00	73.00	95.75	113.25	125.50	131.25	140.00	152.00	170.50	192.50	217.00	243.75	265.75	284.50	294.75	299.50	306.00	322.25	339.25	363.75	388.00	407.50	422.50	431.75	438.75	443.75	444.75	443.50	444.00	449.50	460.50	470.00	481.25	487.00	489.50	489.75	488.00	484.00	474.75	465.00	457.50	453.00	450.75	450.50	451.75	454.00	456.25	459.50	463.75	469.25	475.75	484.75	491.75	497.75	505.00	513.00	522.50	535.00	547.00	558.50	570.00	579.75	588.75	596.50	605.25	611.25	617.25	620.50	621.50	620.75	619.50	617.50	617.00	618.00	622.75	628.50	632.00	634.50	635.75	634.00	628.75	626.00	624.50	627.00	630.25	636.00	640.75	644.25	649.50	655.25
1260.75	1256.00	1250.50	1245.00	1239.75	1233.00	1227.25	1220.50	1214.25	1208.00	1200.50	1194.25	1188.00	1180.75	1174.00	1167.00	1160.25	1152.75	1145.50	1138.25	1130.00	1123.75	1116.75	1108.75	1101.25	1093.75	1084.75	1078.25	1070.00	1062.50	1055.00	1046.00	1039.25	1030.00	1021.25	1014.00	1004.00	996.50	988.00	978.00	971.25	962.50	953.75	946.75	937.00	930.50	923.25	920.00	914.50	910.75	908.00	905.50	902.75	898.25	891.00	883.00	875.50	866.50	858.00	850.50	842.25	834.50	825.75	819.00	811.50	803.00	796.00	788.75	781.75	776.75	771.75	765.75	759.25	752.50	747.00	740.25	733.75	726.00	717.75	709.75	699.50	684.00	670.75	649.75	629.50	608.50	582.50	557.50	537.50	516.50	498.75	481.00	471.50	463.25	453.00	447.00	440.00	432.75	426.50	419.00	409.00	400.75	390.00	380.00	369.00	356.00	343.00	326.75	310.75	289.50	267.75	243.50	208.00	169.00	130.50	100.75	90.75	93.00	98.75	103.50	116.50	139.50	175.00	209.50	242.00	261.75	272.75	275.75	271.75	266.00	256.50	245.00	235.75	226.75	225.00	237.00	267.75	295.75	329.75	344.50	344.75	330.00	313.50	295.00	280.25	274.00	273.50	279.00	281.00	275.00	264.25	246.75	234.25	226.00	210.75	190.25	162.75	127.00	91.50	55.25	31.75	23.75	24.75	30.25	37.75	47.75	62.00	84.50	103.00	119.00	132.75	143.25	157.75	174.25	196.00	220.00	244.00	267.75	284.50	298.00	306.50	315.25	328.25	351.75	372.00	395.75	415.00	428.50	438.25	445.75	451.50	455.75	457.25	458.75	463.00	470.00	480.75	488.50	495.00	495.75	493.25	489.00	483.50	479.00	472.50	469.50	466.75	466.00	466.75	468.25	470.50	472.25	474.25	475.00	476.00	478.25	481.75	487.50	492.25	495.50	499.25	504.00	511.75	522.00	533.50	545.50	557.75	567.25	576.25	584.25	592.50	597.00	601.75	604.50	605.25	606.25	607.50	609.75	614.50	620.00	629.50	638.50	644.75	646.75	646.50	644.25	641.25	639.25	638.00	639.50	642.75	647.00	652.25	658.00	664.50	669.50
1260.75	1256.00	1250.50	1245.00	1239.75	1233.00	1227.25	1220.50	1214.25	1208.00	1200.50	1194.25	1188.00	1180.75	1174.00	1167.00	1160.25	1152.75	1145.50	1138.25	1130.00	1123.75	1116.75	1108.75	1101.25	1093.75	1084.75	1078.25	1070.00	1062.50	1055.00	1046.00	1039.25	1030.00	1021.25	1014.00	1004.00	996.50	988.00	978.00	971.25	962.50	953.75	946.75	937.00	930.50	923.25	920.00	914.50	910.75	908.00	905.50	902.75	898.25	891.00	883.00	875.50	866.50	858.00	850.50	842.25	834.50	825.75	819.00	811.50	803.00	796.00	788.75	781.75	776.75	771.75	765.75	759.25	752.50	747.00	740.25	733.75	726.00	717.75	709.75	699.50	684.00	670.75	649.75	629.50	608.50	582.50	557.50	537.50	516.50	498.75	481.00	471.50	463.25	453.00	447.00	440.00	432.75	426.50	419.00	409.00	400.75	390.00	380.00	369.00	356.00	343.00	326.75	310.75	289.50	267.75	243.50	208.00	169.00	130.50	100.75	90.75	93.00	98.75	103.50	116.50	139.50	175.00	209.50	242.00	261.75	272.75	275.75	271.75	266.00	256.50	245.00	235.75	226.75	225.00	237.00	267.75	295.75	329.75	344.50	344.75	330.00	313.50	295.00	280.25	274.00	273.50	279.00	281.00	275.00	264.25	246.75	234.25	226.00	210.75	190.25	162.75	127.00	91.50	55.25	31.75	23.75	24.75	30.25	37.75	47.75	62.00	84.50	103.00	119.00	132.75	143.25	157.75	174.25	196.00	220.00	244.00	267.75	284.50	298.00	306.50	315.25	328.25	351.75	372.00	395.75	415.00	428.50	438.25	445.75	451.50	455.75	457.25	458.75	463.00	470.00	480.75	488.50	495.00	495.75	493.25	489.00	483.50	479.00	472.50	469.50	466.75	466.00	466.75	468.25	470.50	472.25	474.25	475.00	476.00	478.25	481.75	487.50	492.25	495.50	499.25	504.00	511.75	522.00	533.50	545.50	557.75	567.25	576.25	584.25	592.50	597.00	601.75	604.50	605.25	606.25	607.50	609.75	614.50	620.00	629.50	638.50	644.75	646.75	646.50	644.25	641.25	639.25	638.00	639.50	642.75	647.00	652.25	658.00	664.50	669.50
1263.19	1258.25	1252.19	1246.50	1241.06	1234.31	1228.56	1221.62	1215.38	1209.12	1201.62	1195.00	1188.75	1181.12	1174.75	1167.56	1160.81	1153.50	1145.88	1138.81	1130.75	1124.50	1117.50	1109.50	1102.00	1094.50	1085.50	1079.38	1071.50	1063.25	1056.50	1047.31	1040.00	1031.12	1022.38	1014.94	1004.75	996.50	988.19	977.81	970.50	961.75	952.62	945.44	935.69	929.00	921.75	918.50	913.38	909.81	907.25	904.19	900.88	896.75	889.12	880.94	873.25	864.25	856.50	849.00	840.75	833.19	825.19	818.25	810.75	801.88	794.69	787.81	780.81	775.25	770.25	764.25	757.75	751.00	744.94	737.62	730.38	723.00	713.81	705.25	695.19	679.69	667.38	649.00	630.62	611.31	590.00	568.38	550.62	530.94	514.69	496.75	485.38	475.62	463.50	455.62	445.81	437.62	430.44	421.81	411.06	401.69	390.00	379.25	367.88	353.94	340.56	324.31	307.75	286.31	264.00	240.12	206.50	170.50	134.25	104.69	94.50	97.50	103.81	106.88	114.25	133.50	166.56	199.56	230.19	249.75	262.81	268.81	270.25	267.31	260.25	247.25	233.50	219.62	214.31	221.81	249.00	274.00	303.69	315.25	313.62	300.00	286.69	272.12	260.38	253.94	252.31	257.62	260.75	254.94	242.31	219.94	199.56	183.62	158.81	133.81	108.56	81.25	58.88	39.31	31.00	32.94	41.44	50.12	58.00	66.69	77.00	93.50	109.00	124.25	140.62	154.69	171.81	190.00	212.88	236.88	258.81	279.38	292.94	305.50	316.06	330.62	349.06	375.75	394.88	413.94	428.50	437.88	445.94	453.25	459.19	464.19	466.81	469.44	474.25	480.69	489.00	494.50	497.62	496.50	492.31	486.56	480.69	476.94	473.62	474.00	475.00	477.25	479.69	482.50	486.06	489.31	491.31	491.50	490.44	490.06	491.31	494.06	496.56	497.38	498.31	501.00	506.31	515.81	526.38	537.62	548.94	558.06	566.88	575.25	583.69	588.94	594.44	598.12	600.38	602.12	604.88	608.81	616.19	623.19	634.00	643.75	649.44	652.38	651.75	649.50	646.50	645.06	644.94	647.38	651.38	656.00	661.25	668.31	674.44	679.25
1264.00	1259.00	1252.75	1247.00	1241.50	1234.75	1229.00	1222.00	1215.75	1209.50	1202.00	1195.25	1189.00	1181.25	1175.00	1167.75	1161.00	1153.75	1146.00	1139.00	1131.00	1124.75	1117.75	1109.75	1102.25	1094.75	1085.75	1079.75	1072.00	1063.50	1057.00	1047.75	1040.25	1031.50	1022.75	1015.25	1005.00	996.50	988.25	977.75	970.25	961.50	952.25	945.00	935.25	928.50	921.25	918.00	913.00	909.50	907.00	903.75	900.25	896.25	888.50	880.25	872.50	863.50	856.00	848.50	840.25	832.75	825.00	818.00	810.50	801.50	794.25	787.50	780.50	774.75	769.75	763.75	757.25	750.50	744.25	736.75	729.25	722.00	712.50	703.75	693.75	678.25	666.25	648.75	631.00	612.25	592.50	572.00	555.00	535.75	520.00	502.00	490.00	479.75	467.00	458.50	447.75	439.25	431.75	422.75	411.75	402.00	390.00	379.00	367.50	353.25	339.75	323.50	306.75	285.25	262.75	239.00	206.00	171.00	135.50	106.00	95.75	99.00	105.50	108.00	113.50	131.50	163.75	196.25	226.25	245.75	259.50	266.50	269.75	267.75	261.50	248.00	232.75	217.25	210.75	216.75	242.75	266.75	295.00	305.50	303.25	290.00	277.75	264.50	253.75	247.25	245.25	250.50	254.00	248.25	235.00	211.00	188.00	169.50	141.50	115.00	90.50	66.00	48.00	34.00	30.75	36.00	47.00	56.75	64.75	73.00	82.00	96.50	111.00	126.00	143.25	158.50	176.50	195.25	218.50	242.50	263.75	283.25	295.75	308.00	319.25	335.75	356.00	383.75	402.50	420.00	433.00	441.00	448.50	455.75	461.75	467.00	470.00	473.00	478.00	484.25	491.75	496.50	498.50	496.75	492.00	485.75	479.75	476.25	474.00	475.50	477.75	481.00	484.00	487.25	491.25	495.00	497.00	497.00	495.25	494.00	494.50	496.25	498.00	498.00	498.00	500.00	504.50	513.75	524.00	535.00	546.00	555.00	563.75	572.25	580.75	586.25	592.00	596.00	598.75	600.75	604.00	608.50	616.75	624.25	635.50	645.50	651.00	654.25	653.50	651.25	648.25	647.00	647.25	650.00	654.25	659.00	664.25	671.75	677.75	682.50
1265.00	1259.75	1253.62	1247.62	1242.00	1235.25	1229.50	1222.62	1216.38	1210.25	1202.75	1196.00	1189.50	1181.75	1175.50	1168.25	1161.50	1154.25	1146.75	1139.88	1131.62	1125.50	1118.25	1110.25	1103.00	1095.50	1086.25	1080.25	1072.50	1064.50	1057.50	1048.38	1040.88	1032.00	1023.25	1015.75	1005.50	997.00	988.50	978.00	970.38	961.50	952.00	945.00	935.62	928.50	921.25	918.00	913.00	909.88	907.12	903.62	899.62	895.25	887.38	879.00	871.00	861.75	854.50	847.00	838.75	831.25	823.50	816.50	809.00	799.75	792.25	785.50	778.25	772.62	767.25	761.25	754.75	748.00	741.62	733.62	726.00	718.50	709.25	700.25	689.75	674.75	663.25	647.25	630.75	613.12	595.50	577.38	561.50	543.50	528.38	511.00	498.25	487.25	473.62	464.50	452.88	443.62	435.12	425.38	414.00	403.62	391.00	379.75	367.62	353.00	338.88	322.12	305.12	282.88	259.50	236.50	203.50	169.38	135.25	107.12	97.00	99.50	105.62	107.75	111.75	126.88	155.12	183.88	211.62	230.88	246.25	256.00	263.50	263.62	258.00	243.75	226.25	208.00	198.62	201.50	222.62	243.62	268.12	276.50	273.25	260.62	249.88	237.75	227.12	220.12	216.75	220.00	221.62	214.12	199.50	174.12	150.12	131.62	107.25	85.75	67.00	51.00	41.75	37.62	41.50	49.62	61.88	70.88	77.12	83.00	89.75	102.25	115.50	131.25	149.88	167.00	186.50	205.62	228.50	251.25	270.88	289.38	300.75	313.25	327.00	346.88	369.25	396.75	413.62	428.12	438.00	445.00	451.88	458.75	465.50	471.75	475.00	478.38	482.75	487.75	493.38	496.50	497.12	494.88	490.25	484.00	479.12	476.88	477.12	480.25	484.75	490.00	493.75	498.38	503.12	507.38	509.38	508.75	506.25	503.88	502.88	502.50	502.12	500.88	499.62	500.50	503.88	511.75	521.50	531.75	542.12	550.75	559.25	567.38	576.75	583.25	590.62	596.00	600.00	602.88	606.12	610.62	619.00	626.50	637.38	647.00	651.88	654.88	654.75	652.75	650.12	649.50	650.50	654.25	659.12	664.38	670.00	677.00	683.12	687.38
1266.00	1260.50	1254.50	1248.25	1242.50	1235.75	1230.00	1223.25	1217.00	1211.00	1203.50	1196.75	1190.00	1182.25	1176.00	1168.75	1162.00	1154.75	1147.50	1140.75	1132.25	1126.25	1118.75	1110.75	1103.75	1096.25	1086.75	1080.75	1073.00	1065.50	1058.00	1049.00	1041.50	1032.50	1023.75	1016.25	1006.00	997.50	988.75	978.25	970.50	961.50	951.75	945.00	936.00	928.50	921.25	918.00	913.00	910.25	907.25	903.50	899.00	894.25	886.25	877.75	869.50	860.00	853.00	845.50	837.25	829.75	822.00	815.00	807.50	798.00	790.25	783.50	776.00	770.50	764.75	758.75	752.25	745.50	739.00	730.50	722.75	715.00	706.00	696.75	685.75	671.25	660.25	645.75	630.50	614.00	598.50	582.75	568.00	551.25	536.75	520.00	506.50	494.75	480.25	470.50	458.00	448.00	438.50	428.00	416.25	405.25	392.00	380.50	367.75	352.75	338.00	320.75	303.50	280.50	256.25	234.00	201.00	167.75	135.00	108.25	98.25	100.00	105.75	107.50	110.00	122.25	146.50	171.50	197.00	216.00	233.00	245.50	257.25	259.50	254.50	239.50	219.75	198.75	186.50	186.25	202.50	220.50	241.25	247.50	243.25	231.25	222.00	211.00	200.50	193.00	188.25	189.50	189.25	180.00	164.00	137.25	112.25	93.75	73.00	56.50	43.50	36.00	35.50	41.25	52.25	63.25	76.75	85.00	89.50	93.00	97.50	108.00	120.00	136.50	156.50	175.50	196.50	216.00	238.50	260.00	278.00	295.50	305.75	318.50	334.75	358.00	382.50	409.75	424.75	436.25	443.00	449.00	455.25	461.75	469.25	476.50	480.00	483.75	487.50	491.25	495.00	496.50	495.75	493.00	488.50	482.25	478.50	477.50	480.25	485.00	491.75	499.00	503.50	509.50	515.00	519.75	521.75	520.50	517.25	513.75	511.25	508.75	506.25	503.75	501.25	501.00	503.25	509.75	519.00	528.50	538.25	546.50	554.75	562.50	572.75	580.25	589.25	596.00	601.25	605.00	608.25	612.75	621.25	628.75	639.25	648.50	652.75	655.50	656.00	654.25	652.00	652.00	653.75	658.50	664.00	669.75	675.75	682.25	688.50	692.25
1266.00	1260.62	1254.50	1248.38	1242.56	1235.94	1230.12	1223.44	1217.25	1211.12	1203.62	1197.00	1190.25	1182.50	1176.31	1169.06	1162.31	1155.06	1147.75	1141.06	1132.62	1126.62	1119.06	1111.12	1104.12	1096.56	1087.00	1081.00	1073.25	1065.50	1058.00	1049.00	1041.69	1032.75	1023.94	1016.44	1006.19	997.75	989.00	978.50	970.94	961.75	952.06	945.44	936.25	928.75	921.75	918.25	913.25	910.38	907.38	903.38	898.62	893.62	885.50	877.00	868.75	859.12	852.00	844.44	836.00	828.75	820.88	813.75	806.25	796.75	788.94	782.00	774.31	768.69	762.94	756.81	750.25	743.50	736.94	728.44	720.62	712.75	703.81	694.56	683.75	669.50	658.69	644.50	629.75	614.06	599.06	584.25	569.88	553.94	539.81	523.25	510.00	497.88	483.44	473.50	460.62	450.25	440.44	429.56	417.56	406.69	393.00	381.25	368.38	353.00	337.94	320.38	302.75	278.88	254.00	231.38	197.62	164.19	132.38	106.94	97.56	99.31	104.75	106.81	109.75	120.75	142.50	165.31	189.25	207.81	225.06	238.44	251.06	254.00	248.88	233.50	213.31	191.62	178.25	176.06	189.50	205.12	223.06	227.88	223.25	211.44	202.44	191.88	181.75	174.31	169.19	169.50	168.19	158.50	143.56	119.19	97.00	81.31	65.25	52.88	43.25	38.75	41.00	49.06	60.88	71.12	83.06	89.75	93.12	95.94	100.25	110.75	123.06	140.06	160.62	180.19	201.62	221.31	243.38	263.88	281.19	298.00	308.44	321.94	339.12	363.12	387.69	414.06	428.00	438.62	444.75	450.25	456.50	463.12	470.75	478.12	481.94	485.50	488.88	491.69	494.50	495.62	494.50	491.81	487.69	481.94	478.94	478.50	482.44	488.12	496.12	504.25	509.31	515.94	521.62	526.19	527.75	526.25	522.75	518.56	515.56	512.00	508.56	505.44	502.25	501.62	503.50	509.81	518.75	528.19	537.69	545.75	553.81	561.50	572.12	580.25	589.94	597.62	603.38	607.38	610.50	614.56	622.62	629.81	639.75	648.38	652.31	655.06	655.75	654.44	652.81	653.06	655.12	660.00	665.94	671.81	677.88	684.19	690.12	693.62
1266.00	1261.00	1254.50	1248.75	1242.75	1236.50	1230.50	1224.00	1218.00	1211.50	1204.00	1197.75	1191.00	1183.25	1177.25	1170.00	1163.25	1156.00	1148.50	1142.00	1133.75	1127.75	1120.00	1112.25	1105.25	1097.50	1087.75	1081.75	1074.00	1065.50	1058.00	1049.00	1042.25	1033.50	1024.50	1017.00	1006.75	998.50	989.75	979.25	972.25	962.50	953.00	946.75	937.00	929.50	923.25	919.00	914.00	910.75	907.75	903.00	897.50	891.75	883.25	874.75	866.50	856.50	849.00	841.25	832.25	825.75	817.50	810.00	802.50	793.00	785.00	777.50	769.25	763.25	757.50	751.00	744.25	737.50	730.75	722.25	714.25	706.00	697.25	688.00	677.75	664.25	654.00	640.75	627.50	614.25	600.75	588.75	575.50	562.00	549.00	533.00	520.50	507.25	493.00	482.50	468.50	457.00	446.25	434.25	421.50	411.00	396.00	383.50	370.25	353.75	337.75	319.25	300.50	274.00	247.25	223.50	187.50	153.50	124.50	103.00	95.50	97.25	101.75	104.75	109.00	116.25	130.50	146.75	166.00	183.25	201.25	217.25	232.50	237.50	232.00	215.50	194.00	170.25	153.50	145.50	150.50	159.00	168.50	169.00	163.25	152.00	143.75	134.50	125.50	118.25	112.00	109.50	105.00	94.00	82.25	65.00	51.25	44.00	42.00	42.00	42.50	47.00	57.50	72.50	86.75	94.75	102.00	104.00	104.00	104.75	108.50	119.00	132.25	150.75	173.00	194.25	217.00	237.25	258.00	275.50	290.75	305.50	316.50	332.25	352.25	378.50	403.25	427.00	437.75	445.75	450.00	454.00	460.25	467.25	475.25	483.00	487.75	490.75	493.00	493.00	493.00	493.00	490.75	488.25	485.25	481.00	480.25	481.50	489.00	497.50	509.25	520.00	526.75	535.25	541.50	545.50	545.75	543.50	539.25	533.00	528.50	521.75	515.50	510.50	505.25	503.50	504.25	510.00	518.00	527.25	536.00	543.50	551.00	558.50	570.25	580.25	592.00	602.50	609.75	614.50	617.25	620.00	626.75	633.00	641.25	648.00	651.00	653.75	655.00	655.00	655.25	656.25	659.25	664.50	671.75	678.00	684.25	690.00	695.00	697.75
1266.00	1261.00	1254.56	1248.75	1242.75	1236.50	1230.62	1224.12	1218.06	1211.75	1204.12	1197.88	1191.31	1183.62	1177.50	1170.31	1163.62	1156.31	1149.00	1142.44	1134.12	1128.12	1120.44	1112.62	1105.38	1097.56	1088.00	1081.81	1073.75	1065.50	1058.00	1049.00	1042.25	1033.38	1024.50	1017.00	1006.88	998.75	990.06	979.50	972.50	962.88	953.44	947.06	937.50	930.00	923.75	919.44	914.38	910.81	907.56	902.75	896.94	890.69	882.00	873.50	865.12	855.00	847.44	839.62	830.69	824.00	815.75	808.19	800.50	790.75	782.69	775.00	766.56	760.25	754.25	747.75	740.88	734.00	727.31	718.81	710.88	702.75	694.00	684.88	674.94	661.94	652.00	639.06	626.62	614.00	601.06	589.81	577.12	564.00	551.75	536.19	523.75	510.94	496.56	486.06	471.81	460.12	449.25	436.94	423.81	413.00	397.81	385.12	371.50	354.75	338.44	319.25	299.25	271.38	243.25	218.62	181.75	148.50	121.00	101.31	94.94	97.06	101.56	104.50	108.38	114.81	127.75	142.44	160.06	176.50	193.88	209.38	223.88	228.50	222.69	205.88	184.50	160.69	143.62	134.75	136.88	143.00	149.56	148.75	142.62	131.75	124.19	115.88	107.62	101.25	95.31	93.12	89.19	79.81	70.50	57.94	49.06	45.44	47.00	49.00	50.81	56.44	67.12	81.12	93.75	99.94	105.06	105.81	105.31	106.12	110.75	122.50	136.25	155.06	177.25	198.62	221.94	242.62	263.06	279.62	293.88	308.31	319.81	336.06	356.38	382.56	406.50	429.25	439.25	446.81	451.00	455.25	461.56	468.62	476.50	484.38	489.00	491.94	493.62	493.25	492.69	492.38	490.25	487.81	485.12	481.50	481.19	483.06	491.56	500.75	513.69	525.25	532.69	541.88	548.12	551.50	551.25	548.62	543.75	536.81	531.38	523.31	516.19	510.50	504.94	503.12	504.12	510.00	518.00	527.38	536.19	543.75	551.44	559.25	571.31	581.44	593.69	604.50	611.88	616.75	619.50	622.19	628.31	634.00	641.56	647.62	650.50	653.12	654.81	655.06	655.81	657.19	660.56	666.00	673.25	679.50	685.75	691.19	695.81	698.44
1266.00	1261.00	1254.75	1248.75	1242.75	1236.50	1231.00	1224.50	1218.25	1212.50	1204.50	1198.25	1192.25	1184.75	1178.25	1171.25	1164.75	1157.25	1150.50	1143.75	1135.25	1129.25	1121.75	1113.75	1105.75	1097.75	1088.75	1082.00	1073.00	1065.50	1058.00	1049.00	1042.25	1033.00	1024.50	1017.00	1007.25	999.50	991.00	980.25	973.25	964.00	954.75	948.00	939.00	931.50	925.25	920.75	915.50	911.00	907.00	902.00	895.25	887.50	878.25	869.75	861.00	850.50	842.75	834.75	826.00	818.75	810.50	802.75	794.50	784.00	775.75	767.50	758.50	751.25	744.50	738.00	730.75	723.50	717.00	708.50	700.75	693.00	684.25	675.50	666.50	655.00	646.00	634.00	624.00	613.25	602.00	593.00	582.00	570.00	560.00	545.75	533.50	522.00	507.25	496.75	481.75	469.50	458.25	445.00	430.75	419.00	403.25	390.00	375.25	357.75	340.50	319.25	295.50	263.50	231.25	204.00	164.50	133.50	110.50	96.25	93.25	96.50	101.00	103.75	106.50	110.50	119.50	129.50	142.25	156.25	171.75	185.75	198.00	201.50	194.75	177.00	156.00	132.00	114.00	102.50	96.00	95.00	92.75	88.00	80.75	71.00	65.50	60.00	54.00	50.25	45.25	44.00	41.75	37.25	35.25	36.75	42.50	49.75	62.00	70.00	75.75	84.75	96.00	107.00	114.75	115.50	114.25	111.25	109.25	110.25	117.50	133.00	148.25	168.00	190.00	211.75	236.75	258.75	278.25	292.00	303.25	316.75	329.75	347.50	368.75	394.75	416.25	436.00	443.75	450.00	454.00	459.00	465.50	472.75	480.25	488.50	492.75	495.50	495.50	494.00	491.75	490.50	488.75	486.50	484.75	483.00	484.00	487.75	499.25	510.50	527.00	541.00	550.50	561.75	568.00	569.50	567.75	564.00	557.25	548.25	540.00	528.00	518.25	510.50	504.00	502.00	503.75	510.00	518.00	527.75	536.75	544.50	552.75	561.50	574.50	585.00	598.75	610.50	618.25	623.50	626.25	628.75	633.00	637.00	642.50	646.50	649.00	651.25	654.25	655.25	657.50	660.00	664.50	670.50	677.75	684.00	690.25	694.75	698.25	700.50
1266.00	1261.00	1254.75	1248.75	1242.75	1236.50	1231.00	1224.50	1218.25	1212.50	1204.50	1198.25	1192.25	1184.75	1178.25	1171.25	1164.75	1157.25	1150.50	1143.75	1135.25	1129.25	1121.75	1113.75	1105.75	1097.75	1088.75	1082.00	1073.00	1065.50	1058.00	1049.00	1042.25	1033.00	1024.50	1017.00	1007.25	999.50	991.00	980.25	973.25	964.00	954.75	948.00	939.00	931.50	925.25	920.75	915.50	911.00	907.00	902.00	895.25	887.50	878.25	869.75	861.00	850.50	842.75	834.75	826.00	818.75	810.50	802.75	794.50	784.00	775.75	767.50	758.50	751.25	744.50	738.00	730.75	723.50	717.00	708.50	700.75	693.00	684.25	675.50	666.50	655.00	646.00	634.00	624.00	613.25	602.00	593.00	582.00	570.00	560.00	545.75	533.50	522.00	507.25	496.75	481.75	469.50	458.25	445.00	430.75	419.00	403.25	390.00	375.25	357.75	340.50	319.25	295.50	263.50	231.25	204.00	164.50	133.50	110.50	96.25	93.25	96.50	101.00	103.75	106.50	110.50	119.50	129.50	142.25	156.25	171.75	185.75	198.00	201.50	194.75	177.00	156.00	132.00	114.00	102.50	96.00	95.00	92.75	88.00	80.75	71.00	65.50	60.00	54.00	50.25	45.25	44.00	41.75	37.25	35.25	36.75	42.50	49.75	62.00	70.00	75.75	84.75	96.00	107.00	114.75	115.50	114.25	111.25	109.25	110.25	117.50	133.00	148.25	168.00	190.00	211.75	236.75	258.75	278.25	292.00	303.25	316.75	329.75	347.50	368.75	394.75	416.25	436.00	443.75	450.00	454.00	459.00	465.50	472.75	480.25	488.50	492.75	495.50	495.50	494.00	491.75	490.50	488.75	486.50	484.75	483.00	484.00	487.75	499.25	510.50	527.00	541.00	550.50	561.75	568.00	569.50	567.75	564.00	557.25	548.25	540.00	528.00	518.25	510.50	504.00	502.00	503.75	510.00	518.00	527.75	536.75	544.50	552.75	561.50	574.50	585.00	598.75	610.50	618.25	623.50	626.25	628.75	633.00	637.00	642.50	646.50	649.00	651.25	654.25	655.25	657.50	660.00	664.50	670.50	677.75	684.00	690.25	694.75	698.25	700.50
1266.00	1261.00	1254.75	1248.75	1242.75	1235.94	1230.44	1223.75	1218.06	1212.12	1204.50	1197.88	1191.50	1184.00	1178.25	1171.06	1164.38	1157.25	1150.50	1143.94	1135.62	1129.25	1121.75	1113.00	1104.81	1096.62	1087.06	1079.75	1070.75	1063.25	1055.75	1046.00	1039.25	1030.38	1021.69	1014.75	1005.56	998.00	989.69	979.50	972.50	963.62	954.75	948.19	939.75	932.62	926.75	920.94	914.75	910.06	904.94	898.81	890.94	882.44	873.75	865.44	856.50	844.88	836.38	828.38	819.44	812.00	803.75	795.44	783.62	771.62	762.25	753.06	744.81	737.75	730.25	723.00	715.75	708.50	702.00	694.06	686.69	679.69	671.88	664.06	656.19	646.94	639.25	628.19	620.25	612.88	602.19	595.44	585.38	574.88	566.56	554.00	542.88	531.56	517.56	507.06	492.25	480.19	468.38	454.75	440.50	428.19	412.25	398.25	381.81	363.75	343.50	316.62	288.38	252.25	216.25	185.25	151.00	129.00	114.06	106.00	103.75	102.88	103.25	103.38	105.00	108.06	113.88	120.31	129.31	139.38	151.31	162.31	169.69	169.81	160.44	142.50	122.81	100.50	84.00	72.69	64.88	61.25	56.38	52.00	47.19	40.44	36.62	32.25	27.94	28.12	28.56	31.25	32.94	37.62	45.38	59.25	75.69	88.00	100.62	106.94	109.88	112.69	115.88	118.62	118.50	116.06	112.00	109.94	110.56	116.81	128.38	146.50	163.06	181.12	200.88	221.31	247.62	271.50	291.56	304.38	313.75	326.69	340.81	359.12	379.25	402.44	420.94	437.31	444.50	451.12	456.62	463.31	469.81	477.06	483.81	490.56	494.25	496.62	497.00	494.75	492.50	491.06	489.31	488.00	487.19	486.94	489.44	494.69	507.31	520.25	537.69	554.50	566.06	577.88	582.62	583.00	579.94	574.12	564.19	551.81	540.38	524.44	512.06	501.69	494.25	492.25	494.75	501.75	510.50	521.19	532.44	542.25	553.88	564.69	578.44	589.50	602.88	613.88	621.62	627.06	630.38	633.44	637.31	640.19	644.38	647.62	649.56	651.62	653.69	654.88	657.88	660.94	666.19	672.75	679.81	685.69	691.75	694.75	696.94	698.25
1266.00	1261.00	1254.75	1248.75	1242.75	1235.75	1230.25	1223.50	1218.00	1212.00	1204.50	1197.75	1191.25	1183.75	1178.25	1171.00	1164.25	1157.25	1150.50	1144.00	1135.75	1129.25	1121.75	1112.75	1104.50	1096.25	1086.50	1079.00	1070.00	1062.50	1055.00	1045.00	1038.25	1029.50	1020.75	1014.00	1005.00	997.50	989.25	979.25	972.25	963.50	954.75	948.25	940.00	933.00	927.25	921.00	914.50	909.75	904.25	897.75	889.50	880.75	872.25	864.00	855.00	843.00	834.25	826.25	817.25	809.75	801.50	793.00	780.00	767.50	757.75	748.25	740.25	733.25	725.50	718.00	710.75	703.50	697.00	689.25	682.00	675.25	667.75	660.25	652.75	644.25	637.00	626.25	619.00	612.75	602.25	596.25	586.50	576.50	568.75	556.75	546.00	534.75	521.00	510.50	495.75	483.75	471.75	458.00	443.75	431.25	415.25	401.00	384.00	365.75	344.50	315.75	286.00	248.50	211.25	179.00	146.50	127.50	115.25	109.25	107.25	105.00	104.00	103.25	104.50	107.25	112.00	117.25	125.00	133.75	144.50	154.50	160.25	159.25	149.00	131.00	111.75	90.00	74.00	62.75	54.50	50.00	44.25	40.00	36.00	30.25	27.00	23.00	19.25	20.75	23.00	27.00	30.00	37.75	48.75	66.75	86.75	100.75	113.50	119.25	121.25	122.00	122.50	122.50	119.75	116.25	111.25	109.50	111.00	119.00	132.00	151.00	168.00	185.50	204.50	224.50	251.25	275.75	296.00	308.50	317.25	330.00	344.50	363.00	382.75	405.00	422.50	437.75	444.75	451.50	457.50	464.75	471.25	478.50	485.00	491.25	494.75	497.00	497.50	495.00	492.75	491.25	489.50	488.50	488.00	488.25	491.25	497.00	510.00	523.50	541.25	559.00	571.25	583.25	587.50	587.50	584.00	577.50	566.50	553.00	540.50	523.25	510.00	498.75	491.00	489.00	491.75	499.00	508.00	519.00	531.00	541.50	554.25	565.75	579.75	591.00	604.25	615.00	622.75	628.25	631.75	635.00	638.75	641.25	645.00	648.00	649.75	651.75	653.50	654.75	658.00	661.25	666.75	673.50	680.50	686.25	692.25	694.75	696.50	697.50
1266.00	1261.00	1255.12	1248.88	1242.88	1235.75	1230.25	1223.38	1217.50	1211.75	1204.00	1197.00	1190.62	1183.25	1177.38	1170.50	1164.00	1157.12	1150.50	1143.88	1135.50	1129.25	1121.38	1112.50	1104.12	1095.75	1085.62	1078.12	1069.00	1061.00	1053.50	1043.62	1036.75	1028.25	1019.75	1013.00	1004.00	996.25	988.12	978.62	971.75	963.00	953.75	947.12	938.62	932.00	926.12	920.00	913.75	909.25	904.50	898.50	890.00	881.12	872.25	863.88	854.00	841.50	832.12	823.50	814.50	806.38	795.88	784.88	772.25	759.75	749.75	740.38	732.62	725.62	718.38	711.00	703.50	696.50	690.38	683.12	676.12	669.25	662.00	655.12	648.38	641.00	634.12	624.12	617.75	612.12	601.88	597.00	587.25	577.38	570.25	558.75	548.25	537.75	523.88	513.50	499.12	487.00	474.75	460.88	446.50	434.50	418.12	403.75	385.62	366.75	345.25	314.38	280.12	239.38	203.25	174.25	147.75	132.75	121.75	114.62	110.62	106.12	103.50	101.62	102.50	104.50	107.88	112.00	118.00	125.00	133.75	141.25	144.75	142.38	131.00	113.50	95.38	75.75	61.50	51.88	44.25	40.50	35.88	32.75	30.12	26.62	25.62	25.75	26.88	31.88	39.38	46.50	52.12	62.00	73.62	91.88	111.12	123.88	132.62	135.12	133.25	129.50	125.75	121.88	116.88	113.12	110.12	110.50	115.50	126.50	140.75	160.75	177.00	192.62	209.88	228.88	255.50	280.25	301.25	314.75	324.88	338.38	352.12	369.50	387.38	406.88	422.50	436.38	443.75	450.38	457.50	465.38	471.88	479.00	485.25	490.75	493.38	495.75	496.25	494.12	492.50	491.62	491.25	491.00	491.25	492.62	495.50	501.25	515.00	528.00	545.88	563.12	575.00	586.75	590.75	590.00	585.50	578.25	566.25	551.50	537.62	517.38	502.12	489.62	480.50	477.75	479.50	486.38	495.50	507.88	522.12	535.62	551.50	565.12	580.38	591.62	604.12	615.00	623.12	629.12	632.88	636.50	640.25	642.50	645.38	647.75	649.25	650.88	652.62	654.25	657.62	660.75	666.12	673.25	680.25	685.75	691.12	693.38	694.50	695.25
1266.00	1261.00	1255.50	1249.00	1243.00	1235.75	1230.25	1223.25	1217.00	1211.50	1203.50	1196.25	1190.00	1182.75	1176.50	1170.00	1163.75	1157.00	1150.50	1143.75	1135.25	1129.25	1121.00	1112.25	1103.75	1095.25	1084.75	1077.25	1068.00	1059.50	1052.00	1042.25	1035.25	1027.00	1018.75	1012.00	1003.00	995.00	987.00	978.00	971.25	962.50	952.75	946.00	937.25	931.00	925.00	919.00	913.00	908.75	904.75	899.25	890.50	881.50	872.25	863.75	853.00	840.00	830.00	820.75	811.75	803.00	790.25	776.75	764.50	752.00	741.75	732.50	725.00	718.00	711.25	704.00	696.25	689.50	683.75	677.00	670.25	663.25	656.25	650.00	644.00	637.75	631.25	622.00	616.50	611.50	601.50	597.75	588.00	578.25	571.75	560.75	550.50	540.75	526.75	516.50	502.50	490.25	477.75	463.75	449.25	437.75	421.00	406.50	387.25	367.75	346.00	313.00	274.25	230.25	195.25	169.50	149.00	138.00	128.25	120.00	114.00	107.25	103.00	100.00	100.50	101.75	103.75	106.75	111.00	116.25	123.00	128.00	129.25	125.50	113.00	96.00	79.00	61.50	49.00	41.00	34.00	31.00	27.50	25.50	24.25	23.00	24.25	28.50	34.50	43.00	55.75	66.00	74.25	86.25	98.50	117.00	135.50	147.00	151.75	151.00	145.25	137.00	129.00	121.25	114.00	110.00	109.00	111.50	120.00	134.00	149.50	170.50	186.00	199.75	215.25	233.25	259.75	284.75	306.50	321.00	332.50	346.75	359.75	376.00	392.00	408.75	422.50	435.00	442.75	449.25	457.50	466.00	472.50	479.50	485.50	490.25	492.00	494.50	495.00	493.25	492.25	492.00	493.00	493.50	494.50	497.00	499.75	505.50	520.00	532.50	550.50	567.25	578.75	590.25	594.00	592.50	587.00	579.00	566.00	550.00	534.75	511.50	494.25	480.50	470.00	466.50	467.25	473.75	483.00	496.75	513.25	529.75	548.75	564.50	581.00	592.25	604.00	615.00	623.50	630.00	634.00	638.00	641.75	643.75	645.75	647.50	648.75	650.00	651.75	653.75	657.25	660.25	665.50	673.00	680.00	685.25	690.00	692.00	692.50	693.00
1266.00	1261.00	1255.50	1249.19	1243.06	1235.75	1230.06	1223.31	1217.19	1211.50	1203.50	1196.50	1190.44	1183.25	1177.12	1170.62	1164.31	1157.50	1151.00	1144.31	1135.69	1129.31	1121.00	1112.31	1103.75	1095.25	1084.69	1077.19	1068.00	1059.50	1051.94	1042.12	1035.00	1026.75	1018.50	1011.75	1002.94	994.88	986.75	977.75	971.00	962.25	952.69	945.75	936.94	930.75	924.69	918.75	912.75	908.50	904.75	899.25	890.56	881.62	872.12	863.75	852.88	839.62	829.31	819.88	810.69	801.44	787.69	773.88	761.75	749.25	738.81	729.69	722.19	715.25	708.62	701.50	693.75	687.12	681.56	675.00	668.38	661.25	654.31	648.38	642.56	636.44	630.19	621.06	615.75	611.00	601.19	597.50	587.75	578.12	571.62	560.75	550.50	540.81	526.88	516.69	502.75	490.50	478.00	463.88	449.50	438.00	421.25	406.50	387.06	367.62	345.12	310.62	270.88	227.12	193.75	170.00	151.50	141.00	131.12	122.19	115.31	108.00	103.06	99.62	99.62	100.12	101.81	104.25	107.81	112.44	118.31	122.75	123.44	119.50	107.12	90.50	74.06	57.50	45.81	38.38	32.06	29.31	26.38	24.88	24.25	24.69	27.75	34.88	44.56	55.25	70.25	81.38	90.19	101.88	113.12	129.88	145.88	155.19	157.31	154.44	147.31	137.56	128.62	120.12	112.88	109.56	109.44	113.31	122.94	138.06	154.25	175.12	190.25	203.50	218.62	236.56	262.50	287.12	309.31	325.00	337.19	351.44	364.00	379.00	393.69	409.06	421.88	433.88	441.50	448.25	456.75	465.25	471.81	478.62	484.38	488.75	490.31	492.75	493.50	492.50	491.94	492.06	493.56	494.56	496.06	499.06	502.19	507.94	522.25	534.62	552.00	568.19	579.06	589.69	592.94	591.19	585.69	577.50	564.00	547.31	531.25	506.94	489.06	474.69	463.56	459.38	460.00	466.50	476.25	490.94	508.75	526.69	547.00	563.44	580.56	591.94	603.62	614.38	622.62	629.25	633.19	637.06	640.75	642.62	644.62	646.50	647.81	649.25	651.12	653.31	657.00	660.12	665.25	672.62	679.50	684.69	689.25	691.25	691.62	691.88
1266.00	1261.00	1255.50	1249.75	1243.25	1235.75	1229.50	1223.50	1217.75	1211.50	1203.50	1197.25	1191.75	1184.75	1179.00	1172.50	1166.00	1159.00	1152.50	1146.00	1137.00	1129.50	1121.00	1112.50	1103.75	1095.25	1084.50	1077.00	1068.00	1059.50	1051.75	1041.75	1034.25	1026.00	1017.75	1011.00	1002.75	994.50	986.00	977.00	970.25	961.50	952.50	945.00	936.00	930.00	923.75	918.00	912.00	907.75	904.75	899.25	890.75	882.00	871.75	863.75	852.50	838.50	827.25	817.25	807.50	796.75	780.00	765.25	753.50	741.00	730.00	721.25	713.75	707.00	700.75	694.00	686.25	680.00	675.00	669.00	662.75	655.25	648.50	643.50	638.25	632.50	627.00	618.25	613.50	609.50	600.25	596.75	587.00	577.75	571.25	560.75	550.50	541.00	527.25	517.25	503.50	491.25	478.75	464.25	450.25	438.75	422.00	406.50	386.50	367.25	342.50	303.50	260.75	217.75	189.25	171.50	159.00	150.00	139.75	128.75	119.25	110.25	103.25	98.50	97.00	95.25	96.00	96.75	98.25	101.00	104.25	107.00	106.00	101.50	89.50	74.00	59.25	45.50	36.25	30.50	26.25	24.25	23.00	23.00	24.25	29.75	38.25	54.00	74.75	92.00	113.75	127.50	138.00	148.75	157.00	168.50	177.00	179.75	174.00	164.75	153.50	139.25	127.50	116.75	109.50	108.25	110.75	118.75	131.75	150.25	168.50	189.00	203.00	214.75	228.75	246.50	270.75	294.25	317.75	337.00	351.25	365.50	376.75	388.00	398.75	410.00	420.00	430.50	437.75	445.25	454.50	463.00	469.75	476.00	481.00	484.25	485.25	487.50	489.00	490.25	491.00	492.25	495.25	497.75	500.75	505.25	509.50	515.25	529.00	541.00	556.50	571.00	580.00	588.00	589.75	587.25	581.75	573.00	558.00	539.25	520.75	493.25	473.50	457.25	444.25	438.00	438.25	444.75	456.00	473.50	495.25	517.50	541.75	560.25	579.25	591.00	602.50	612.50	620.00	627.00	630.75	634.25	637.75	639.25	641.25	643.50	645.00	647.00	649.25	652.00	656.25	659.75	664.50	671.50	678.00	683.00	687.00	689.00	689.00	688.50
1266.00	1261.00	1255.50	1249.75	1243.25	1235.75	1229.50	1223.50	1217.75	1211.50	1203.50	1197.25	1191.75	1184.75	1179.00	1172.50	1166.00	1159.00	1152.50	1146.00	1137.00	1129.50	1121.00	1112.50	1103.75	1095.25	1084.50	1077.00	1068.00	1059.50	1051.75	1041.75	1034.25	1026.00	1017.75	1011.00	1002.75	994.50	986.00	977.00	970.25	961.50	952.50	945.00	936.00	930.00	923.75	918.00	912.00	907.75	904.75	899.25	890.75	882.00	871.75	863.75	852.50	838.50	827.25	817.25	807.50	796.75	780.00	765.25	753.50	741.00	730.00	721.25	713.75	707.00	700.75	694.00	686.25	680.00	675.00	669.00	662.75	655.25	648.50	643.50	638.25	632.50	627.00	618.25	613.50	609.50	600.25	596.75	587.00	577.75	571.25	560.75	550.50	541.00	527.25	517.25	503.50	491.25	478.75	464.25	450.25	438.75	422.00	406.50	386.50	367.25	342.50	303.50	260.75	217.75	189.25	171.50	159.00	150.00	139.75	128.75	119.25	110.25	103.25	98.50	97.00	95.25	96.00	96.75	98.25	101.00	104.25	107.00	106.00	101.50	89.50	74.00	59.25	45.50	36.25	30.50	26.25	24.25	23.00	23.00	24.25	29.75	38.25	54.00	74.75	92.00	113.75	127.50	138.00	148.75	157.00	168.50	177.00	179.75	174.00	164.75	153.50	139.25	127.50	116.75	109.50	108.25	110.75	118.75	131.75	150.25	168.50	189.00	203.00	214.75	228.75	246.50	270.75	294.25	317.75	337.00	351.25	365.50	376.75	388.00	398.75	410.00	420.00	430.50	437.75	445.25	454.50	463.00	469.75	476.00	481.00	484.25	485.25	487.50	489.00	490.25	491.00	492.25	495.25	497.75	500.75	505.25	509.50	515.25	529.00	541.00	556.50	571.00	580.00	588.00	589.75	587.25	581.75	573.00	558.00	539.25	520.75	493.25	473.50	457.25	444.25	438.00	438.25	444.75	456.00	473.50	495.25	517.50	541.75	560.25	579.25	591.00	602.50	612.50	620.00	627.00	630.75	634.25	637.75	639.25	641.25	643.50	645.00	647.00	649.25	652.00	656.25	659.75	664.50	671.50	678.00	683.00	687.00	689.00	689.00	688.50
1266.75	1261.00	1255.50	1249.75	1243.00	1235.75	1230.50	1225.00	1219.25	1214.00	1208.00	1202.00	1197.00	1190.75	1185.50	1179.50	1173.00	1165.25	1158.00	1151.00	1141.75	1133.00	1122.25	1112.75	1104.50	1095.50	1085.50	1078.00	1068.75	1059.50	1052.00	1042.25	1035.25	1027.00	1018.75	1012.00	1002.75	994.50	986.00	976.00	969.25	959.50	950.50	943.00	934.25	928.50	922.25	917.00	911.50	906.75	903.75	898.75	890.75	882.00	871.00	862.75	852.50	838.50	825.25	813.25	802.00	790.00	770.75	757.00	744.50	731.50	721.00	712.25	704.75	698.00	691.75	685.00	678.25	672.00	667.00	661.50	656.00	649.25	642.50	637.50	632.75	628.50	623.00	615.00	610.50	606.50	597.50	594.50	585.00	575.75	569.75	559.25	549.00	539.75	525.75	515.50	501.75	489.25	476.75	462.25	448.00	435.75	419.00	402.50	380.00	362.00	333.00	290.00	247.50	210.50	189.75	179.50	171.50	163.00	151.50	137.00	125.00	114.50	106.00	99.50	95.50	92.00	89.75	88.50	88.00	88.25	89.00	89.00	88.00	83.75	74.00	61.50	49.75	39.00	31.75	27.25	24.75	24.00	25.25	27.50	33.75	48.25	65.50	92.00	120.25	141.50	165.00	179.00	189.00	197.00	201.00	204.75	203.50	197.50	183.25	168.50	153.50	137.25	124.50	114.00	108.50	109.50	116.25	128.00	144.75	166.00	185.00	205.50	219.50	231.75	247.25	264.25	286.00	308.00	332.00	354.00	371.00	385.75	393.25	400.00	405.00	410.50	417.25	425.25	431.75	439.25	448.50	456.75	463.50	468.50	471.75	474.00	475.00	477.75	480.50	484.75	487.50	490.75	496.00	500.50	506.00	512.75	518.75	524.50	537.00	547.00	559.75	569.75	575.25	579.00	577.25	573.25	566.00	556.00	539.50	517.00	495.75	466.50	445.50	429.25	416.25	410.00	411.50	422.00	437.50	460.00	485.75	510.00	536.25	556.25	576.25	587.25	597.25	605.50	611.25	616.75	620.25	623.00	626.75	628.75	632.00	635.50	638.75	642.50	646.00	650.00	655.50	659.00	663.50	670.50	676.75	681.25	685.00	686.00	685.75	684.50
1266.75	1261.00	1255.50	1249.75	1243.00	1235.75	1230.50	1225.00	1219.25	1214.00	1208.00	1202.00	1197.00	1190.75	1185.50	1179.50	1173.00	1165.25	1158.00	1151.00	1141.75	1133.00	1122.25	1112.75	1104.50	1095.50	1085.50	1078.00	1068.75	1059.50	1052.00	1042.25	1035.25	1027.00	1018.75	1012.00	1002.75	994.50	986.00	976.00	969.25	959.50	950.50	943.00	934.25	928.50	922.25	917.00	911.50	906.75	903.75	898.75	890.75	882.00	871.00	862.75	852.50	838.50	825.25	813.25	802.00	790.00	770.75	757.00	744.50	731.50	721.00	712.25	704.75	698.00	691.75	685.00	678.25	672.00	667.00	661.50	656.00	649.25	642.50	637.50	632.75	628.50	623.00	615.00	610.50	606.50	597.50	594.50	585.00	575.75	569.75	559.25	549.00	539.75	525.75	515.50	501.75	489.25	476.75	462.25	448.00	435.75	419.00	402.50	380.00	362.00	333.00	290.00	247.50	210.50	189.75	179.50	171.50	163.00	151.50	137.00	125.00	114.50	106.00	99.50	95.50	92.00	89.75	88.50	88.00	88.25	89.00	89.00	88.00	83.75	74.00	61.50	49.75	39.00	31.75	27.25	24.75	24.00	25.25	27.50	33.75	48.25	65.50	92.00	120.25	141.50	165.00	179.00	189.00	197.00	201.00	204.75	203.50	197.50	183.25	168.50	153.50	137.25	124.50	114.00	108.50	109.50	116.25	128.00	144.75	166.00	185.00	205.50	219.50	231.75	247.25	264.25	286.00	308.00	332.00	354.00	371.00	385.75	393.25	400.00	405.00	410.50	417.25	425.25	431.75	439.25	448.50	456.75	463.50	468.50	471.75	474.00	475.00	477.75	480.50	484.75	487.50	490.75	496.00	500.50	506.00	512.75	518.75	524.50	537.00	547.00	559.75	569.75	575.25	579.00	577.25	573.25	566.00	556.00	539.50	517.00	495.75	466.50	445.50	429.25	416.25	410.00	411.50	422.00	437.50	460.00	485.75	510.00	536.25	556.25	576.25	587.25	597.25	605.50	611.25	616.75	620.25	623.00	626.75	628.75	632.00	635.50	638.75	642.50	646.00	650.00	655.50	659.00	663.50	670.50	676.75	681.25	685.00	686.00	685.75	684.50
1266.94	1261.38	1255.50	1249.75	1243.00	1236.31	1231.25	1226.31	1221.31	1216.62	1212.12	1207.44	1203.00	1196.75	1192.25	1186.06	1179.94	1172.38	1164.38	1156.25	1146.81	1137.50	1126.00	1115.19	1105.62	1096.62	1087.00	1079.50	1069.50	1060.25	1053.12	1043.38	1036.00	1027.75	1019.50	1012.75	1002.94	994.50	985.44	974.69	967.75	957.25	947.69	940.19	931.81	926.25	920.56	915.31	910.38	905.44	902.44	898.00	890.38	881.44	870.44	862.00	851.75	837.00	823.00	809.88	797.69	785.12	765.12	751.56	738.12	724.38	714.25	705.12	697.81	691.62	685.38	678.81	672.44	666.75	661.75	657.00	651.88	645.31	638.75	633.75	629.38	625.69	620.00	612.19	608.25	604.25	595.81	592.25	582.75	573.50	567.12	556.62	546.38	536.94	523.12	513.06	498.75	486.25	473.38	458.12	442.75	430.31	412.06	395.00	372.50	351.69	320.25	275.94	236.25	206.00	192.56	187.00	182.38	172.75	160.31	144.50	131.19	118.81	109.75	102.12	96.25	91.25	87.50	84.38	82.00	80.38	79.44	78.12	76.75	73.06	64.81	55.12	45.62	37.12	31.19	27.44	25.69	25.69	29.56	35.00	46.50	69.25	91.94	121.62	148.75	167.00	185.62	196.25	204.00	210.31	212.81	213.38	208.94	200.50	183.81	168.12	152.19	135.75	123.00	113.06	109.81	111.94	121.69	135.31	153.19	175.00	194.75	215.62	230.19	243.94	261.12	278.50	298.94	319.44	343.44	366.00	384.50	398.31	404.69	408.06	409.50	411.44	415.00	421.31	426.88	433.81	441.75	449.44	455.44	460.25	463.12	464.25	465.25	468.94	473.38	479.50	484.88	489.62	496.94	502.94	509.56	517.25	523.44	529.38	540.56	549.25	559.56	566.19	569.25	569.81	566.00	559.56	550.06	537.62	517.56	492.25	469.50	439.50	419.62	404.88	394.69	392.00	397.62	412.81	432.25	457.75	484.25	507.38	532.12	550.81	569.50	580.31	589.56	596.50	600.56	604.00	607.31	610.25	614.38	617.69	622.81	628.38	632.94	638.56	643.75	648.88	655.12	659.00	663.69	670.50	676.19	680.50	683.69	684.50	684.06	683.00
1267.00	1261.50	1255.50	1249.75	1243.00	1236.50	1231.50	1226.75	1222.00	1217.50	1213.50	1209.25	1205.00	1198.75	1194.50	1188.25	1182.25	1174.75	1166.50	1158.00	1148.50	1139.00	1127.25	1116.00	1106.00	1097.00	1087.50	1080.00	1069.75	1060.50	1053.50	1043.75	1036.25	1028.00	1019.75	1013.00	1003.00	994.50	985.25	974.25	967.25	956.50	946.75	939.25	931.00	925.50	920.00	914.75	910.00	905.00	902.00	897.75	890.25	881.25	870.25	861.75	851.50	836.50	822.25	808.75	796.25	783.50	763.25	749.75	736.00	722.00	712.00	702.75	695.50	689.50	683.25	676.75	670.50	665.00	660.00	655.50	650.50	644.00	637.50	632.50	628.25	624.75	619.00	611.25	607.50	603.50	595.25	591.50	582.00	572.75	566.25	555.75	545.50	536.00	522.25	512.25	497.75	485.25	472.25	456.75	441.00	428.50	409.75	392.50	370.00	348.25	316.00	271.25	232.50	204.50	193.50	189.50	186.00	176.00	163.25	147.00	133.25	120.25	111.00	103.00	96.50	91.00	86.75	83.00	80.00	77.75	76.25	74.50	73.00	69.50	61.75	53.00	44.25	36.50	31.00	27.50	26.00	26.25	31.00	37.50	50.75	76.25	100.75	131.50	158.25	175.50	192.50	202.00	209.00	214.75	216.75	216.25	210.75	201.50	184.00	168.00	151.75	135.25	122.50	112.75	110.25	112.75	123.50	137.75	156.00	178.00	198.00	219.00	233.75	248.00	265.75	283.25	303.25	323.25	347.25	370.00	389.00	402.50	408.50	410.75	411.00	411.75	414.25	420.00	425.25	432.00	439.50	447.00	452.75	457.50	460.25	461.00	462.00	466.00	471.00	477.75	484.00	489.25	497.25	503.75	510.75	518.75	525.00	531.00	541.75	550.00	559.50	565.00	567.25	566.75	562.25	555.00	544.75	531.50	510.25	484.00	460.75	430.50	411.00	396.75	387.50	386.00	393.00	409.75	430.50	457.00	483.75	506.50	530.75	549.00	567.25	578.00	587.00	593.50	597.00	599.75	603.00	606.00	610.25	614.00	619.75	626.00	631.00	637.25	643.00	648.50	655.00	659.00	663.75	670.50	676.00	680.25	683.25	684.00	683.50	682.50
1267.50	1261.75	1256.00	1249.88	1243.62	1236.62	1231.62	1227.50	1223.00	1219.00	1215.50	1212.12	1208.38	1202.62	1198.12	1192.12	1186.50	1179.25	1171.00	1162.62	1153.12	1144.62	1133.88	1120.75	1108.88	1100.25	1091.50	1083.38	1071.12	1062.00	1054.25	1044.25	1037.00	1028.50	1020.25	1013.38	1003.12	994.25	985.00	973.12	965.75	955.25	945.75	938.25	929.00	923.25	917.25	913.25	908.50	903.62	900.88	896.88	889.75	880.75	870.25	861.38	850.50	835.00	820.12	805.75	792.88	780.50	761.75	747.38	732.25	717.75	707.62	697.88	690.50	686.12	679.75	673.00	667.00	661.50	656.50	652.25	647.62	641.50	635.38	630.00	626.25	622.88	617.50	609.62	605.50	601.50	592.88	589.12	579.50	569.75	563.25	552.75	542.25	532.62	518.62	508.25	493.75	480.88	466.88	450.75	434.00	420.38	400.75	382.25	363.12	337.38	302.50	258.12	223.25	201.50	195.38	194.50	192.50	182.50	169.38	152.50	137.38	123.25	113.38	104.88	97.50	91.00	85.38	80.75	76.50	73.38	70.62	68.38	66.12	63.12	56.00	49.00	41.62	34.88	30.38	27.50	26.62	27.75	34.50	44.25	61.38	90.75	116.25	145.75	170.00	183.00	193.12	198.75	203.62	208.38	210.25	210.62	206.25	198.12	182.12	166.50	150.62	134.50	122.00	113.38	111.38	114.88	126.62	141.62	160.62	182.88	202.25	223.00	238.00	253.38	271.75	289.25	309.00	329.12	353.25	376.25	395.25	408.50	413.88	414.38	413.00	412.00	412.88	417.12	421.62	427.75	434.75	441.50	446.38	451.00	453.88	455.12	456.62	461.38	467.25	474.88	482.62	489.00	498.12	505.62	513.00	520.75	526.88	532.50	541.88	549.50	557.50	561.88	562.88	561.12	555.38	546.75	534.25	517.50	492.75	464.00	439.75	410.25	392.25	380.62	374.88	376.50	387.12	406.75	429.25	456.00	481.88	502.50	524.00	540.50	557.75	568.62	578.12	584.50	587.38	589.75	592.88	596.75	602.50	607.50	614.50	621.75	627.62	634.75	641.75	647.88	655.50	659.88	664.88	671.25	676.00	679.62	682.38	683.00	682.75	682.25
1268.00	1262.00	1256.50	1250.00	1244.25	1236.75	1231.75	1228.25	1224.00	1220.50	1217.50	1215.00	1211.75	1206.50	1201.75	1196.00	1190.75	1183.75	1175.50	1167.25	1157.75	1150.25	1140.50	1125.50	1111.75	1103.50	1095.50	1086.75	1072.50	1063.50	1055.00	1044.75	1037.75	1029.00	1020.75	1013.75	1003.25	994.00	984.75	972.00	964.25	954.00	944.75	937.25	927.00	921.00	914.50	911.75	907.00	902.25	899.75	896.00	889.25	880.25	870.25	861.00	849.50	833.50	818.00	802.75	789.50	777.50	760.25	745.00	728.50	713.50	703.25	693.00	685.50	682.75	676.25	669.25	663.50	658.00	653.00	649.00	644.75	639.00	633.25	627.50	624.25	621.00	616.00	608.00	603.50	599.50	590.50	586.75	577.00	566.75	560.25	549.75	539.00	529.25	515.00	504.25	489.75	476.50	461.50	444.75	427.00	412.25	391.75	372.00	356.25	326.50	289.00	245.00	214.00	198.50	197.25	199.50	199.00	189.00	175.50	158.00	141.50	126.25	115.75	106.75	98.50	91.00	84.00	78.50	73.00	69.00	65.00	62.25	59.25	56.75	50.25	45.00	39.00	33.25	29.75	27.50	27.25	29.25	38.00	51.00	72.00	105.25	131.75	160.00	181.75	190.50	193.75	195.50	198.25	202.00	203.75	205.00	201.75	194.75	180.25	165.00	149.50	133.75	121.50	114.00	112.50	117.00	129.75	145.50	165.25	187.75	206.50	227.00	242.25	258.75	277.75	295.25	314.75	335.00	359.25	382.50	401.50	414.50	419.25	418.00	415.00	412.25	411.50	414.25	418.00	423.50	430.00	436.00	440.00	444.50	447.50	449.25	451.25	456.75	463.50	472.00	481.25	488.75	499.00	507.50	515.25	522.75	528.75	534.00	542.00	549.00	555.50	558.75	558.50	555.50	548.50	538.50	523.75	503.50	475.25	444.00	418.75	390.00	373.50	364.50	362.25	367.00	381.25	403.75	428.00	455.00	480.00	498.50	517.25	532.00	548.25	559.25	569.25	575.50	577.75	579.75	582.75	587.50	594.75	601.00	609.25	617.50	624.25	632.25	640.50	647.25	656.00	660.75	666.00	672.00	676.00	679.00	681.50	682.00	682.00	682.00
1268.19	1262.25	1256.75	1250.19	1244.31	1237.19	1232.25	1228.81	1224.56	1221.12	1218.62	1216.25	1213.06	1208.00	1203.44	1197.94	1192.81	1186.06	1178.25	1170.50	1161.31	1153.88	1143.81	1129.25	1116.62	1108.56	1100.00	1091.00	1076.19	1066.75	1056.19	1045.31	1038.38	1029.62	1021.25	1014.12	1003.69	994.25	985.00	972.25	964.38	954.12	944.75	937.38	927.25	920.88	914.25	911.56	907.00	902.69	900.06	896.00	889.25	880.38	869.94	860.62	849.00	833.00	817.25	802.25	789.25	777.00	760.00	745.19	728.38	713.12	703.19	693.44	685.69	681.81	675.06	667.94	662.00	656.75	651.75	647.81	643.75	637.75	632.19	626.75	623.12	619.75	614.75	606.75	602.25	598.00	588.88	584.81	574.88	564.62	557.75	547.06	536.25	526.38	512.00	500.94	486.25	472.75	457.44	440.00	421.69	406.50	385.00	364.38	346.56	315.62	278.50	236.69	208.31	195.38	195.69	198.75	199.75	190.25	177.19	159.69	142.81	127.12	116.12	106.75	98.75	91.00	83.81	78.12	72.31	67.81	63.38	60.38	57.12	54.50	48.38	43.38	37.94	32.75	29.62	27.62	27.62	29.81	39.25	53.12	75.00	109.19	135.62	162.75	182.44	189.38	191.06	191.50	193.12	195.75	197.19	198.69	196.06	190.12	177.12	162.81	148.00	132.75	121.25	114.19	113.25	118.12	131.25	147.19	166.69	188.81	207.25	227.50	242.69	259.00	278.00	295.81	315.88	336.50	360.69	383.62	402.06	415.06	419.25	417.69	414.25	411.12	410.25	412.75	416.44	421.75	428.25	434.25	438.19	442.38	445.31	447.38	449.75	455.62	463.00	471.75	481.62	489.19	499.44	507.69	515.38	522.81	528.44	533.31	540.69	546.88	552.44	555.50	555.25	552.12	544.81	534.00	517.75	496.25	466.88	434.75	409.25	381.25	365.75	357.81	356.75	362.88	378.19	401.00	424.88	451.12	474.75	492.12	510.06	524.88	541.44	552.69	563.19	570.12	573.00	575.38	579.06	584.06	592.06	599.00	607.94	616.50	623.44	631.56	639.81	647.00	656.06	661.12	666.62	672.25	676.12	679.00	681.31	681.94	682.06	682.25
1268.56	1263.00	1257.31	1250.56	1244.25	1238.81	1235.00	1231.62	1227.19	1224.25	1223.38	1221.25	1218.38	1214.12	1210.44	1205.81	1201.19	1195.25	1189.00	1183.19	1175.25	1168.38	1157.56	1145.12	1135.81	1127.56	1116.62	1107.00	1091.19	1079.62	1062.69	1049.44	1041.12	1031.38	1022.75	1015.38	1005.19	995.25	985.81	973.25	965.00	954.75	945.12	938.06	928.44	921.25	914.25	911.75	907.50	904.38	901.19	896.12	889.12	880.25	868.31	858.62	846.62	830.75	814.56	800.62	788.44	775.69	760.12	747.00	729.62	713.88	704.25	694.94	685.44	677.38	669.31	661.75	655.25	650.50	645.69	642.12	638.75	632.06	627.25	622.94	618.31	614.50	609.50	601.44	596.62	591.31	581.50	576.12	565.25	554.69	546.50	534.94	523.75	513.19	498.19	486.06	470.44	455.81	438.75	418.38	397.50	380.38	355.00	330.75	305.06	271.25	237.62	205.69	187.56	183.25	187.94	192.88	198.25	191.00	179.88	163.19	145.62	128.75	116.25	106.00	98.62	90.50	82.75	76.50	69.50	63.50	57.56	53.56	49.62	46.75	41.81	37.75	34.31	31.06	29.25	28.25	29.25	32.00	43.94	59.88	83.75	119.81	145.44	168.75	182.06	183.94	180.94	177.12	174.56	172.81	172.69	174.12	173.44	170.88	163.06	152.50	140.69	128.25	119.88	115.06	116.25	122.69	137.00	153.50	172.12	192.75	210.12	229.38	244.00	259.94	279.19	298.12	320.00	341.75	365.44	386.75	403.00	414.94	417.25	414.75	410.19	406.38	405.38	407.62	411.56	416.62	423.25	428.69	432.25	435.31	438.12	441.38	445.19	452.38	461.62	471.25	482.81	490.56	500.31	507.62	514.81	521.94	526.38	529.94	534.75	538.00	540.00	541.50	540.81	536.75	528.38	514.88	493.50	467.62	434.12	399.19	373.31	348.44	336.81	332.94	336.56	348.25	368.12	392.62	415.38	438.44	456.94	470.19	485.19	499.62	517.00	529.19	541.69	551.38	556.69	560.75	566.69	572.94	583.62	593.00	604.25	613.75	621.06	629.25	637.44	646.06	656.25	662.38	668.50	672.88	676.31	678.75	680.50	681.50	682.06	682.88
1268.00	1263.00	1256.75	1250.00	1243.50	1239.75	1238.75	1235.00	1230.00	1228.00	1227.50	1225.00	1222.50	1219.00	1216.25	1212.00	1207.75	1202.00	1196.50	1192.00	1185.00	1179.25	1169.00	1159.00	1149.50	1139.00	1126.00	1116.75	1103.00	1089.00	1071.50	1056.75	1043.75	1031.00	1022.75	1015.75	1005.75	996.00	986.00	974.00	965.75	955.50	946.25	939.00	929.75	923.50	916.50	914.00	909.00	905.50	901.75	896.50	888.75	878.75	866.25	856.00	844.00	828.50	813.25	800.25	788.25	776.25	762.75	750.75	734.50	719.50	708.00	695.50	683.00	672.50	662.75	655.00	648.50	643.00	638.75	635.75	632.75	626.25	622.00	618.25	614.00	610.00	605.00	596.75	591.00	584.75	574.00	567.50	555.50	544.00	535.25	522.75	511.00	499.50	483.75	471.25	454.50	438.75	419.25	396.25	372.75	353.75	325.75	298.50	267.75	236.00	209.50	187.50	176.50	175.00	178.75	182.00	187.00	182.00	172.75	158.50	142.25	125.75	113.25	103.75	96.00	89.00	81.25	75.00	67.25	61.25	54.75	50.00	46.25	43.75	39.00	35.50	33.00	30.50	29.25	29.00	30.75	33.50	46.75	61.00	83.00	116.25	140.00	162.00	174.75	177.75	174.75	170.00	165.00	160.25	158.25	157.25	156.75	154.75	149.00	141.25	132.25	123.75	118.00	116.00	118.50	126.25	140.75	157.25	175.50	195.00	212.00	230.50	244.00	260.50	280.50	300.00	322.25	344.00	366.75	386.00	400.75	409.50	411.25	408.75	404.75	402.25	402.00	405.75	411.00	417.00	424.00	427.75	430.75	433.25	436.25	440.25	445.00	452.75	462.00	472.00	483.00	490.75	499.00	505.75	512.00	518.75	523.00	526.00	528.75	530.50	530.25	528.75	526.75	521.00	512.25	498.00	474.75	447.00	411.25	375.75	351.00	328.75	319.75	318.50	325.50	341.50	365.50	392.25	415.00	435.25	450.75	461.75	475.25	488.00	505.00	517.75	531.75	543.50	550.50	556.25	562.75	570.50	582.50	593.00	605.00	614.50	621.25	628.50	636.50	645.50	656.25	662.75	668.50	672.50	675.75	678.00	679.75	680.75	681.50	682.50
1268.00	1263.00	1256.75	1250.00	1243.50	1239.75	1238.75	1235.00	1230.00	1228.00	1227.50	1225.00	1222.50	1219.00	1216.25	1212.00	1207.75	1202.00	1196.50	1192.00	1185.00	1179.25	1169.00	1159.00	1149.50	1139.00	1126.00	1116.75	1103.00	1089.00	1071.50	1056.75	1043.75	1031.00	1022.75	1015.75	1005.75	996.00	986.00	974.00	965.75	955.50	946.25	939.00	929.75	923.50	916.50	914.00	909.00	905.50	901.75	896.50	888.75	878.75	866.25	856.00	844.00	828.50	813.25	800.25	788.25	776.25	762.75	750.75	734.50	719.50	708.00	695.50	683.00	672.50	662.75	655.00	648.50	643.00	638.75	635.75	632.75	626.25	622.00	618.25	614.00	610.00	605.00	596.75	591.00	584.75	574.00	567.50	555.50	544.00	535.25	522.75	511.00	499.50	483.75	471.25	454.50	438.75	419.25	396.25	372.75	353.75	325.75	298.50	267.75	236.00	209.50	187.50	176.50	175.00	178.75	182.00	187.00	182.00	172.75	158.50	142.25	125.75	113.25	103.75	96.00	89.00	81.25	75.00	67.25	61.25	54.75	50.00	46.25	43.75	39.00	35.50	33.00	30.50	29.25	29.00	30.75	33.50	46.75	61.00	83.00	116.25	140.00	162.00	174.75	177.75	174.75	170.00	165.00	160.25	158.25	157.25	156.75	154.75	149.00	141.25	132.25	123.75	118.00	116.00	118.50	126.25	140.75	157.25	175.50	195.00	212.00	230.50	244.00	260.50	280.50	300.00	322.25	344.00	366.75	386.00	400.75	409.50	411.25	408.75	404.75	402.25	402.00	405.75	411.00	417.00	424.00	427.75	430.75	433.25	436.25	440.25	445.00	452.75	462.00	472.00	483.00	490.75	499.00	505.75	512.00	518.75	523.00	526.00	528.75	530.50	530.25	528.75	526.75	521.00	512.25	498.00	474.75	447.00	411.25	375.75	351.00	328.75	319.75	318.50	325.50	341.50	365.50	392.25	415.00	435.25	450.75	461.75	475.25	488.00	505.00	517.75	531.75	543.50	550.50	556.25	562.75	570.50	582.50	593.00	605.00	614.50	621.25	628.50	636.50	645.50	656.25	662.75	668.50	672.50	675.75	678.00	679.75	680.75	681.50	682.50
1271.56	1266.00	1259.56	1253.00	1247.81	1243.69	1241.38	1239.31	1236.19	1233.62	1232.00	1229.69	1227.75	1224.44	1221.50	1218.00	1213.94	1209.12	1203.62	1199.31	1193.25	1188.06	1179.50	1170.06	1161.12	1150.06	1134.81	1123.69	1108.25	1094.62	1077.31	1061.06	1045.44	1031.00	1022.75	1015.75	1005.75	996.75	987.31	976.44	968.56	959.25	950.19	942.75	933.88	928.38	921.56	918.12	912.75	908.12	903.44	897.25	888.75	878.00	865.50	855.25	843.62	828.50	815.31	803.81	792.56	781.31	768.94	756.75	740.50	724.75	711.19	696.62	681.50	669.31	657.31	649.56	641.75	635.50	631.25	629.19	626.56	621.19	618.25	613.94	609.50	604.56	599.00	589.44	581.25	572.19	559.94	551.56	538.62	526.19	515.75	501.19	488.12	475.88	460.31	446.69	426.94	409.12	389.25	365.12	340.50	320.19	290.50	264.38	238.12	213.69	195.81	182.44	175.94	173.12	172.19	170.75	171.25	166.81	158.88	146.12	133.25	119.56	108.75	100.19	93.00	86.00	79.00	72.75	65.75	59.75	53.81	48.69	45.12	42.25	38.25	35.50	33.00	31.06	30.19	29.94	31.50	33.71	46.14	57.25	75.31	104.25	125.94	148.12	162.00	167.81	168.00	164.38	158.81	152.00	147.94	144.12	141.56	139.38	134.94	129.44	124.19	119.44	116.50	116.94	121.69	130.56	146.00	161.75	179.62	198.75	214.25	232.38	247.38	265.56	286.31	305.06	326.00	346.25	367.12	384.88	397.56	404.25	404.69	402.94	400.25	399.06	400.31	406.12	411.94	419.25	425.50	428.69	430.75	432.12	434.56	439.50	445.38	453.88	462.38	470.88	479.44	485.31	492.44	498.44	504.69	512.00	517.19	520.56	522.19	522.25	520.31	515.62	510.62	502.44	492.75	478.31	455.81	426.38	389.69	354.94	332.81	313.75	307.56	308.94	319.50	339.62	368.88	398.62	422.50	442.19	456.19	466.44	478.44	490.06	505.94	518.69	532.69	543.50	550.88	557.94	565.00	573.12	586.06	595.81	606.50	615.62	621.25	628.31	635.56	644.19	654.75	660.69	665.88	670.25	673.69	675.75	677.50	678.50	679.81	681.00
1272.75	1267.00	1260.50	1254.00	1249.25	1245.00	1242.25	1240.75	1238.25	1235.50	1233.50	1231.25	1229.50	1226.25	1223.25	1220.00	1216.00	1211.50	1206.00	1201.75	1196.00	1191.00	1183.00	1173.75	1165.00	1153.75	1137.75	1126.00	1110.00	1096.50	1079.25	1062.50	1046.00	1031.00	1022.75	1015.75	1005.75	997.00	987.75	977.25	969.50	960.50	951.50	944.00	935.25	930.00	923.25	919.50	914.00	909.00	904.00	897.50	888.75	877.75	865.25	855.00	843.50	828.50	816.00	805.00	794.00	783.00	771.00	758.75	742.50	726.50	712.25	697.00	681.00	668.25	655.50	647.75	639.50	633.00	628.75	627.00	624.50	619.50	617.00	612.50	608.00	602.75	597.00	587.00	578.00	568.00	555.25	546.25	533.00	520.25	509.25	494.00	480.50	468.00	452.50	438.50	417.75	399.25	379.25	354.75	329.75	309.00	278.75	253.00	228.25	206.25	191.25	180.75	175.75	172.50	170.00	167.00	166.00	161.75	154.25	142.00	130.25	117.50	107.25	99.00	92.00	85.00	78.25	72.00	65.25	59.25	53.50	48.25	44.75	41.75	38.00	35.50	33.00	31.25	30.50	30.25	31.75	34.00	45.50	56.00	72.75	100.25	121.25	143.50	157.75	164.50	165.75	162.50	156.75	149.25	144.50	139.75	136.50	134.25	130.25	125.50	121.50	118.00	116.00	117.25	122.75	132.00	147.75	163.25	181.00	200.00	215.00	233.00	248.50	267.25	288.25	306.75	327.25	347.00	367.25	384.50	396.50	402.50	402.50	401.00	398.75	398.00	399.75	406.25	412.25	420.00	426.00	429.00	430.75	431.75	434.00	439.25	445.50	454.25	462.50	470.50	478.25	483.50	490.25	496.00	502.25	509.75	515.25	518.75	520.00	519.50	517.00	511.25	505.25	496.25	486.25	471.75	449.50	419.50	382.50	348.00	326.75	308.75	303.50	305.75	317.50	339.00	370.00	400.75	425.00	444.50	458.00	468.00	479.50	490.75	506.25	519.00	533.00	543.50	551.00	558.50	565.75	574.00	587.25	596.75	607.00	616.00	621.25	628.25	635.25	643.75	654.25	660.00	665.00	669.50	673.00	675.00	676.75	677.75	679.25	680.50
1277.38	1271.50	1265.00	1259.00	1254.12	1249.25	1245.75	1244.38	1242.25	1239.50	1237.00	1234.75	1233.00	1230.00	1227.25	1223.75	1219.88	1215.50	1210.25	1206.00	1200.50	1195.75	1188.12	1179.75	1171.00	1159.75	1143.25	1131.00	1114.00	1100.25	1083.75	1066.12	1049.12	1033.00	1023.75	1016.88	1007.38	998.75	990.00	980.12	972.88	964.25	955.62	948.50	939.75	934.25	927.25	922.62	916.75	910.88	905.00	898.00	888.88	877.75	865.38	855.00	844.00	830.25	819.00	808.75	798.38	788.00	776.12	764.12	748.00	731.00	716.62	700.50	683.38	669.50	656.00	647.38	638.62	632.00	627.75	625.75	623.88	618.75	616.50	612.00	607.75	601.25	594.62	583.38	571.75	558.25	543.50	531.88	517.25	503.00	491.12	475.00	460.75	447.38	431.12	416.75	395.38	376.62	356.62	331.75	306.00	285.88	257.88	235.75	216.50	199.62	188.38	180.50	175.62	170.50	165.50	160.25	156.00	151.88	144.88	133.75	123.50	113.00	104.12	96.50	90.00	83.38	76.88	71.25	64.62	59.12	53.50	48.75	45.50	42.75	39.12	36.75	34.50	32.75	31.88	31.50	32.62	34.75	44.00	53.25	67.88	92.00	111.12	132.75	148.38	156.62	160.12	157.50	152.00	144.25	138.88	133.12	129.25	127.00	123.75	120.38	118.12	116.62	116.75	119.38	125.50	134.88	150.25	166.00	183.38	202.00	216.75	234.75	251.25	271.12	293.12	311.00	330.25	348.38	367.38	383.25	393.62	398.75	398.75	398.12	397.38	397.62	400.50	407.25	413.62	421.50	427.25	429.50	430.00	430.12	431.25	436.25	442.75	451.25	459.25	466.25	472.12	475.88	481.38	487.38	494.00	502.38	509.38	513.25	514.38	513.00	508.88	501.12	493.62	483.12	472.75	458.62	437.00	407.50	371.12	338.12	318.62	302.38	297.75	301.38	315.00	338.25	371.12	402.88	427.75	448.38	462.88	473.00	484.25	495.00	510.25	522.62	535.88	545.50	552.88	560.00	567.50	576.50	589.88	598.88	608.25	616.25	620.75	627.25	634.00	642.00	652.25	657.62	662.50	667.25	671.00	673.50	675.25	676.50	678.25	679.62
1282.00	1276.00	1269.50	1264.00	1259.00	1253.50	1249.25	1248.00	1246.25	1243.50	1240.50	1238.25	1236.50	1233.75	1231.25	1227.50	1223.75	1219.50	1214.50	1210.25	1205.00	1200.50	1193.25	1185.75	1177.00	1165.75	1148.75	1136.00	1118.00	1104.00	1088.25	1069.75	1052.25	1035.00	1024.75	1018.00	1009.00	1000.50	992.25	983.00	976.25	968.00	959.75	953.00	944.25	938.50	931.25	925.75	919.50	912.75	906.00	898.50	889.00	877.75	865.50	855.00	844.50	832.00	822.00	812.50	802.75	793.00	781.25	769.50	753.50	735.50	721.00	704.00	685.75	670.75	656.50	647.00	637.75	631.00	626.75	624.50	623.25	618.00	616.00	611.50	607.50	599.75	592.25	579.75	565.50	548.50	531.75	517.50	501.50	485.75	473.00	456.00	441.00	426.75	409.75	395.00	373.00	354.00	334.00	308.75	282.25	262.75	237.00	218.50	204.75	193.00	185.50	180.25	175.50	168.50	161.00	153.50	146.00	142.00	135.50	125.50	116.75	108.50	101.00	94.00	88.00	81.75	75.50	70.50	64.00	59.00	53.50	49.25	46.25	43.75	40.25	38.00	36.00	34.25	33.25	32.75	33.50	35.25	43.00	50.50	63.00	83.75	101.00	122.00	139.00	148.75	154.50	152.50	147.25	139.25	133.25	126.50	122.00	119.75	117.25	115.25	114.75	115.25	117.50	121.50	128.25	137.75	152.75	168.75	185.75	204.00	218.50	236.50	254.00	275.00	298.00	315.25	333.25	349.75	367.50	382.00	390.75	395.00	395.00	395.25	396.00	397.25	401.25	408.25	415.00	423.00	428.50	430.00	429.25	428.50	428.50	433.25	440.00	448.25	456.00	462.00	466.00	468.25	472.50	478.75	485.75	495.00	503.50	507.75	508.75	506.50	500.75	491.00	482.00	470.00	459.25	445.50	424.50	395.50	359.75	328.25	310.50	296.00	292.00	297.00	312.50	337.50	372.25	405.00	430.50	452.25	467.75	478.00	489.00	499.25	514.25	526.25	538.75	547.50	554.75	561.50	569.25	579.00	592.50	601.00	609.50	616.50	620.25	626.25	632.75	640.25	650.25	655.25	660.00	665.00	669.00	672.00	673.75	675.25	677.25	678.75
1284.44	1278.75	1272.25	1266.75	1261.56	1255.81	1251.75	1250.06	1247.75	1245.00	1242.25	1240.00	1238.25	1235.50	1233.00	1229.31	1225.56	1221.31	1216.50	1212.38	1207.12	1202.50	1195.69	1188.25	1179.50	1168.19	1151.75	1139.00	1121.00	1106.75	1091.19	1072.50	1055.00	1037.62	1027.12	1020.06	1010.75	1002.25	994.19	985.25	978.50	970.38	962.25	955.50	946.75	940.75	933.44	927.38	920.75	913.62	906.50	898.69	888.88	877.81	865.88	855.50	845.38	833.25	823.75	814.56	805.00	795.62	784.12	772.38	756.62	739.00	724.25	707.25	689.00	673.69	659.12	649.25	640.00	633.12	628.56	626.25	624.88	619.75	617.50	613.19	608.94	600.56	592.69	579.31	563.25	544.25	525.75	509.62	492.50	476.06	462.81	445.44	430.50	415.81	397.81	382.62	361.00	342.44	323.06	298.06	271.94	253.31	230.06	213.75	202.12	191.75	184.88	179.44	174.06	166.50	158.56	150.75	142.75	138.50	132.12	122.69	114.44	106.75	99.75	93.19	87.50	81.38	75.25	70.12	64.00	59.19	54.12	50.25	47.50	45.06	41.75	39.38	37.50	35.50	34.31	33.56	34.19	35.81	43.06	50.12	61.69	81.00	97.25	117.62	134.69	144.56	150.62	149.00	143.94	136.38	130.56	123.94	119.75	117.62	115.69	114.25	114.44	115.69	118.50	123.19	129.94	139.19	154.12	169.94	186.50	204.44	219.12	237.38	254.81	276.12	299.44	316.94	334.62	350.56	367.38	380.88	389.25	393.19	393.62	394.62	395.94	397.88	402.06	409.00	415.56	423.31	428.50	429.69	428.25	426.50	425.44	429.31	435.81	444.50	452.25	457.69	460.69	462.19	466.12	472.44	480.19	490.31	499.38	503.94	504.75	502.12	495.81	485.50	475.75	463.25	452.69	439.56	419.00	390.38	355.06	324.88	307.81	294.00	289.88	295.12	311.06	336.50	371.06	403.94	429.62	452.19	468.69	479.19	490.25	500.44	515.25	527.19	539.44	548.00	555.00	561.94	569.75	579.56	592.88	601.25	609.56	616.00	619.75	625.44	631.69	639.00	648.75	653.75	658.38	663.50	667.69	671.00	673.31	675.19	677.12	678.69
1291.75	1287.00	1280.50	1275.00	1269.25	1262.75	1259.25	1256.25	1252.25	1249.50	1247.50	1245.25	1243.50	1240.75	1238.25	1234.75	1231.00	1226.75	1222.50	1218.75	1213.50	1208.50	1203.00	1195.75	1187.00	1175.50	1160.75	1148.00	1130.00	1115.00	1100.00	1080.75	1063.25	1045.50	1034.25	1026.25	1016.00	1007.50	1000.00	992.00	985.25	977.50	969.75	963.00	954.25	947.50	940.00	932.25	924.50	916.25	908.00	899.25	888.50	878.00	867.00	857.00	848.00	837.00	829.00	820.75	811.75	803.50	792.75	781.00	766.00	749.50	734.00	717.00	698.75	682.50	667.00	656.00	646.75	639.50	634.00	631.50	629.75	625.00	622.00	618.25	613.25	603.00	594.00	578.00	556.50	531.50	507.75	486.00	465.50	447.00	432.25	413.75	399.00	383.00	362.00	345.50	325.00	307.75	290.25	266.00	241.00	225.00	209.25	199.50	194.25	188.00	183.00	177.00	169.75	160.50	151.25	142.50	133.00	128.00	122.00	114.25	107.50	101.50	96.00	90.75	86.00	80.25	74.50	69.00	64.00	59.75	56.00	53.25	51.25	49.00	46.25	43.50	42.00	39.25	37.50	36.00	36.25	37.50	43.25	49.00	57.75	72.75	86.00	104.50	121.75	132.00	139.00	138.50	134.00	127.75	122.50	116.25	113.00	111.25	111.00	111.25	113.50	117.00	121.50	128.25	135.00	143.50	158.25	173.50	188.75	205.75	221.00	240.00	257.25	279.50	303.75	322.00	338.75	353.00	367.00	377.50	384.75	387.75	389.50	392.75	395.75	399.75	404.50	411.25	417.25	424.25	428.50	428.75	425.25	420.50	416.25	417.50	423.25	433.25	441.00	444.75	444.75	444.00	447.00	453.50	463.50	476.25	487.00	492.50	492.75	489.00	481.00	469.00	457.00	443.00	433.00	421.75	402.50	375.00	341.00	314.75	299.75	288.00	283.50	289.50	306.75	333.50	367.50	400.75	427.00	452.00	471.50	482.75	494.00	504.00	518.25	530.00	541.50	549.50	555.75	563.25	571.25	581.25	594.00	602.00	609.75	614.50	618.25	623.00	628.50	635.25	644.25	649.25	653.50	659.00	663.75	668.00	672.00	675.00	676.75	678.50
1293.31	1288.50	1282.00	1276.75	1271.19	1264.94	1261.12	1257.94	1253.94	1251.12	1249.00	1246.75	1245.12	1242.50	1239.94	1236.44	1232.81	1228.69	1224.50	1220.75	1215.38	1210.50	1205.44	1198.25	1189.50	1178.31	1163.88	1151.25	1133.00	1118.25	1103.25	1084.06	1066.69	1050.25	1039.44	1030.38	1018.88	1010.25	1002.75	994.69	988.00	980.25	972.38	965.50	956.69	950.00	942.06	933.88	925.88	917.12	908.44	899.44	888.62	878.25	867.50	857.81	848.88	838.38	830.81	822.94	814.12	806.00	795.50	784.19	769.62	753.25	738.00	721.25	703.19	687.00	671.31	660.25	651.00	643.75	638.00	635.06	633.12	628.31	625.50	621.38	616.25	605.69	596.50	579.25	555.75	528.88	503.44	479.75	458.38	438.88	423.19	404.00	388.88	372.50	350.88	333.06	312.62	296.38	279.94	257.94	235.31	220.81	206.75	198.12	192.56	186.31	181.25	174.94	167.44	158.06	149.00	140.50	131.38	126.25	120.44	112.94	106.50	100.75	95.69	90.56	85.75	80.12	74.25	68.88	64.19	60.44	57.31	54.75	52.50	50.31	47.88	45.38	43.75	40.81	38.69	36.88	36.75	37.94	43.25	48.88	57.38	71.75	84.31	101.62	117.94	127.75	134.62	134.38	130.44	124.62	119.75	114.12	111.31	110.06	110.38	111.44	114.00	117.75	122.75	129.75	136.56	145.12	159.75	174.44	189.38	206.00	221.12	240.00	257.25	279.62	304.12	322.81	339.56	353.50	366.81	376.62	383.06	386.19	388.75	392.62	396.44	400.94	405.50	412.00	417.44	424.00	427.88	427.69	423.31	416.94	411.12	411.19	416.81	427.19	435.38	438.25	437.38	436.50	439.62	446.44	457.06	470.56	481.56	487.25	487.75	484.00	475.38	462.81	450.62	436.19	426.44	415.94	397.06	369.50	336.06	310.50	296.12	284.94	280.88	287.56	305.44	332.25	366.19	399.31	425.75	451.19	470.81	482.06	493.25	503.19	517.31	528.69	540.00	548.00	554.31	562.25	570.88	580.94	593.44	601.06	608.50	613.25	616.94	621.94	627.50	633.81	642.31	647.19	651.50	657.25	662.31	667.31	671.62	675.00	677.25	679.06
1298.00	1293.00	1286.50	1282.00	1277.00	1271.50	1266.75	1263.00	1259.00	1256.00	1253.50	1251.25	1250.00	1247.75	1245.00	1241.50	1238.25	1234.50	1230.50	1226.75	1221.00	1216.50	1212.75	1205.75	1197.00	1186.75	1173.25	1161.00	1142.00	1128.00	1113.00	1094.00	1077.00	1064.50	1055.00	1042.75	1027.50	1018.50	1011.00	1002.75	996.25	988.50	980.25	973.00	964.00	957.50	948.25	938.75	930.00	919.75	909.75	900.00	889.00	879.00	869.00	860.25	851.50	842.50	836.25	829.50	821.25	813.50	803.75	793.75	780.50	764.50	750.00	734.00	716.50	700.50	684.25	673.00	663.75	656.50	650.00	645.75	643.25	638.25	636.00	630.75	625.25	613.75	604.00	583.00	553.50	521.00	490.50	461.00	437.00	414.50	396.00	374.75	358.50	341.00	317.50	295.75	275.50	262.25	249.00	233.75	218.25	208.25	199.25	194.00	187.50	181.25	176.00	168.75	160.50	150.75	142.25	134.50	126.50	121.00	115.75	109.00	103.50	98.50	94.75	90.00	85.00	79.75	73.50	68.50	64.75	62.50	61.25	59.25	56.25	54.25	52.75	51.00	49.00	45.50	42.25	39.50	38.25	39.25	43.25	48.50	56.25	68.75	79.25	93.00	106.50	115.00	121.50	122.00	119.75	115.25	111.50	107.75	106.25	106.50	108.50	112.00	115.50	120.00	126.50	134.25	141.25	150.00	164.25	177.25	191.25	206.75	221.50	240.00	257.25	280.00	305.25	325.25	342.00	355.00	366.25	374.00	378.00	381.50	386.50	392.25	398.50	404.50	408.50	414.25	418.00	423.25	426.00	424.50	417.50	406.25	395.75	392.25	397.50	409.00	418.50	418.75	415.25	414.00	417.50	425.25	437.75	453.50	465.25	471.50	472.75	469.00	458.50	444.25	431.50	415.75	406.75	398.50	380.75	353.00	321.25	297.75	285.25	275.75	273.00	281.75	301.50	328.50	362.25	395.00	422.00	448.75	468.75	480.00	491.00	500.75	514.50	524.75	535.50	543.50	550.00	559.25	569.75	580.00	591.75	598.25	604.75	609.50	613.00	618.75	624.50	629.50	636.50	641.00	645.50	652.00	658.00	665.25	670.50	675.00	678.75	680.75
1298.00	1293.00	1286.50	1282.00	1277.00	1271.50	1266.75	1263.00	1259.00	1256.00	1253.50	1251.25	1250.00	1247.75	1245.00	1241.50	1238.25	1234.50	1230.50	1226.75	1221.00	1216.50	1212.75	1205.75	1197.00	1186.75	1173.25	1161.00	1142.00	1128.00	1113.00	1094.00	1077.00	1064.50	1055.00	1042.75	1027.50	1018.50	1011.00	1002.75	996.25	988.50	980.25	973.00	964.00	957.50	948.25	938.75	930.00	919.75	909.75	900.00	889.00	879.00	869.00	860.25	851.50	842.50	836.25	829.50	821.25	813.50	803.75	793.75	780.50	764.50	750.00	734.00	716.50	700.50	684.25	673.00	663.75	656.50	650.00	645.75	643.25	638.25	636.00	630.75	625.25	613.75	604.00	583.00	553.50	521.00	490.50	461.00	437.00	414.50	396.00	374.75	358.50	341.00	317.50	295.75	275.50	262.25	249.00	233.75	218.25	208.25	199.25	194.00	187.50	181.25	176.00	168.75	160.50	150.75	142.25	134.50	126.50	121.00	115.75	109.00	103.50	98.50	94.75	90.00	85.00	79.75	73.50	68.50	64.75	62.50	61.25	59.25	56.25	54.25	52.75	51.00	49.00	45.50	42.25	39.50	38.25	39.25	43.25	48.50	56.25	68.75	79.25	93.00	106.50	115.00	121.50	122.00	119.75	115.25	111.50	107.75	106.25	106.50	108.50	112.00	115.50	120.00	126.50	134.25	141.25	150.00	164.25	177.25	191.25	206.75	221.50	240.00	257.25	280.00	305.25	325.25	342.00	355.00	366.25	374.00	378.00	381.50	386.50	392.25	398.50	404.50	408.50	414.25	418.00	423.25	426.00	424.50	417.50	406.25	395.75	392.25	397.50	409.00	418.50	418.75	415.25	414.00	417.50	425.25	437.75	453.50	465.25	471.50	472.75	469.00	458.50	444.25	431.50	415.75	406.75	398.50	380.75	353.00	321.25	297.75	285.25	275.75	273.00	281.75	301.50	328.50	362.25	395.00	422.00	448.75	468.75	480.00	491.00	500.75	514.50	524.75	535.50	543.50	550.00	559.25	569.75	580.00	591.75	598.25	604.75	609.50	613.00	618.75	624.50	629.50	636.50	641.00	645.50	652.00	658.00	665.25	670.50	675.00	678.75	680.75
1302.50	1297.50	1292.88	1288.56	1283.94	1279.00	1274.06	1269.75	1265.75	1262.38	1260.25	1257.81	1256.19	1253.75	1251.19	1247.69	1244.62	1240.69	1236.50	1233.50	1228.50	1224.00	1219.69	1213.25	1205.44	1196.31	1183.94	1173.19	1158.69	1146.38	1131.19	1113.88	1098.75	1084.00	1072.62	1062.25	1047.94	1034.62	1023.94	1015.69	1009.19	1001.62	993.56	985.56	975.25	966.12	956.31	944.94	934.88	923.69	912.19	901.69	890.50	881.06	872.19	863.81	856.75	849.25	844.12	838.88	831.75	824.38	816.12	807.25	795.50	781.75	768.94	754.62	738.25	723.00	706.75	695.50	685.69	676.75	670.06	664.88	661.44	656.25	652.50	647.81	642.31	629.69	616.00	589.75	558.75	523.06	486.75	453.88	426.12	401.19	376.69	349.44	327.00	298.44	278.12	263.88	254.12	250.06	245.81	237.12	225.56	216.50	206.56	199.62	190.50	181.62	173.38	164.06	155.06	146.25	139.06	132.62	126.12	121.75	116.31	109.56	103.50	98.50	94.75	90.00	85.00	79.94	74.81	72.06	70.75	70.38	70.06	69.38	66.00	63.81	61.75	60.00	57.44	53.00	48.44	44.56	41.81	42.81	46.25	51.12	58.31	68.38	77.00	87.38	97.31	103.75	109.12	110.00	108.50	105.88	103.81	102.69	103.06	104.81	109.25	114.25	119.06	123.94	131.00	139.88	148.00	156.75	169.12	180.25	192.75	206.94	220.38	238.88	257.25	280.00	305.25	325.44	342.19	354.06	362.69	367.62	371.25	377.00	385.94	396.75	406.00	412.19	414.69	416.69	417.44	419.69	420.38	417.75	407.94	392.56	377.19	367.69	369.19	380.88	391.88	392.69	392.75	394.88	401.19	409.69	419.38	430.44	437.69	442.44	445.75	443.12	432.44	418.56	406.75	393.06	384.81	374.31	353.00	324.50	295.38	275.62	266.69	261.69	264.38	279.12	304.31	333.38	367.50	400.81	428.00	452.88	469.31	477.75	485.75	494.56	507.75	518.00	528.56	537.12	545.50	556.81	568.06	578.69	589.88	595.81	601.94	607.25	611.12	616.88	621.12	625.38	630.31	634.25	639.69	647.12	654.81	663.38	670.50	675.75	680.44	683.38
1304.00	1299.00	1295.00	1290.75	1286.25	1281.50	1276.50	1272.00	1268.00	1264.50	1262.50	1260.00	1258.25	1255.75	1253.25	1249.75	1246.75	1242.75	1238.50	1235.75	1231.00	1226.50	1222.00	1215.75	1208.25	1199.50	1187.50	1177.25	1164.25	1152.50	1137.25	1120.50	1106.00	1090.50	1078.50	1068.75	1054.75	1040.00	1028.25	1020.00	1013.50	1006.00	998.00	989.75	979.00	969.00	959.00	947.00	936.50	925.00	913.00	902.25	891.00	881.75	873.25	865.00	858.50	851.50	846.75	842.00	835.25	828.00	820.25	811.75	800.50	787.50	775.25	761.50	745.50	730.50	714.25	703.00	693.00	683.50	676.75	671.25	667.50	662.25	658.00	653.50	648.00	635.00	620.00	592.00	560.50	523.75	485.50	451.50	422.50	396.75	370.25	341.00	316.50	284.25	265.00	253.25	247.00	246.00	244.75	238.25	228.00	219.25	209.00	201.50	191.50	181.75	172.50	162.50	153.25	144.75	138.00	132.00	126.00	122.00	116.50	109.75	103.50	98.50	94.75	90.00	85.00	80.00	75.25	73.25	72.75	73.00	73.00	72.75	69.25	67.00	64.75	63.00	60.25	55.50	50.50	46.25	43.00	44.00	47.25	52.00	59.00	68.25	76.25	85.50	94.25	100.00	105.00	106.00	104.75	102.75	101.25	101.00	102.00	104.25	109.50	115.00	120.25	125.25	132.50	141.75	150.25	159.00	170.75	181.25	193.25	207.00	220.00	238.50	257.25	280.00	305.25	325.50	342.25	353.75	361.50	365.50	369.00	375.50	385.75	398.25	408.50	414.75	416.75	417.50	417.25	418.50	418.50	415.50	404.75	388.00	371.00	359.50	359.75	371.50	383.00	384.00	385.25	388.50	395.75	404.50	413.25	422.75	428.50	432.75	436.75	434.50	423.75	410.00	398.50	385.50	377.50	366.25	343.75	315.00	286.75	268.25	260.50	257.00	261.50	278.25	305.25	335.00	369.25	402.75	430.00	454.25	469.50	477.00	484.00	492.50	505.50	515.75	526.25	535.00	544.00	556.00	567.50	578.25	589.25	595.00	601.00	606.50	610.50	616.25	620.00	624.00	628.25	632.00	637.75	645.50	653.75	662.75	670.50	676.00	681.00	684.25
1307.88	1303.25	1299.00	1294.88	1290.50	1285.88	1281.50	1276.50	1272.12	1268.50	1266.25	1263.62	1261.88	1259.25	1256.50	1252.88	1249.75	1245.75	1242.00	1239.00	1234.12	1230.00	1225.38	1219.50	1212.62	1205.12	1194.25	1184.88	1173.62	1162.50	1148.25	1132.62	1119.25	1104.75	1093.12	1083.38	1069.88	1055.75	1044.25	1027.75	1018.62	1011.00	1003.12	994.88	984.62	976.50	965.00	952.50	941.75	929.75	917.62	906.75	895.75	887.25	879.25	871.25	865.25	858.75	854.38	849.62	842.88	836.50	829.12	821.38	811.75	799.75	788.50	775.88	760.88	746.38	731.38	720.50	709.50	699.75	691.38	684.25	679.50	674.50	668.88	662.88	656.88	643.12	628.38	601.50	569.75	533.00	494.50	459.38	422.75	392.38	365.75	335.12	310.00	281.38	262.12	252.50	249.12	250.88	251.12	244.62	233.12	223.50	212.00	203.25	192.25	181.88	172.25	162.12	153.50	145.50	139.50	134.00	128.50	123.62	117.50	110.00	103.50	98.38	94.88	90.88	86.25	82.00	78.38	77.38	77.88	79.25	80.38	80.50	76.88	73.50	70.38	67.75	64.25	59.50	54.25	49.50	46.00	46.62	50.38	55.75	62.88	71.50	78.12	85.75	92.62	97.00	100.62	101.50	100.75	99.25	98.38	98.75	100.62	103.88	110.25	116.62	122.38	128.12	136.25	146.12	154.75	163.50	174.25	183.50	194.12	207.00	220.00	238.75	257.12	279.25	304.00	324.00	340.25	350.00	355.12	357.25	360.62	370.62	384.50	400.88	412.75	419.25	419.75	417.62	416.12	416.00	415.50	411.50	398.75	378.88	358.25	342.88	340.88	350.75	361.75	365.50	370.75	377.38	388.12	396.75	403.12	407.38	408.88	410.00	412.75	411.00	402.12	390.88	381.62	371.62	364.00	350.38	325.38	296.50	268.88	253.00	248.50	250.62	260.25	280.88	310.75	341.75	375.62	408.00	433.50	455.62	468.50	474.12	480.88	489.25	502.00	512.00	523.00	533.00	542.62	555.38	567.12	577.62	588.25	594.12	600.50	606.25	610.62	615.00	618.12	621.12	624.50	627.88	634.00	642.25	651.00	660.62	669.00	675.88	681.25	684.75
1311.75	1307.50	1303.00	1299.00	1294.75	1290.25	1286.50	1281.00	1276.25	1272.50	1270.00	1267.25	1265.50	1262.75	1259.75	1256.00	1252.75	1248.75	1245.50	1242.25	1237.25	1233.50	1228.75	1223.25	1217.00	1210.75	1201.00	1192.50	1183.00	1172.50	1159.25	1144.75	1132.50	1119.00	1107.75	1098.00	1085.00	1071.50	1060.25	1035.50	1023.75	1016.00	1008.25	1000.00	990.25	984.00	971.00	958.00	947.00	934.50	922.25	911.25	900.50	892.75	885.25	877.50	872.00	866.00	862.00	857.25	850.50	845.00	838.00	831.00	823.00	812.00	801.75	790.25	776.25	762.25	748.50	738.00	726.00	716.00	706.00	697.25	691.50	686.75	679.75	672.25	665.75	651.25	636.75	611.00	579.00	542.25	503.50	467.25	423.00	388.00	361.25	329.25	303.50	278.50	259.25	251.75	251.25	255.75	257.50	251.00	238.25	227.75	215.00	205.00	193.00	182.00	172.00	161.75	153.75	146.25	141.00	136.00	131.00	125.25	118.50	110.25	103.50	98.25	95.00	91.75	87.50	84.00	81.50	81.50	83.00	85.50	87.75	88.25	84.50	80.00	76.00	72.50	68.25	63.50	58.00	52.75	49.00	49.25	53.50	59.50	66.75	74.75	80.00	86.00	91.00	94.00	96.25	97.00	96.75	95.75	95.50	96.50	99.25	103.50	111.00	118.25	124.50	131.00	140.00	150.50	159.25	168.00	177.75	185.75	195.00	207.00	220.00	239.00	257.00	278.50	302.75	322.50	338.25	346.25	348.75	349.00	352.25	365.75	383.25	403.50	417.00	423.75	422.75	417.75	415.00	413.50	412.50	407.50	392.75	369.75	345.50	326.25	322.00	330.00	340.50	347.00	356.25	366.25	380.50	389.00	393.00	392.00	389.25	387.25	388.75	387.50	380.50	371.75	364.75	357.75	350.50	334.50	307.00	278.00	251.00	237.75	236.50	244.25	259.00	283.50	316.25	348.50	382.00	413.25	437.00	457.00	467.50	471.25	477.75	486.00	498.50	508.25	519.75	531.00	541.25	554.75	566.75	577.00	587.25	593.25	600.00	606.00	610.75	613.75	616.25	618.25	620.75	623.75	630.25	639.00	648.25	658.50	667.50	675.75	681.50	685.25
1313.50	1309.25	1304.75	1300.69	1296.56	1292.06	1288.25	1282.56	1277.75	1274.25	1271.50	1268.69	1266.75	1264.00	1261.06	1257.31	1254.06	1250.06	1246.62	1243.38	1238.38	1234.62	1230.00	1224.75	1218.62	1212.38	1202.88	1194.94	1186.44	1176.38	1163.44	1149.75	1138.19	1125.50	1114.75	1105.06	1092.38	1078.25	1065.88	1042.19	1030.06	1019.75	1009.81	1001.31	991.69	985.00	973.00	959.94	948.75	936.38	924.19	913.38	902.75	895.25	887.75	880.12	874.50	868.50	864.69	859.75	852.88	847.38	840.38	833.25	825.38	814.88	805.06	793.81	780.25	766.75	753.06	742.50	730.25	719.75	709.81	700.81	694.56	689.00	681.25	673.75	666.94	652.50	638.62	614.19	583.25	547.44	510.69	475.31	433.38	398.75	372.12	338.94	311.88	286.19	264.56	255.69	253.81	257.75	259.19	252.25	238.94	228.00	214.75	204.75	193.38	182.75	173.38	163.81	156.50	149.81	144.94	140.25	135.25	129.62	122.56	114.06	107.19	102.00	98.75	95.56	91.38	87.69	84.94	84.62	86.19	88.75	91.56	92.31	88.19	83.06	78.00	73.88	69.62	64.75	59.19	53.94	50.12	50.44	54.94	61.38	69.06	77.56	82.56	87.75	91.75	94.00	95.44	96.00	95.62	94.81	94.62	95.88	98.81	103.38	111.00	118.50	124.88	131.81	141.00	151.88	161.00	170.00	179.56	187.25	196.00	207.50	220.25	239.12	256.81	277.75	301.31	320.75	336.25	343.69	344.81	343.62	346.56	361.00	380.62	403.00	417.00	423.38	421.62	415.88	412.75	411.19	410.50	405.94	390.88	367.00	341.25	319.62	313.50	319.56	329.38	336.81	347.75	359.25	374.62	383.19	386.75	384.62	380.00	376.56	377.06	376.12	370.56	363.25	357.12	350.69	343.00	326.06	298.00	269.12	242.88	230.75	231.06	241.62	258.50	284.12	316.94	348.62	381.50	411.62	434.38	453.62	464.06	468.62	476.06	485.06	498.06	508.00	519.69	531.25	541.75	555.25	567.06	577.06	587.00	593.00	599.81	606.12	611.06	613.94	615.94	617.19	618.88	621.56	627.88	637.00	646.44	657.12	666.00	674.56	680.88	684.88
1318.75	1314.50	1310.00	1305.75	1302.00	1297.50	1293.50	1287.25	1282.25	1279.50	1276.00	1273.00	1270.50	1267.75	1265.00	1261.25	1258.00	1254.00	1250.00	1246.75	1241.75	1238.00	1233.75	1229.25	1223.50	1217.25	1208.50	1202.25	1196.75	1188.00	1176.00	1164.75	1155.25	1145.00	1135.75	1126.25	1114.50	1098.50	1082.75	1062.25	1049.00	1031.00	1014.50	1005.25	996.00	988.00	979.00	965.75	954.00	942.00	930.00	919.75	909.50	902.75	895.25	888.00	882.00	876.00	872.75	867.25	860.00	854.50	847.50	840.00	832.50	823.50	815.00	804.50	792.25	780.25	766.75	756.00	743.00	731.00	721.25	711.50	703.75	695.75	685.75	678.25	670.50	656.25	644.25	623.75	596.00	563.00	532.25	499.50	464.50	431.00	404.75	368.00	337.00	309.25	280.50	267.50	261.50	263.75	264.25	256.00	241.00	228.75	214.00	204.00	194.50	185.00	177.50	170.00	164.75	160.50	156.75	153.00	148.00	142.75	134.75	125.50	118.25	113.25	110.00	107.00	103.00	98.75	95.25	94.00	95.75	98.50	103.00	104.50	99.25	92.25	84.00	78.00	73.75	68.50	62.75	57.50	53.50	54.00	59.25	67.00	76.00	86.00	90.25	93.00	94.00	94.00	93.00	93.00	92.25	92.00	92.00	94.00	97.50	103.00	111.00	119.25	126.00	134.25	144.00	156.00	166.25	176.00	185.00	191.75	199.00	209.00	221.00	239.50	256.25	275.50	297.00	315.50	330.25	336.00	333.00	327.50	329.50	346.75	372.75	401.50	417.00	422.25	418.25	410.25	406.00	404.25	404.50	401.25	385.25	358.75	328.50	299.75	288.00	288.25	296.00	306.25	322.25	338.25	357.00	365.75	368.00	362.50	352.25	344.50	342.00	342.00	340.75	337.75	334.25	329.50	320.50	300.75	271.00	242.50	218.50	209.75	214.75	233.75	257.00	286.00	319.00	349.00	380.00	406.75	426.50	443.50	453.75	460.75	471.00	482.25	496.75	507.25	519.50	532.00	543.25	556.75	568.00	577.25	586.25	592.25	599.25	606.50	612.00	614.50	615.00	614.00	613.25	615.00	620.75	631.00	641.00	653.00	661.50	671.00	679.00	683.75
1320.25	1316.00	1311.50	1307.25	1303.44	1298.94	1294.75	1288.69	1283.75	1280.88	1277.25	1274.06	1271.62	1269.00	1266.31	1262.56	1259.25	1255.19	1251.12	1247.75	1242.88	1239.25	1235.12	1230.69	1225.12	1218.94	1210.44	1204.50	1199.25	1191.12	1179.62	1169.06	1160.25	1150.75	1141.94	1132.75	1120.69	1104.12	1087.44	1068.12	1055.12	1035.25	1016.50	1006.56	997.00	988.62	979.94	966.31	954.75	942.75	931.00	920.94	910.94	904.12	896.75	889.50	883.38	877.25	873.56	868.06	860.94	855.19	848.00	840.50	833.25	824.25	815.81	805.50	793.44	781.81	768.25	757.50	744.31	732.12	722.38	712.38	704.06	695.56	685.25	677.56	669.62	655.75	644.19	624.88	598.88	567.81	539.00	508.06	475.88	444.00	417.62	380.81	350.00	321.44	290.19	274.75	265.62	265.81	265.38	257.69	243.56	231.81	218.00	208.75	200.25	191.75	184.94	178.31	173.75	170.00	166.56	163.12	158.25	153.00	145.38	136.44	129.56	124.56	121.19	117.88	113.50	109.31	105.31	103.62	103.81	105.69	110.12	111.69	106.00	98.19	89.00	82.12	77.56	72.50	67.19	62.00	57.62	57.56	62.00	69.38	78.69	88.81	93.06	95.25	95.31	94.56	93.06	92.75	92.12	91.75	91.88	93.62	97.12	102.38	110.44	118.50	125.44	133.94	143.88	156.19	166.94	177.12	186.06	192.88	200.19	210.19	222.00	239.88	256.19	274.44	294.88	312.56	326.75	331.94	328.31	322.00	322.94	340.50	367.31	396.44	411.88	416.50	412.44	404.56	400.38	399.06	400.25	398.00	383.25	357.00	325.75	294.56	280.75	278.50	284.88	295.06	311.50	327.50	345.88	354.44	356.62	351.50	341.00	332.56	329.88	330.62	330.56	328.31	324.81	319.19	309.25	289.31	260.06	232.50	209.88	203.31	210.94	233.50	258.75	287.88	320.00	348.38	377.69	402.88	421.88	438.88	450.31	459.19	471.12	483.06	498.12	508.75	521.19	533.50	544.69	557.75	568.62	577.44	586.06	591.69	598.69	606.00	611.69	614.25	614.44	613.00	611.44	612.50	617.69	627.25	637.25	649.25	657.69	667.19	675.31	680.44
1324.75	1320.50	1316.00	1311.75	1307.75	1303.25	1298.50	1293.00	1288.25	1285.00	1281.00	1277.25	1275.00	1272.75	1270.25	1266.50	1263.00	1258.75	1254.50	1250.75	1246.25	1243.00	1239.25	1235.00	1230.00	1224.00	1216.25	1211.25	1206.75	1200.50	1190.50	1182.00	1175.25	1168.00	1160.50	1152.25	1139.25	1121.00	1101.50	1085.75	1073.50	1048.00	1022.50	1010.50	1000.00	990.50	982.75	968.00	957.00	945.00	934.00	924.50	915.25	908.25	901.25	894.00	887.50	881.00	876.00	870.50	863.75	857.25	849.50	842.00	835.50	826.50	818.25	808.50	797.00	786.50	772.75	762.00	748.25	735.50	725.75	715.00	705.00	695.00	683.75	675.50	667.00	654.25	644.00	628.25	607.50	582.25	559.25	533.75	510.00	483.00	456.25	419.25	389.00	358.00	319.25	296.50	278.00	272.00	268.75	262.75	251.25	241.00	230.00	223.00	217.50	212.00	207.25	203.25	200.75	198.50	196.00	193.50	189.00	183.75	177.25	169.25	163.50	158.50	154.75	150.50	145.00	141.00	135.50	132.50	128.00	127.25	131.50	133.25	126.25	116.00	104.00	94.50	89.00	84.50	80.50	75.50	70.00	68.25	70.25	76.50	86.75	97.25	101.50	102.00	99.25	96.25	93.25	92.00	91.75	91.00	91.50	92.50	96.00	100.50	108.75	116.25	123.75	133.00	143.50	156.75	169.00	180.50	189.25	196.25	203.75	213.75	225.00	241.00	256.00	271.25	288.50	303.75	316.25	319.75	314.25	305.50	303.25	321.75	351.00	381.25	396.50	399.25	395.00	387.50	383.50	383.50	387.50	388.25	377.25	351.75	317.50	279.00	259.00	249.25	251.50	261.50	279.25	295.25	312.50	320.50	322.50	318.50	307.25	296.75	293.50	296.50	300.00	300.00	296.50	288.25	275.50	255.00	227.25	202.50	184.00	184.00	199.50	232.75	264.00	293.50	323.00	346.50	370.75	391.25	408.00	425.00	440.00	454.50	471.50	485.50	502.25	513.25	526.25	538.00	549.00	560.75	570.50	578.00	585.50	590.00	597.00	604.50	610.75	613.50	612.75	610.00	606.00	605.00	608.50	616.00	626.00	638.00	646.25	655.75	664.25	670.50
1324.75	1320.50	1316.00	1311.75	1307.75	1303.25	1298.50	1293.00	1288.25	1285.00	1281.00	1277.25	1275.00	1272.75	1270.25	1266.50	1263.00	1258.75	1254.50	1250.75	1246.25	1243.00	1239.25	1235.00	1230.00	1224.00	1216.25	1211.25	1206.75	1200.50	1190.50	1182.00	1175.25	1168.00	1160.50	1152.25	1139.25	1121.00	1101.50	1085.75	1073.50	1048.00	1022.50	1010.50	1000.00	990.50	982.75	968.00	957.00	945.00	934.00	924.50	915.25	908.25	901.25	894.00	887.50	881.00	876.00	870.50	863.75	857.25	849.50	842.00	835.50	826.50	818.25	808.50	797.00	786.50	772.75	762.00	748.25	735.50	725.75	715.00	705.00	695.00	683.75	675.50	667.00	654.25	644.00	628.25	607.50	582.25	559.25	533.75	510.00	483.00	456.25	419.25	389.00	358.00	319.25	296.50	278.00	272.00	268.75	262.75	251.25	241.00	230.00	223.00	217.50	212.00	207.25	203.25	200.75	198.50	196.00	193.50	189.00	183.75	177.25	169.25	163.50	158.50	154.75	150.50	145.00	141.00	135.50	132.50	128.00	127.25	131.50	133.25	126.25	116.00	104.00	94.50	89.00	84.50	80.50	75.50	70.00	68.25	70.25	76.50	86.75	97.25	101.50	102.00	99.25	96.25	93.25	92.00	91.75	91.00	91.50	92.50	96.00	100.50	108.75	116.25	123.75	133.00	143.50	156.75	169.00	180.50	189.25	196.25	203.75	213.75	225.00	241.00	256.00	271.25	288.50	303.75	316.25	319.75	314.25	305.50	303.25	321.75	351.00	381.25	396.50	399.25	395.00	387.50	383.50	383.50	387.50	388.25	377.25	351.75	317.50	279.00	259.00	249.25	251.50	261.50	279.25	295.25	312.50	320.50	322.50	318.50	307.25	296.75	293.50	296.50	300.00	300.00	296.50	288.25	275.50	255.00	227.25	202.50	184.00	184.00	199.50	232.75	264.00	293.50	323.00	346.50	370.75	391.25	408.00	425.00	440.00	454.50	471.50	485.50	502.25	513.25	526.25	538.00	549.00	560.75	570.50	578.00	585.50	590.00	597.00	604.50	610.75	613.50	612.75	610.00	606.00	605.00	608.50	616.00	626.00	638.00	646.25	655.75	664.25	670.50
1328.12	1324.25	1319.94	1315.50	1311.31	1306.81	1302.25	1296.75	1292.38	1288.38	1284.00	1280.25	1277.81	1275.75	1273.25	1269.88	1266.56	1262.50	1257.88	1254.12	1249.62	1246.19	1243.38	1239.31	1234.88	1229.62	1223.00	1218.00	1212.94	1207.62	1200.06	1193.25	1188.19	1182.25	1175.69	1168.38	1154.44	1137.50	1117.81	1099.06	1086.25	1062.62	1036.19	1020.25	1005.44	995.38	986.31	968.38	956.25	944.25	933.25	924.12	915.25	908.81	901.44	893.44	886.75	879.50	873.94	867.69	860.75	853.88	845.94	839.19	832.50	822.75	814.31	805.31	794.38	783.50	770.12	759.56	746.38	733.25	722.75	710.12	699.56	689.00	677.94	668.75	659.88	648.44	640.25	627.12	611.25	593.50	574.25	554.56	534.00	510.19	485.31	452.25	426.12	396.06	355.06	326.50	298.62	288.88	283.00	278.88	272.62	265.75	259.44	255.62	252.94	249.69	247.75	246.00	244.06	242.38	240.25	237.75	234.00	229.50	224.88	219.50	214.88	210.06	205.94	200.75	194.88	189.75	183.50	179.56	171.31	167.00	169.94	171.12	162.62	151.44	137.75	127.12	120.50	116.56	113.31	108.69	100.75	95.81	92.00	93.00	98.75	105.12	107.12	106.50	102.81	99.06	94.56	92.75	92.50	91.75	91.88	92.69	94.69	98.44	105.38	111.56	118.50	127.75	138.62	152.62	166.19	178.25	188.88	197.38	206.75	217.69	228.75	242.50	253.75	265.06	277.62	289.12	298.81	301.75	295.69	285.62	282.06	299.06	327.94	355.56	367.25	367.38	362.00	355.62	353.12	354.81	360.88	364.44	357.19	334.50	300.25	258.56	235.38	219.62	216.62	222.31	234.81	246.12	257.75	262.94	265.31	264.69	257.19	248.75	247.38	252.25	257.62	257.81	253.00	242.31	228.81	211.12	187.69	168.75	158.69	170.50	197.81	244.94	283.50	312.81	337.62	353.62	370.19	386.56	402.00	422.00	442.44	462.38	482.19	496.56	511.62	522.25	535.06	545.50	554.25	563.38	572.00	578.75	584.56	587.75	592.12	598.50	605.69	610.31	610.31	606.62	600.75	596.75	595.19	598.38	607.25	619.06	626.38	634.94	643.44	650.06
1329.25	1325.50	1321.25	1316.75	1312.50	1308.00	1303.50	1298.00	1293.75	1289.50	1285.00	1281.25	1278.75	1276.75	1274.25	1271.00	1267.75	1263.75	1259.00	1255.25	1250.75	1247.25	1244.75	1240.75	1236.50	1231.50	1225.25	1220.25	1215.00	1210.00	1203.25	1197.00	1192.50	1187.00	1180.75	1173.75	1159.50	1143.00	1123.25	1103.50	1090.50	1067.50	1040.75	1023.50	1007.25	997.00	987.50	968.50	956.00	944.00	933.00	924.00	915.25	909.00	901.50	893.25	886.50	879.00	873.25	866.75	859.75	852.75	844.75	838.25	831.50	821.50	813.00	804.25	793.50	782.50	769.25	758.75	745.75	732.50	721.75	708.50	697.75	687.00	676.00	666.50	657.50	646.50	639.00	626.75	612.50	597.25	579.25	561.50	542.00	519.25	495.00	463.25	438.50	408.75	367.00	336.50	305.50	294.50	287.75	284.25	279.75	274.00	269.25	266.50	264.75	262.25	261.25	260.25	258.50	257.00	255.00	252.50	249.00	244.75	240.75	236.25	232.00	227.25	223.00	217.50	211.50	206.00	199.50	195.25	185.75	180.25	182.75	183.75	174.75	163.25	149.00	138.00	131.00	127.25	124.25	119.75	111.00	105.00	99.25	98.50	102.75	107.75	109.00	108.00	104.00	100.00	95.00	93.00	92.75	92.00	92.00	92.75	94.25	97.75	104.25	110.00	116.75	126.00	137.00	151.25	165.25	177.50	188.75	197.75	207.75	219.00	230.00	243.00	253.00	263.00	274.00	284.25	293.00	295.75	289.50	279.00	275.00	291.50	320.25	347.00	357.50	356.75	351.00	345.00	343.00	345.25	352.00	356.50	350.50	328.75	294.50	251.75	227.50	209.75	205.00	209.25	220.00	229.75	239.50	243.75	246.25	246.75	240.50	232.75	232.00	237.50	243.50	243.75	238.50	227.00	213.25	196.50	174.50	157.50	150.25	166.00	197.25	249.00	290.00	319.25	342.50	356.00	370.00	385.00	400.00	421.00	443.25	465.00	485.75	500.25	514.75	525.25	538.00	548.00	556.00	564.25	572.50	579.00	584.25	587.00	590.50	596.50	604.00	609.25	609.50	605.50	599.00	594.00	590.75	592.50	601.00	612.75	619.75	628.00	636.50	643.25
1330.75	1327.00	1322.75	1318.50	1314.50	1309.75	1305.00	1299.50	1294.75	1290.25	1286.00	1282.25	1279.38	1277.50	1275.25	1272.25	1269.25	1265.25	1260.75	1257.00	1252.75	1249.12	1246.38	1242.75	1238.50	1234.00	1228.38	1223.62	1218.50	1213.50	1208.12	1202.38	1198.38	1193.25	1187.00	1180.38	1168.12	1154.00	1135.62	1114.25	1099.12	1079.25	1056.88	1038.00	1014.38	1002.50	994.25	970.12	955.00	941.62	930.00	921.12	912.50	906.12	898.25	889.75	882.50	874.50	868.50	861.50	853.50	846.50	838.62	831.50	824.00	814.00	805.38	796.62	786.25	775.38	762.25	751.75	738.50	725.50	714.25	700.75	689.38	678.50	667.50	658.12	649.75	640.75	634.50	624.38	613.25	600.75	586.12	571.62	554.75	535.00	513.62	485.00	460.25	429.00	390.75	360.25	327.38	318.50	312.12	306.62	302.00	298.00	294.62	293.25	292.75	291.25	290.62	290.12	288.38	287.00	285.62	283.50	280.25	276.25	273.00	268.88	265.38	261.62	257.12	251.00	245.75	239.88	233.38	227.75	220.38	216.88	218.12	218.62	209.50	199.12	186.25	175.75	168.62	163.88	159.88	154.75	145.50	137.88	127.12	121.00	117.88	114.88	112.38	109.50	106.00	101.62	96.12	94.00	93.50	92.62	92.50	93.38	94.25	96.62	101.25	105.75	111.62	120.00	130.75	144.50	159.00	171.25	185.00	195.75	207.12	219.50	230.00	240.50	247.50	254.12	261.38	269.12	276.00	277.88	271.75	261.25	257.62	273.88	302.38	327.50	334.88	330.00	321.50	314.62	313.12	316.00	322.50	325.50	317.12	295.75	263.88	225.12	202.62	185.12	177.50	175.75	180.50	185.75	190.75	192.50	193.75	195.38	192.00	187.50	187.75	193.50	199.62	199.88	196.12	187.88	178.00	165.50	148.50	137.00	138.25	164.88	205.25	267.75	313.00	342.50	361.88	369.25	379.25	393.12	409.25	433.50	459.12	481.25	500.12	511.50	523.12	532.75	544.00	552.00	557.88	564.62	572.88	579.88	583.50	583.38	583.88	589.50	597.50	604.00	606.00	603.25	596.12	588.00	578.88	576.50	584.62	596.12	602.38	611.12	619.88	626.75
1332.25	1328.50	1324.25	1320.25	1316.50	1311.50	1306.50	1301.00	1295.75	1291.00	1287.00	1283.25	1280.00	1278.25	1276.25	1273.50	1270.75	1266.75	1262.50	1258.75	1254.75	1251.00	1248.00	1244.75	1240.50	1236.50	1231.50	1227.00	1222.00	1217.00	1213.00	1207.75	1204.25	1199.50	1193.25	1187.00	1176.75	1165.00	1148.00	1125.00	1107.75	1091.00	1073.00	1052.50	1021.50	1008.00	1001.00	971.75	954.00	939.25	927.00	918.25	909.75	903.25	895.00	886.25	878.50	870.00	863.75	856.25	847.25	840.25	832.50	824.75	816.50	806.50	797.75	789.00	779.00	768.25	755.25	744.75	731.25	718.50	706.75	693.00	681.00	670.00	659.00	649.75	642.00	635.00	630.00	622.00	614.00	604.25	593.00	581.75	567.50	550.75	532.25	506.75	482.00	449.25	414.50	384.00	349.25	342.50	336.50	329.00	324.25	322.00	320.00	320.00	320.75	320.25	320.00	320.00	318.25	317.00	316.25	314.50	311.50	307.75	305.25	301.50	298.75	296.00	291.25	284.50	280.00	273.75	267.25	260.25	255.00	253.50	253.50	253.50	244.25	235.00	223.50	213.50	206.25	200.50	195.50	189.75	180.00	170.75	155.00	143.50	133.00	122.00	115.75	111.00	108.00	103.25	97.25	95.00	94.25	93.25	93.00	94.00	94.25	95.50	98.25	101.50	106.50	114.00	124.50	137.75	152.75	165.00	181.25	193.75	206.50	220.00	230.00	238.00	242.00	245.25	248.75	254.00	259.00	260.00	254.00	243.50	240.25	256.25	284.50	308.00	312.25	303.25	292.00	284.25	283.25	286.75	293.00	294.50	283.75	262.75	233.25	198.50	177.75	160.50	150.00	142.25	141.00	141.75	142.00	141.25	141.25	144.00	143.50	142.25	143.50	149.50	155.75	156.00	153.75	148.75	142.75	134.50	122.50	116.50	126.25	163.75	213.25	286.50	336.00	365.75	381.25	382.50	388.50	401.25	418.50	446.00	475.00	497.50	514.50	522.75	531.50	540.25	550.00	556.00	559.75	565.00	573.25	580.75	582.75	579.75	577.25	582.50	591.00	598.75	602.50	601.00	593.25	582.00	567.00	560.50	568.25	579.50	585.00	594.25	603.25	610.25
1333.00	1329.12	1324.94	1320.94	1317.06	1312.19	1307.25	1301.50	1295.88	1290.62	1285.88	1282.38	1279.06	1277.69	1275.88	1273.44	1270.81	1267.00	1263.00	1259.75	1255.62	1252.00	1248.75	1245.31	1241.19	1237.31	1232.31	1228.06	1223.06	1218.25	1214.19	1208.81	1205.25	1200.38	1193.69	1187.56	1179.19	1168.12	1151.94	1129.81	1113.62	1096.25	1076.81	1056.44	1027.19	1012.50	1004.12	976.25	957.25	939.19	925.50	916.81	908.12	901.38	893.00	884.38	876.50	867.88	861.06	853.50	844.50	837.38	829.31	821.50	813.25	803.12	794.38	785.62	775.50	764.88	752.06	741.56	728.38	715.62	703.88	690.25	678.25	667.50	656.69	647.69	640.31	633.75	629.00	621.31	614.25	605.69	594.75	584.31	570.75	554.81	537.25	512.88	489.25	458.50	426.25	397.88	365.38	356.44	349.56	342.50	338.12	335.81	334.00	334.12	335.25	334.44	333.94	333.75	332.06	330.69	329.62	327.50	324.75	321.31	318.88	315.56	312.81	309.81	305.38	299.25	294.50	288.75	282.81	276.31	271.31	269.06	267.81	266.94	258.75	250.38	239.44	230.00	222.94	217.00	212.00	206.69	198.75	190.00	174.69	162.00	148.94	133.75	124.75	117.88	113.94	108.50	101.50	98.25	96.50	94.69	94.25	95.19	95.44	96.38	98.56	101.19	105.44	112.00	121.62	134.12	148.19	160.44	176.94	189.94	203.12	216.50	226.25	233.50	236.25	238.06	239.88	242.94	246.06	246.06	240.31	230.88	228.19	243.06	269.62	291.31	294.62	284.94	273.25	265.06	263.56	266.31	270.75	269.56	257.00	235.88	208.44	176.75	158.12	142.44	132.12	123.81	121.25	121.00	120.31	119.00	118.50	120.50	120.38	119.56	120.25	125.62	131.69	132.69	131.50	128.81	125.31	119.88	111.25	108.62	122.69	164.88	217.69	292.44	340.81	368.44	380.88	380.62	387.12	402.25	422.50	451.94	481.12	501.31	516.56	524.62	534.06	542.44	550.62	554.75	557.94	564.06	572.75	580.19	581.56	577.88	573.94	577.00	583.81	590.50	593.94	592.94	585.94	575.00	559.25	550.62	556.62	568.88	577.12	588.38	598.38	605.44
1335.25	1331.00	1327.00	1323.00	1318.75	1314.25	1309.50	1303.00	1296.25	1289.50	1282.50	1279.75	1276.25	1276.00	1274.75	1273.25	1271.00	1267.75	1264.50	1262.75	1258.25	1255.00	1251.00	1247.00	1243.25	1239.75	1234.75	1231.25	1226.25	1222.00	1217.75	1212.00	1208.25	1203.00	1195.00	1189.25	1186.50	1177.50	1163.75	1144.25	1131.25	1112.00	1088.25	1068.25	1044.25	1026.00	1013.50	989.75	967.00	939.00	921.00	912.50	903.25	895.75	887.00	878.75	870.50	861.50	853.00	845.25	836.25	828.75	819.75	811.75	803.50	793.00	784.25	775.50	765.00	754.75	742.50	732.00	719.75	707.00	695.25	682.00	670.00	660.00	649.75	641.50	635.25	630.00	626.00	619.25	615.00	610.00	600.00	592.00	580.50	567.00	552.25	531.25	511.00	486.25	461.50	439.50	413.75	398.25	388.75	383.00	379.75	377.25	376.00	376.50	378.75	377.00	375.75	375.00	373.50	371.75	369.75	366.50	364.50	362.00	359.75	357.75	355.00	351.25	347.75	343.50	338.00	333.75	329.50	324.50	320.25	315.75	310.75	307.25	302.25	296.50	287.25	279.50	273.00	266.50	261.50	257.50	255.00	247.75	233.75	217.50	196.75	169.00	151.75	138.50	131.75	124.25	114.25	108.00	103.25	99.00	98.00	98.75	99.00	99.00	99.50	100.25	102.25	106.00	113.00	123.25	134.50	146.75	164.00	178.50	193.00	206.00	215.00	220.00	219.00	216.50	213.25	209.75	207.25	204.25	199.25	193.00	192.00	203.50	225.00	241.25	241.75	230.00	217.00	207.50	204.50	205.00	204.00	194.75	176.75	155.25	134.00	111.50	99.25	88.25	78.50	68.50	62.00	58.75	55.25	52.25	50.25	50.00	51.00	51.50	50.50	54.00	59.50	62.75	64.75	69.00	73.00	76.00	77.50	85.00	112.00	168.25	231.00	310.25	355.25	376.50	379.75	375.00	383.00	405.25	434.50	469.75	499.50	512.75	522.75	530.25	541.75	549.00	552.50	551.00	552.50	561.25	571.25	578.50	578.00	572.25	564.00	560.50	562.25	565.75	568.25	568.75	564.00	554.00	536.00	521.00	521.75	537.00	553.50	570.75	583.75	591.00
1335.62	1331.50	1327.44	1323.44	1319.19	1314.56	1309.69	1303.06	1296.19	1289.25	1282.00	1279.00	1275.19	1274.94	1274.00	1272.44	1270.25	1267.00	1264.00	1262.69	1258.44	1255.25	1251.31	1247.50	1243.88	1240.31	1235.50	1232.00	1227.12	1222.75	1218.31	1212.50	1208.56	1203.25	1195.25	1189.38	1187.25	1179.00	1166.75	1149.00	1136.94	1118.00	1094.50	1075.31	1052.12	1033.62	1018.56	993.56	969.75	939.50	920.19	911.69	902.50	894.94	886.00	877.62	869.25	860.00	851.56	843.69	834.75	827.00	817.94	809.81	801.50	790.88	782.00	773.25	762.75	752.69	740.62	730.25	718.19	705.62	694.19	681.19	669.50	659.31	649.25	641.38	635.31	630.38	626.44	619.88	615.88	611.19	601.56	594.06	583.00	569.94	556.00	536.12	516.75	493.44	469.81	449.00	424.69	409.81	400.56	395.00	391.44	388.75	387.75	387.88	389.69	387.50	386.12	385.19	383.56	381.69	379.56	376.50	374.50	372.00	369.69	367.50	364.81	361.19	357.81	353.81	348.62	344.56	340.38	335.69	331.62	327.31	322.56	318.88	313.81	308.31	299.38	291.62	285.06	278.94	274.19	269.88	266.56	259.94	249.62	235.50	215.81	188.50	170.06	154.00	143.81	134.50	122.81	115.62	110.12	104.81	103.00	102.38	101.31	100.69	101.12	101.81	103.50	106.75	112.62	121.56	131.75	142.88	159.44	173.69	187.75	200.31	208.62	213.00	211.69	208.75	204.50	199.69	195.81	192.19	187.06	181.00	179.38	188.81	206.69	220.31	219.94	208.62	196.50	187.62	184.62	184.25	182.38	173.44	156.31	136.19	116.50	96.19	85.19	75.00	66.25	56.94	52.00	49.81	46.94	44.19	42.44	43.00	44.38	44.88	43.25	46.12	50.81	52.81	54.06	58.31	61.88	65.19	67.50	75.25	102.50	158.38	220.12	298.06	342.06	363.06	366.94	363.12	373.12	399.19	431.50	468.06	497.12	509.12	519.06	527.50	539.62	546.44	548.75	547.00	549.31	559.56	570.00	577.00	576.50	571.19	563.38	559.38	559.69	561.38	562.25	561.50	556.12	546.19	528.00	511.75	509.50	523.12	542.31	563.69	578.88	586.62
1336.75	1333.00	1328.75	1324.75	1320.50	1315.50	1310.25	1303.25	1296.00	1288.50	1280.50	1276.75	1272.00	1271.75	1271.75	1270.00	1268.00	1264.75	1262.50	1262.50	1259.00	1256.00	1252.25	1249.00	1245.75	1242.00	1237.75	1234.25	1229.75	1225.00	1220.00	1214.00	1209.50	1204.00	1196.00	1189.75	1189.50	1183.50	1175.75	1163.25	1154.00	1136.00	1113.25	1096.50	1075.75	1056.50	1033.75	1005.00	978.00	941.00	917.75	909.25	900.25	892.50	883.00	874.25	865.50	855.50	847.25	839.00	830.25	821.75	812.50	804.00	795.50	784.50	775.25	766.50	756.00	746.50	735.00	725.00	713.50	701.50	691.00	678.75	668.00	657.25	647.75	641.00	635.50	631.50	627.75	621.75	618.50	614.75	606.25	600.25	590.50	578.75	567.25	550.75	534.00	515.00	494.75	477.50	457.50	444.50	436.00	431.00	426.50	423.25	423.00	422.00	422.50	419.00	417.25	415.75	413.75	411.50	409.00	406.50	404.50	402.00	399.50	396.75	394.25	391.00	388.00	384.75	380.50	377.00	373.00	369.25	365.75	362.00	358.00	353.75	348.50	343.75	335.75	328.00	321.25	316.25	312.25	307.00	301.25	296.50	297.25	289.50	273.00	247.00	225.00	200.50	180.00	165.25	148.50	138.50	130.75	122.25	118.00	113.25	108.25	105.75	106.00	106.50	107.25	109.00	111.50	116.50	123.50	131.25	145.75	159.25	172.00	183.25	189.50	192.00	189.75	185.50	178.25	169.50	161.50	156.00	150.50	145.00	141.50	144.75	151.75	157.50	154.50	144.50	135.00	128.00	125.00	122.00	117.50	109.50	95.00	79.00	64.00	50.25	43.00	35.25	29.50	22.25	22.00	23.00	22.00	20.00	19.00	22.00	24.50	25.00	21.50	22.50	24.75	23.00	22.00	26.25	28.50	32.75	37.50	46.00	74.00	128.75	187.50	261.50	302.50	322.75	328.50	327.50	343.50	381.00	422.50	463.00	490.00	498.25	508.00	519.25	533.25	538.75	537.50	535.00	539.75	554.50	566.25	572.50	572.00	568.00	561.50	556.00	552.00	548.25	544.25	539.75	532.50	522.75	504.00	484.00	472.75	481.50	508.75	542.50	564.25	573.50
1336.75	1333.00	1328.75	1324.75	1320.50	1315.50	1310.25	1303.25	1296.00	1288.50	1280.50	1276.75	1272.00	1271.75	1271.75	1270.00	1268.00	1264.75	1262.50	1262.50	1259.00	1256.00	1252.25	1249.00	1245.75	1242.00	1237.75	1234.25	1229.75	1225.00	1220.00	1214.00	1209.50	1204.00	1196.00	1189.75	1189.50	1183.50	1175.75	1163.25	1154.00	1136.00	1113.25	1096.50	1075.75	1056.50	1033.75	1005.00	978.00	941.00	917.75	909.25	900.25	892.50	883.00	874.25	865.50	855.50	847.25	839.00	830.25	821.75	812.50	804.00	795.50	784.50	775.25	766.50	756.00	746.50	735.00	725.00	713.50	701.50	691.00	678.75	668.00	657.25	647.75	641.00	635.50	631.50	627.75	621.75	618.50	614.75	606.25	600.25	590.50	578.75	567.25	550.75	534.00	515.00	494.75	477.50	457.50	444.50	436.00	431.00	426.50	423.25	423.00	422.00	422.50	419.00	417.25	415.75	413.75	411.50	409.00	406.50	404.50	402.00	399.50	396.75	394.25	391.00	388.00	384.75	380.50	377.00	373.00	369.25	365.75	362.00	358.00	353.75	348.50	343.75	335.75	328.00	321.25	316.25	312.25	307.00	301.25	296.50	297.25	289.50	273.00	247.00	225.00	200.50	180.00	165.25	148.50	138.50	130.75	122.25	118.00	113.25	108.25	105.75	106.00	106.50	107.25	109.00	111.50	116.50	123.50	131.25	145.75	159.25	172.00	183.25	189.50	192.00	189.75	185.50	178.25	169.50	161.50	156.00	150.50	145.00	141.50	144.75	151.75	157.50	154.50	144.50	135.00	128.00	125.00	122.00	117.50	109.50	95.00	79.00	64.00	50.25	43.00	35.25	29.50	22.25	22.00	23.00	22.00	20.00	19.00	22.00	24.50	25.00	21.50	22.50	24.75	23.00	22.00	26.25	28.50	32.75	37.50	46.00	74.00	128.75	187.50	261.50	302.50	322.75	328.50	327.50	343.50	381.00	422.50	463.00	490.00	498.25	508.00	519.25	533.25	538.75	537.50	535.00	539.75	554.50	566.25	572.50	572.00	568.00	561.50	556.00	552.00	548.25	544.25	539.75	532.50	522.75	504.00	484.00	472.75	481.50	508.75	542.50	564.25	573.50
1337.69	1333.75	1329.12	1324.75	1320.69	1315.50	1310.25	1302.31	1293.94	1286.25	1277.50	1272.44	1269.56	1267.62	1266.69	1265.31	1264.25	1263.06	1261.75	1260.81	1258.25	1255.81	1252.81	1249.94	1247.25	1243.69	1239.44	1236.31	1232.00	1227.25	1222.25	1216.06	1210.06	1203.62	1197.12	1192.38	1189.69	1185.75	1181.38	1173.38	1166.75	1153.25	1135.19	1120.31	1099.00	1077.12	1049.69	1014.56	983.25	940.62	914.19	905.88	896.69	888.56	878.88	869.75	861.00	850.62	842.00	833.56	824.44	815.56	805.94	797.06	788.00	776.62	767.56	758.62	748.50	739.56	729.00	719.56	708.81	698.12	688.56	677.44	667.62	657.62	648.69	642.31	637.00	633.00	629.44	623.62	620.75	617.56	609.81	605.12	596.50	586.81	577.56	563.69	550.50	534.69	518.00	504.12	488.25	478.06	470.50	465.69	460.62	456.44	455.25	453.12	451.94	447.69	445.56	443.50	441.12	438.50	436.00	433.50	430.75	428.25	425.75	423.00	420.12	416.88	414.25	411.19	407.50	405.31	401.69	398.31	395.19	392.00	388.19	384.50	379.25	374.69	367.81	360.62	354.25	349.25	345.25	340.38	333.88	330.06	328.56	322.50	315.00	298.56	278.44	251.50	225.56	206.69	187.12	174.88	164.50	152.25	143.69	132.38	121.19	114.94	112.19	114.00	114.75	115.75	117.12	118.75	122.38	126.38	136.00	147.06	157.75	167.31	171.88	172.12	168.94	163.00	154.06	143.25	133.38	126.56	120.50	114.62	109.81	108.00	106.94	106.50	102.38	95.38	89.06	83.38	80.00	77.00	73.25	67.69	58.06	47.88	37.38	29.06	26.50	22.69	20.88	19.44	26.31	32.19	38.50	42.12	46.00	52.19	57.12	59.12	54.88	52.50	48.38	42.50	37.94	33.75	27.94	23.94	22.12	24.62	41.94	80.75	126.19	190.25	231.81	259.00	280.31	298.62	330.00	374.25	416.88	454.75	475.19	480.62	492.06	507.06	521.44	525.25	523.44	522.25	528.88	542.50	552.38	559.19	560.94	559.00	555.31	551.12	546.19	541.50	534.31	526.44	517.69	508.88	493.50	469.75	443.50	435.75	460.75	502.00	533.88	547.44
1338.00	1334.00	1329.25	1324.75	1320.75	1315.50	1310.25	1302.00	1293.25	1285.50	1276.50	1271.00	1268.75	1266.25	1265.00	1263.75	1263.00	1262.50	1261.50	1260.25	1258.00	1255.75	1253.00	1250.25	1247.75	1244.25	1240.00	1237.00	1232.75	1228.00	1223.00	1216.75	1210.25	1203.50	1197.50	1193.25	1189.75	1186.50	1183.25	1176.75	1171.00	1159.00	1142.50	1128.25	1106.75	1084.00	1055.00	1017.75	985.00	940.50	913.00	904.75	895.50	887.25	877.50	868.25	859.50	849.00	840.25	831.75	822.50	813.50	803.75	794.75	785.50	774.00	765.00	756.00	746.00	737.25	727.00	717.75	707.25	697.00	687.75	677.00	667.50	657.75	649.00	642.75	637.50	633.50	630.00	624.25	621.50	618.50	611.00	606.75	598.50	589.50	581.00	568.00	556.00	541.25	525.75	513.00	498.50	489.25	482.00	477.25	472.00	467.50	466.00	463.50	461.75	457.25	455.00	452.75	450.25	447.50	445.00	442.50	439.50	437.00	434.50	431.75	428.75	425.50	423.00	420.00	416.50	414.75	411.25	408.00	405.00	402.00	398.25	394.75	389.50	385.00	378.50	371.50	365.25	360.25	356.25	351.50	344.75	341.25	339.00	333.50	329.00	315.75	296.25	268.50	240.75	220.50	200.00	187.00	175.75	162.25	152.25	138.75	125.50	118.00	114.25	116.50	117.25	118.00	119.00	119.50	122.00	124.75	132.75	143.00	153.00	162.00	166.00	165.50	162.00	155.50	146.00	134.50	124.00	116.75	110.50	104.50	99.25	95.75	92.00	89.50	85.00	79.00	73.75	68.50	65.00	62.00	58.50	53.75	45.75	37.50	28.50	22.00	21.00	18.50	18.00	18.50	27.75	35.25	44.00	49.50	55.00	62.25	68.00	70.50	66.00	62.50	56.25	49.00	43.25	36.25	27.75	21.00	17.00	17.50	31.25	64.75	105.75	166.50	208.25	237.75	264.25	289.00	325.50	372.00	415.00	452.00	470.25	474.75	486.75	503.00	517.50	520.75	518.75	518.00	525.25	538.50	547.75	554.75	557.25	556.00	553.25	549.50	544.25	539.25	531.00	522.00	512.75	504.25	490.00	465.00	433.75	420.50	444.75	488.50	523.75	538.75
1338.50	1334.50	1329.38	1325.00	1320.88	1315.12	1309.25	1300.25	1291.25	1283.50	1274.25	1267.62	1265.12	1262.50	1260.75	1260.50	1261.50	1262.12	1261.00	1258.75	1256.88	1255.12	1252.88	1250.25	1247.75	1244.88	1241.12	1238.38	1234.00	1229.50	1224.50	1217.88	1211.75	1204.75	1199.00	1194.75	1191.00	1188.00	1186.00	1181.62	1177.12	1167.75	1153.88	1140.50	1118.25	1093.75	1063.00	1022.00	986.75	942.12	912.62	902.12	892.50	883.88	874.00	864.62	855.75	845.00	836.12	827.38	818.00	808.88	798.88	789.75	780.25	769.00	759.88	750.88	741.25	732.88	723.25	714.50	705.00	695.75	687.38	677.38	668.50	659.38	650.88	644.38	639.00	635.00	631.38	625.50	622.75	619.75	612.62	609.00	601.50	593.38	586.38	575.38	565.00	552.75	539.38	528.50	516.12	508.00	501.62	497.00	491.62	487.12	484.50	481.75	479.00	474.75	471.88	469.25	466.75	464.00	461.38	458.50	455.50	453.00	450.12	447.25	444.50	441.50	439.00	436.12	433.00	431.38	428.25	425.12	422.38	419.50	416.00	412.38	407.50	403.00	397.00	390.75	385.00	379.75	375.75	371.00	364.88	361.12	356.62	350.75	348.12	338.00	321.88	297.75	271.62	252.38	232.00	218.00	204.38	187.50	174.25	156.75	139.88	129.38	122.75	123.50	124.12	124.62	125.50	125.00	125.62	126.88	132.25	140.00	147.62	153.88	155.75	153.75	149.00	141.62	131.25	120.00	109.50	101.88	95.00	89.00	83.62	78.75	73.12	68.88	64.88	60.00	56.62	53.00	49.62	47.88	45.50	42.50	38.50	34.75	30.50	29.50	31.50	32.12	33.75	40.00	56.38	70.62	87.00	96.50	103.75	112.25	120.00	123.88	118.50	111.25	100.75	91.62	85.25	73.62	58.62	42.75	28.75	21.25	23.38	42.25	70.62	118.38	157.38	190.50	228.38	268.75	316.62	365.00	406.50	441.38	458.88	466.12	480.62	498.00	511.38	513.00	510.25	509.50	515.00	522.62	529.00	536.75	544.88	548.00	547.38	542.25	535.25	526.75	514.12	501.75	492.12	486.50	477.25	455.25	420.88	396.25	410.12	451.00	492.62	514.88
1339.00	1335.00	1329.50	1325.25	1321.00	1314.75	1308.25	1298.50	1289.25	1281.50	1272.00	1264.25	1261.50	1258.75	1256.50	1257.25	1260.00	1261.75	1260.50	1257.25	1255.75	1254.50	1252.75	1250.25	1247.75	1245.50	1242.25	1239.75	1235.25	1231.00	1226.00	1219.00	1213.25	1206.00	1200.50	1196.25	1192.25	1189.50	1188.75	1186.50	1183.25	1176.50	1165.25	1152.75	1129.75	1103.50	1071.00	1026.25	988.50	943.75	912.25	899.50	889.50	880.50	870.50	861.00	852.00	841.00	832.00	823.00	813.50	804.25	794.00	784.75	775.00	764.00	754.75	745.75	736.50	728.50	719.50	711.25	702.75	694.50	687.00	677.75	669.50	661.00	652.75	646.00	640.50	636.50	632.75	626.75	624.00	621.00	614.25	611.25	604.50	597.25	591.75	582.75	574.00	564.25	553.00	544.00	533.75	526.75	521.25	516.75	511.25	506.75	503.00	500.00	496.25	492.25	488.75	485.75	483.25	480.50	477.75	474.50	471.50	469.00	465.75	462.75	460.25	457.50	455.00	452.25	449.50	448.00	445.25	442.25	439.75	437.00	433.75	430.00	425.50	421.00	415.50	410.00	404.75	399.25	395.25	390.50	385.00	381.00	374.25	368.00	367.25	360.25	347.50	327.00	302.50	284.25	264.00	249.00	233.00	212.75	196.25	174.75	154.25	140.75	131.25	130.50	131.00	131.25	132.00	130.50	129.25	129.00	131.75	137.00	142.25	145.75	145.50	142.00	136.00	127.75	116.50	105.50	95.00	87.00	79.50	73.50	68.00	61.75	54.25	48.25	44.75	41.00	39.50	37.50	34.25	33.75	32.50	31.25	31.25	32.00	32.50	37.00	42.00	45.75	49.50	61.50	85.00	106.00	130.00	143.50	152.50	162.25	172.00	177.25	171.00	160.00	145.25	134.25	127.25	111.00	89.50	64.50	40.50	25.00	15.50	19.75	35.50	70.25	106.50	143.25	192.50	248.50	307.75	358.00	398.00	430.75	447.50	457.50	474.50	493.00	505.25	505.25	501.75	501.00	504.75	506.75	510.25	518.75	532.50	540.00	541.50	535.00	526.25	514.25	497.25	481.50	471.50	468.75	464.50	445.50	408.00	372.00	375.50	413.50	461.50	491.00
1339.88	1335.50	1330.00	1325.25	1320.88	1314.00	1307.38	1297.00	1287.75	1280.50	1270.50	1261.50	1256.25	1255.62	1253.50	1255.12	1259.50	1261.50	1259.50	1256.62	1254.88	1254.25	1253.25	1250.75	1248.25	1246.50	1243.62	1240.88	1236.50	1232.50	1227.12	1220.50	1215.38	1209.25	1203.12	1198.38	1196.00	1192.50	1191.88	1190.62	1188.00	1181.00	1169.75	1157.25	1133.62	1106.75	1073.75	1027.62	988.75	946.75	914.25	898.12	887.62	878.25	868.00	858.50	849.50	838.25	829.12	820.12	810.25	800.88	790.75	781.50	772.00	761.00	751.75	743.12	734.00	726.25	718.00	710.25	702.38	695.00	688.00	679.88	672.38	664.00	655.75	648.88	643.00	638.75	634.50	628.38	625.75	622.88	616.38	614.00	607.50	601.00	596.75	589.00	581.50	573.62	564.00	556.50	547.75	541.62	536.62	532.25	527.38	522.88	518.50	515.25	511.25	507.25	503.75	500.75	498.25	495.50	492.75	489.50	486.00	483.50	480.50	477.25	474.75	472.00	469.50	466.88	464.50	463.00	460.25	457.50	455.38	452.38	449.25	445.50	441.00	436.88	431.50	426.50	421.38	416.00	411.88	407.00	401.75	397.50	391.12	385.50	382.12	373.62	363.38	347.75	327.50	311.75	293.88	279.50	263.00	239.75	221.25	197.25	175.00	159.38	146.25	142.38	140.62	140.25	141.00	139.38	137.12	136.25	137.38	139.88	141.38	140.88	137.50	131.25	124.12	115.50	104.75	94.50	84.75	77.00	69.75	63.75	58.12	52.12	45.50	40.25	37.25	35.00	35.62	36.75	35.75	38.00	38.50	39.88	44.38	50.62	58.12	69.75	77.88	83.38	87.00	101.62	132.12	160.00	191.25	205.88	213.75	222.88	233.38	239.25	231.75	217.75	201.38	192.00	187.00	171.88	147.00	115.12	80.50	54.75	33.50	23.00	24.88	42.38	68.88	102.25	152.38	214.75	278.25	329.00	368.50	402.38	424.62	439.62	458.50	475.62	486.75	487.12	484.00	483.75	485.12	479.88	479.50	489.12	509.00	521.12	521.75	508.75	494.00	474.12	451.62	433.00	423.62	423.88	426.12	415.75	385.25	346.88	339.12	368.62	421.62	461.75
1340.75	1336.00	1330.50	1325.25	1320.75	1313.25	1306.50	1295.50	1286.25	1279.50	1269.00	1258.75	1251.00	1252.50	1250.50	1253.00	1259.00	1261.25	1258.50	1256.00	1254.00	1254.00	1253.75	1251.25	1248.75	1247.50	1245.00	1242.00	1237.75	1234.00	1228.25	1222.00	1217.50	1212.50	1205.75	1200.50	1199.75	1195.50	1195.00	1194.75	1192.75	1185.50	1174.25	1161.75	1137.50	1110.00	1076.50	1029.00	989.00	949.75	916.25	896.75	885.75	876.00	865.50	856.00	847.00	835.50	826.25	817.25	807.00	797.50	787.50	778.25	769.00	758.00	748.75	740.50	731.50	724.00	716.50	709.25	702.00	695.50	689.00	682.00	675.25	667.00	658.75	651.75	645.50	641.00	636.25	630.00	627.50	624.75	618.50	616.75	610.50	604.75	601.75	595.25	589.00	583.00	575.00	569.00	561.75	556.50	552.00	547.75	543.50	539.00	534.00	530.50	526.25	522.25	518.75	515.75	513.25	510.50	507.75	504.50	500.50	498.00	495.25	491.75	489.25	486.50	484.00	481.50	479.50	478.00	475.25	472.75	471.00	467.75	464.75	461.00	456.50	452.75	447.50	443.00	438.00	432.75	428.50	423.50	418.50	414.00	408.00	403.00	397.00	387.00	379.25	368.50	352.50	339.25	323.75	310.00	293.00	266.75	246.25	219.75	195.75	178.00	161.25	154.25	150.25	149.25	150.00	148.25	145.00	143.50	143.00	142.75	140.50	136.00	129.50	120.50	112.25	103.25	93.00	83.50	74.50	67.00	60.00	54.00	48.25	42.50	36.75	32.25	29.75	29.00	31.75	36.00	37.25	42.25	44.50	48.50	57.50	69.25	83.75	102.50	113.75	121.00	124.50	141.75	179.25	214.00	252.50	268.25	275.00	283.50	294.75	301.25	292.50	275.50	257.50	249.75	246.75	232.75	204.50	165.75	120.50	84.50	51.50	26.25	14.25	14.50	31.25	61.25	112.25	181.00	248.75	300.00	339.00	374.00	401.75	421.75	442.50	458.25	468.25	469.00	466.25	466.50	465.50	453.00	448.75	459.50	485.50	502.25	502.00	482.50	461.75	434.00	406.00	384.50	375.75	379.00	387.75	386.00	362.50	321.75	302.75	323.75	381.75	432.50
1341.25	1336.38	1330.56	1325.19	1320.50	1313.19	1306.62	1295.62	1286.69	1280.00	1269.25	1258.12	1250.19	1252.62	1251.31	1252.75	1258.19	1260.94	1258.38	1256.50	1254.31	1254.44	1254.75	1252.50	1249.81	1248.19	1245.44	1242.50	1238.38	1234.62	1229.38	1223.25	1218.94	1214.00	1207.44	1202.25	1202.00	1198.50	1197.50	1196.38	1193.94	1185.38	1172.31	1159.25	1134.75	1107.50	1074.31	1028.19	988.50	950.06	917.19	897.75	886.56	876.50	865.88	856.25	847.25	835.75	826.44	817.38	807.19	797.75	787.81	778.88	769.75	758.50	749.38	741.31	732.56	725.00	717.69	710.44	703.31	697.12	690.75	683.81	677.19	668.81	660.75	653.62	647.38	642.62	637.88	631.75	629.25	626.56	620.44	618.75	612.75	607.25	604.50	598.44	592.50	587.25	579.50	573.88	567.19	562.12	557.94	553.88	549.56	545.31	540.50	537.00	532.88	528.88	525.38	522.25	519.75	517.00	514.31	511.25	507.50	505.00	502.12	498.75	496.25	493.50	491.00	488.44	486.50	484.94	482.25	479.75	477.75	474.69	471.56	467.94	463.31	459.56	454.31	449.75	444.81	439.69	435.25	430.25	425.25	420.75	414.75	409.50	403.56	394.00	386.19	375.12	359.44	346.75	332.19	320.88	305.44	279.75	259.25	232.50	208.56	190.75	172.50	163.44	157.88	155.75	155.88	153.75	150.06	148.31	146.81	145.38	141.44	135.00	127.00	116.62	108.12	99.25	89.44	80.69	72.25	65.00	57.94	51.75	46.19	40.62	35.38	31.50	30.00	30.94	35.50	42.31	46.00	53.62	59.00	65.19	76.56	91.19	109.00	130.94	143.81	150.94	151.75	165.94	203.06	238.31	276.88	292.19	298.06	305.19	315.19	320.94	311.88	295.62	279.75	274.31	273.56	262.94	236.94	198.62	151.62	112.50	74.81	43.50	25.75	17.19	26.06	49.12	92.75	154.50	217.00	266.31	305.62	343.31	373.94	394.44	413.81	428.62	439.44	442.25	442.94	445.75	445.62	432.38	426.19	436.38	462.62	478.38	473.94	448.25	423.06	392.31	363.88	343.19	335.44	339.19	349.12	351.62	334.56	298.75	280.06	299.06	358.50	413.44
1342.75	1337.50	1330.75	1325.00	1319.75	1313.00	1307.00	1296.00	1288.00	1281.50	1270.00	1256.25	1247.75	1253.00	1253.75	1252.00	1255.75	1260.00	1258.00	1258.00	1255.25	1255.75	1257.75	1256.25	1253.00	1250.25	1246.75	1244.00	1240.25	1236.50	1232.75	1227.00	1223.25	1218.50	1212.50	1207.50	1208.75	1207.50	1205.00	1201.25	1197.50	1185.00	1166.50	1151.75	1126.50	1100.00	1067.75	1025.75	987.00	951.00	920.00	900.75	889.00	878.00	867.00	857.00	848.00	836.50	827.00	817.75	807.75	798.50	788.75	780.75	772.00	760.00	751.25	743.75	735.75	728.00	721.25	714.00	707.25	702.00	696.00	689.25	683.00	674.25	666.75	659.25	653.00	647.50	642.75	637.00	634.50	632.00	626.25	624.75	619.50	614.75	612.75	608.00	603.00	600.00	593.00	588.50	583.50	579.00	575.75	572.25	567.75	564.25	560.00	556.50	552.75	548.75	545.25	541.75	539.25	536.50	534.00	531.50	528.50	526.00	522.75	519.75	517.25	514.50	512.00	509.25	507.50	505.75	503.25	500.75	498.00	495.50	492.00	488.75	483.75	480.00	474.75	470.00	465.25	460.50	455.50	450.50	445.50	441.00	435.00	429.00	423.25	415.00	407.00	395.00	380.25	369.25	357.50	353.50	342.75	318.75	298.25	270.75	247.00	229.00	206.25	191.00	180.75	175.25	173.50	170.25	165.25	162.75	158.25	153.25	144.25	132.00	119.50	105.00	95.75	87.25	78.75	72.25	65.50	59.00	51.75	45.00	40.00	35.00	31.25	29.25	30.75	36.75	46.75	61.25	72.25	87.75	102.50	115.25	133.75	157.00	184.75	216.25	234.00	240.75	233.50	238.50	274.50	311.25	350.00	364.00	367.25	370.25	376.50	380.00	370.00	356.00	346.50	348.00	354.00	353.50	334.25	297.25	245.00	196.50	144.75	95.25	60.25	25.25	10.50	12.75	34.25	75.00	121.75	165.25	205.50	251.25	290.50	312.50	327.75	339.75	353.00	362.00	373.00	383.50	386.00	370.50	358.50	367.00	394.00	406.75	389.75	345.50	307.00	267.25	237.50	219.25	214.50	219.75	233.25	248.50	250.75	229.75	212.00	225.00	288.75	356.25